# Fix print output for fix printTemp
0 309.99999999999994316
100 317.52878670398547456
200 306.45342752777594342
300 317.82225153415066643
400 299.44126778527993338
500 319.65061085393710982
600 319.33284905977291146
700 318.38538123398666357
800 322.26077573035695423
900 316.80357377715694156
1000 312.39947037054992052
1100 317.31965471167836768
1200 313.37798541285542342
1300 320.30458105460348861
1400 322.5472051100941826
1500 310.3102011096913202
1600 308.71447098346533267
1700 298.9479268001423975
1800 304.6294572363063935
1900 317.32700517521300299
2000 299.38244274672211986
2100 311.10151408779915982
2200 319.75346963768657815
2300 309.84594922961224484
2400 332.1794986753111516
2500 321.86236098911865611
2600 310.83717854723602159
2700 308.57963016417414792
2800 299.66819256081504363
2900 295.85581623525882833
3000 319.57336388647189551
3100 315.96686493182812683
3200 303.06035696419729675
3300 305.62048693525036924
3400 308.08357350073418957
3500 299.44164906602583187
3600 302.7721592275081548
3700 305.08114370295987783
3800 308.28329495306212493
3900 309.33430844546040817
4000 327.02453548629819124
4100 306.4342021360431545
4200 323.56032478176632594
4300 323.28111274989805679
4400 308.82428873185909879
4500 304.27948256762482515
4600 327.02758866347221556
4700 313.78573050044082038
4800 300.90227159132570023
4900 300.47597153511196666
5000 306.59244231598751185
5100 298.80586887772523141
5200 319.40345759433392914
5300 321.79022246762457371
5400 317.92380831564378241
5500 319.51847076938867076
5600 313.3875264045607878
5700 311.14196414191872009
5800 289.5421125788086556
5900 308.97549206876249173
6000 323.14442118230988399
6100 311.55847925983294999
6200 309.40345055841925159
6300 301.56805944437087419
6400 285.41538018386677322
6500 309.57423096783287519
6600 315.51623334570052748
6700 301.23919088717747172
6800 316.59332644929952494
6900 305.85690880558757954
7000 295.52379869039680216
7100 310.65208538823912932
7200 319.0896621478087809
7300 305.61330659617453875
7400 301.76289413953145413
7500 295.37638514373077214
7600 302.31540865389365536
7700 321.03659493470826192
7800 315.91562733190710333
7900 310.51758208317579601
8000 311.756892097062007
8100 296.53377713855360298
8200 317.38340031386826467
8300 321.53148629147869997
8400 300.41412342754006204
8500 305.5732914007133445
8600 324.87044068809325381
8700 304.3286848127711437
8800 310.13282894905631792
8900 317.00016411280296325
9000 320.07020944629880432
9100 308.90545583704158616
9200 312.66365239941717391
9300 301.22597778088760379
9400 318.96058656824061472
9500 312.9326262150972866
9600 299.34735008114444099
9700 291.39235882738859118
9800 305.67980252482021797
9900 296.24211873102296977
10000 305.22975434225946856
10100 320.01190818971218732
10200 303.27236776682985919
10300 308.29604026469507971
10400 316.49586479635229352
10500 303.66176561283816682
10600 307.50582396899261539
10700 324.32062129052360433
10800 296.87956393942312161
10900 314.75202481997314408
11000 309.01789245020160024
11100 314.30666971602033755
11200 299.78607435415608506
11300 309.87245438048347523
11400 312.29750801515552894
11500 309.5825457565031229
11600 307.77994583377295612
11700 319.81905007520907702
11800 309.73266276796863394
11900 307.85690593700945783
12000 316.23495056592003039
12100 300.54197712075392701
12200 300.57013773748599306
12300 316.30822542257521945
12400 320.09559970014367991
12500 328.06445138367314485
12600 323.06219121787449922
12700 322.55397766818805394
12800 311.07716763440765817
12900 307.69153391798840858
13000 315.02403594168197287
13100 320.82614831812639977
13200 314.08411042652153355
13300 323.97399274417148263
13400 303.81990897569130539
13500 310.72881397231668643
13600 308.66352306249194726
13700 314.6990255926265263
13800 328.92887052680828219
13900 326.71640408119679932
14000 315.6777647518946992
14100 300.49830289561737118
14200 294.83473920629819531
14300 307.11638723430661457
14400 331.06270930815321663
14500 318.21488152367498969
14600 307.66939649732029238
14700 292.9306720610787238
14800 316.63661381634693726
14900 319.77903586877437192
15000 298.25615610328230787
15100 294.00343779871241168
15200 317.36380493364259792
15300 312.88695648612269906
15400 300.15162773043840616
15500 296.1412719769481896
15600 301.55063463918816069
15700 319.81542974206291774
15800 326.16162442442691827
15900 315.39757221505345797
16000 310.95284332607889155
16100 303.5293135895436194
16200 312.86706693983700234
16300 310.98131098125219296
16400 300.72901062306021913
16500 310.54976891313572196
16600 324.82786949596595605
16700 315.82551581767228299
16800 327.0237993588141876
16900 313.42792745318240577
17000 311.53252615828432681
17100 300.75135763017163981
17200 300.05669315295261868
17300 304.71896728825043965
17400 309.61538808841640957
17500 311.12494137733466459
17600 315.16866970132122105
17700 307.32819143654148775
17800 316.14933332992580972
17900 305.63074392278883806
18000 302.39513619211527384
18100 313.69225859841390047
18200 313.02843675731105577
18300 286.37760711736206076
18400 324.47105401550641091
18500 322.13076971547542371
18600 308.56537642857477977
18700 317.10827594670166718
18800 297.32937640230255738
18900 305.84363279611983444
19000 318.06019650643423802
19100 322.25526805055716295
19200 320.35889237996548218
19300 297.85931464744379582
19400 298.28297683713361721
19500 305.25977315140954715
19600 328.85382684176477142
19700 309.61641600697441845
19800 300.47122689696209363
19900 305.94750737822442943
20000 311.92632244428352806
20100 312.1850596703882843
20200 298.64494938847116146
20300 308.10481027334941473
20400 314.79074386342199432
20500 308.96563774578095263
20600 301.13695613327701039
20700 298.28056745469325506
20800 308.13875915293175467
20900 311.64071091676311198
21000 307.42816806651154593
21100 315.05785070451480578
21200 304.63821431006834928
21300 297.33887256951072686
21400 296.69023676652943777
21500 308.20722751261996564
21600 308.1902178796835301
21700 310.0127121771598695
21800 305.59429248358628683
21900 314.111887297754663
22000 308.78602672055262701
22100 312.41902231112322852
22200 307.04739084616977607
22300 317.17753552169693876
22400 314.45780711656391304
22500 307.87835033285261943
22600 292.40461572209255792
22700 310.33899152615697403
22800 307.73801347763748026
22900 306.61326072911953133
23000 304.22912655877570387
23100 314.84827943547134055
23200 311.5289976944228556
23300 294.34254864961178555
23400 307.5223061044290489
23500 327.64386647126133312
23600 286.22784075784602464
23700 305.63382846849498264
23800 310.07219707124653496
23900 324.4297961843514031
24000 313.37518203983688636
24100 307.13451762948142232
24200 322.41202399457904448
24300 308.37168539874249973
24400 318.18698057639153376
24500 306.40920088073409033
24600 312.26880916865928839
24700 304.65909805083202855
24800 307.45936420079374329
24900 324.63131096392191921
25000 307.6524577455331837
25100 320.18312375129528391
25200 316.23029593287458283
25300 304.55092067474299711
25400 335.16034375564072434
25500 291.7694482748437963
25600 300.73697288259165816
25700 300.49754575597501116
25800 299.4961054248898904
25900 336.64423666682318981
26000 314.533887674413279
26100 319.30056797614940933
26200 304.71040982986204426
26300 308.91514556277735437
26400 307.09095669564760556
26500 299.59124689964505706
26600 304.1045674434404873
26700 321.71596777137017398
26800 322.04825617620605271
26900 295.72995968653879117
27000 306.98623822774936798
27100 312.71361274654543649
27200 297.7280770923197224
27300 298.82655850997770131
27400 309.23989258174816541
27500 326.64177168689570863
27600 321.53789634127366526
27700 305.77749125370729644
27800 296.21332460102752293
27900 310.33813504748547984
28000 314.07134429940646214
28100 322.77343324680407477
28200 306.33222822201167901
28300 300.64018571982029471
28400 308.60759244843836768
28500 321.59382773255481425
28600 323.9902979241589378
28700 313.64938726319195439
28800 304.29695949925860532
28900 311.85257284431503422
29000 314.2384334062970197
29100 299.43274610088002419
29200 305.57644324392117596
29300 314.21812775508448112
29400 301.02444600142212039
29500 304.97592164399975445
29600 324.90555281104451524
29700 322.10625582636936315
29800 305.68404875499879836
29900 300.27290425271843333
30000 294.41822551462905722
30100 313.70764669566295879
30200 298.6675288844651277
30300 305.26357387961013501
30400 314.32104842092508079
30500 315.99524337945302932
30600 323.22342426340338761
30700 298.70303705684727902
30800 311.60252826835517226
30900 325.55319741187861382
31000 303.17634844839801644
31100 312.02690348552727073
31200 320.90022887560616027
31300 331.30373917931353844
31400 313.9984311497513545
31500 315.16776850020551137
31600 311.97504938128486174
31700 296.42065526160655509
31800 307.13193621526789912
31900 305.28589879249852856
32000 324.51837189311061138
32100 314.10788022933360253
32200 305.83453627722639112
32300 311.32722515135623098
32400 306.0830937629265236
32500 314.23573085371037905
32600 303.51727656707532788
32700 317.75276820166374137
32800 319.21410942162714264
32900 313.8240736783726561
33000 298.61805370758264644
33100 308.18559544135081296
33200 313.18337273494563533
33300 329.58896274206887256
33400 317.23627910956281539
33500 307.0883862523287462
33600 305.18066026447439754
33700 316.65051709546708025
33800 307.43440098192462528
33900 306.00687975985181311
34000 311.10534814673690107
34100 308.93289179588089155
34200 321.08791595599421953
34300 294.96825514832255521
34400 303.41397108335593202
34500 314.14209195193910773
34600 339.64897348298342195
34700 318.67240998872858881
34800 311.86670075858017981
34900 320.62857206399610277
35000 306.54487912618787959
35100 318.49931376277305617
35200 316.73109361857217436
35300 311.50388849425110038
35400 296.22943639182489051
35500 299.31605422177392484
35600 317.48250679468918634
35700 340.35298470248352487
35800 295.69508127926695806
35900 301.22073096618328236
36000 307.61304303838301166
36100 317.45408810647359132
36200 317.82099971017021289
36300 314.1938857010754873
36400 307.30397920939526557
36500 291.70598930989098108
36600 319.84382592177064453
36700 312.6658330413904423
36800 323.45365838116322266
36900 317.25769113546675726
37000 311.14103385960152082
37100 300.7003519752161651
37200 322.84168011249226993
37300 316.15588988768138279
37400 306.92743683909475294
37500 313.24824490497695706
37600 285.98587543758412721
37700 315.80486219483987043
37800 310.79122223084124244
37900 317.60076234580924393
38000 318.64790626585659084
38100 305.80294017432674991
38200 292.06527005057398583
38300 322.46508748794565236
38400 301.7701120946140918
38500 307.31341064107994043
38600 311.04084552583680079
38700 309.47337591671015389
38800 317.56188223276961935
38900 320.98633354986861832
39000 304.14318361374228061
39100 324.51410109529979309
39200 307.91579723281233782
39300 311.33475248729183704
39400 299.96834971794618241
39500 295.12869032471024866
39600 311.97765042389249857
39700 312.10018052849665082
39800 320.02983553426730623
39900 327.05355196256721229
40000 293.57408651519222076
40100 296.59734695145607475
40200 321.36647937905678418
40300 300.10280469883292653
40400 327.51322629317763813
40500 318.54634597624624348
40600 305.89366716094275489
40700 287.01716600339045726
40800 320.25754379617433187
40900 306.53039809350696032
41000 312.42265628332427241
41100 311.0217233787759028
41200 297.5901868029019397
41300 312.21569306457723769
41400 319.21643998873969394
41500 320.3365587396627916
41600 310.16500849614254776
41700 299.01825912644056871
41800 305.27745354230933117
41900 315.92790608306484046
42000 324.19954469445178802
42100 311.87905205913557438
42200 293.41354290462902554
42300 316.46459765416994969
42400 309.74918791071161195
42500 306.92649995228839543
42600 319.45390087545348479
42700 310.70904968582527772
42800 324.91851158563656554
42900 305.61484952192347464
43000 305.29477816564667592
43100 323.08563552116072515
43200 305.17203258053228865
43300 311.80466540657829455
43400 322.20190073524059926
43500 301.14407420986856323
43600 290.77725405660862634
43700 305.82296489539442064
43800 314.08451167531353576
43900 303.65376016571951823
44000 316.76295295885307723
44100 312.30939905593487538
44200 303.11987461150869194
44300 305.4949559055249324
44400 305.10745108233101064
44500 301.71634496280398707
44600 321.44739544341103965
44700 309.94836155530208543
44800 295.7362944138026819
44900 306.7700463370028956
45000 313.95794921435651759
45100 309.18858138347110298
45200 308.059908603432973
45300 319.06902974673397466
45400 317.3046381221299157
45500 295.16281470131514197
45600 306.40873582469635039
45700 299.65587702636065615
45800 321.63361815941726718
45900 307.72527680854369692
46000 307.74092725665167336
46100 315.72520533769164786
46200 312.80027723856125021
46300 303.58907469656088551
46400 304.96659541555470696
46500 300.8649691311436527
46600 307.29039247691594028
46700 310.19805845763295338
46800 303.76590620787141006
46900 303.53869805305373575
47000 289.8216969999111825
47100 307.81629170473001977
47200 315.47304310821004947
47300 311.36878876639838154
47400 313.18532076430210509
47500 308.08663304290973883
47600 308.81713944510153169
47700 299.6491340546405695
47800 316.83326065655330694
47900 299.31909342002489893
48000 296.12809591474211857
48100 305.52660337011229785
48200 320.1900631859382429
48300 308.43596826913289988
48400 298.2862398365642207
48500 304.23934347585282012
48600 320.55548261790431752
48700 311.83397439818565999
48800 298.88445736755039661
48900 313.70696104385990566
49000 303.56672355945045183
49100 299.96103778302619958
49200 327.17338019646120983
49300 304.32973692729910908
49400 309.0693288307740545
49500 321.93089071806281254
49600 308.83570603705055646
49700 299.28272622219549248
49800 301.88965349205108168
49900 316.39550767347952842
50000 320.78745100760301057
50100 310.9618112288015368
50200 323.1420979936381741
50300 316.92875457894371038
50400 330.02812192941121339
50500 314.76970572983327656
50600 323.03741115818650087
50700 314.13740725601110171
50800 300.47528330301815913
50900 304.66353463778261812
51000 310.78240745260148969
51100 315.77149746648314022
51200 309.15120709879118976
51300 305.85247218199219787
51400 322.72216942594565126
51500 311.02150087861241445
51600 323.41952427470141629
51700 301.17366841803402622
51800 320.31618690643279024
51900 310.8657993819837202
52000 297.91848918188736661
52100 310.06543766946333562
52200 320.35425697793192512
52300 313.04977355460692934
52400 308.30101822885461615
52500 311.94955369969926551
52600 301.75058852308922042
52700 303.50665114369320463
52800 308.52783143936534316
52900 298.22122967161840279
53000 303.02125658434152911
53100 306.15655207271862537
53200 318.33592254023733403
53300 313.99406491049188617
53400 303.25987284139137046
53500 313.89907134495280161
53600 318.78423097806296482
53700 314.44754770860276949
53800 292.02246417365711295
53900 293.92819998708745288
54000 303.84148458194346176
54100 314.79049716719526941
54200 324.60839729620062144
54300 302.82384079644396024
54400 315.91977323867831728
54500 326.20999925886087567
54600 308.71575247470047998
54700 305.14261040214927334
54800 320.64452065122549129
54900 304.18153441429490158
55000 297.37765261123450955
55100 307.89654745382756573
55200 306.0728353418959955
55300 313.40364132644396022
55400 306.57413157124295822
55500 293.45804527226709979
55600 312.04781722126159593
55700 307.01526792622320272
55800 313.42203606256902049
55900 309.01062293980066897
56000 309.02110235734363641
56100 326.43171093170110453
56200 304.50305251375885973
56300 321.70382437121509156
56400 303.71895958254901871
56500 300.47698843679324909
56600 307.53084238885418245
56700 319.90045154308950259
56800 307.05110623939464176
56900 313.82507117340884406
57000 314.19020135070741162
57100 294.06449133302868404
57200 316.1717973831568429
57300 308.59606801172031965
57400 303.63626463856928694
57500 304.68420623480739096
57600 326.91212732531886331
57700 317.02244974342920614
57800 318.75512299483648349
57900 296.57555065936014671
58000 297.02155115874450075
58100 299.92355332904338638
58200 305.68550584630537514
58300 304.17145943310475786
58400 294.34044289423258078
58500 311.38965781618850315
58600 327.26096265868977753
58700 319.41180879440202034
58800 321.46762359656707986
58900 326.97929348872162336
59000 311.61705973633343092
59100 298.44494925877773994
59200 301.01007790907033268
59300 301.2488623228601341
59400 307.2462926360850588
59500 307.06832027516770722
59600 324.4346383599836372
59700 320.36218010389154642
59800 304.90164213218372424
59900 303.69708347657905279
60000 307.59560346957283627
60100 319.38526131237415484
60200 317.59959553424050682
60300 313.64390619942838612
60400 315.85946639868103603
60500 315.56270876364601463
60600 334.02117516644557327
60700 310.69856820841857825
60800 309.19586621762510958
60900 333.17221597713199799
61000 305.13912870377896525
61100 305.36741380841306182
61200 314.18165439457669663
61300 307.21377861182094193
61400 293.60181942153252521
61500 310.78906951890962773
61600 341.42130284332642987
61700 312.93899084330115556
61800 303.11367322476985464
61900 304.02776497682515355
62000 343.60868029113936473
62100 301.36583997785527345
62200 306.80729506548254903
62300 317.42529572165875607
62400 309.35557828177371675
62500 319.15160234889339108
62600 311.98788398062197302
62700 306.30057869580843999
62800 313.55078197301764931
62900 308.56815323869528811
63000 309.99293342656756067
63100 299.01301968108487017
63200 326.22541046838904322
63300 299.50613998260695325
63400 301.77815820871984442
63500 330.4178751462549144
63600 311.33155643424817072
63700 308.65608584205688203
63800 307.23065035356688668
63900 302.160581190214657
64000 320.89323789425128552
64100 323.52869146737708661
64200 304.04700227075028351
64300 300.62818962176777404
64400 314.53185588838539388
64500 309.1069918605452358
64600 314.91981941546521284
64700 310.97957324924595923
64800 310.98996117831205765
64900 299.71414222658410154
65000 303.53730688263010506
65100 310.45957663810060012
65200 307.18894969424570718
65300 309.45137990206012546
65400 318.98248304526885022
65500 306.32753712665299872
65600 316.06602094890217813
65700 307.05270530259804218
65800 299.69581143056717565
65900 313.73742038005917721
66000 298.12618850004184878
66100 324.76735802809844245
66200 308.24611846908658208
66300 318.51878245212014917
66400 322.5604407293834015
66500 310.745326352467373
66600 318.84136938999415634
66700 303.32441083572211937
66800 310.07339356007162223
66900 323.31846592287348585
67000 304.26122696314752147
67100 325.20843718839643088
67200 319.89878638676964329
67300 318.02319530791123725
67400 301.57015198879622631
67500 307.89996393863725643
67600 310.88658488897681309
67700 318.16352886687622004
67800 308.64814698329814746
67900 303.24473780322966832
68000 304.78231043636185404
68100 322.30591479034251279
68200 299.72154146941926456
68300 304.30845521543949417
68400 325.89329025971659348
68500 308.83243744589799462
68600 304.06129969017268877
68700 304.80117616235264677
68800 310.09196148360598499
68900 317.32303361047166845
69000 313.03536487160613433
69100 295.52533180972289983
69200 308.27325651029769915
69300 307.0865052374471702
69400 320.91670124713937184
69500 310.52562714492472651
69600 300.24459150248617334
69700 313.6430324250781041
69800 313.00325275508862433
69900 302.88076487112391533
70000 317.2250703221024537
70100 310.69911101977891121
70200 307.59416482284080985
70300 314.57838755214999082
70400 327.47237241899210858
70500 311.4174213980529089
70600 309.59490590143491318
70700 315.58511133270576465
70800 300.94017049912395123
70900 297.38100846090105733
71000 312.06912780039374411
71100 322.69923732044998133
71200 299.47961983759688565
71300 299.22063633989063192
71400 317.55673842903610193
71500 322.46304898717733067
71600 325.17468284714516358
71700 327.74612169647343762
71800 309.31499908152272837
71900 297.15822009988517038
72000 334.74887884026747997
72100 330.1342161129618944
72200 296.96921018457561559
72300 309.30343881877172407
72400 310.98145420546916284
72500 315.22577219063731491
72600 292.70724417313851973
72700 305.33483181430312925
72800 305.19001194874209659
72900 296.40772215379365662
73000 309.89687245088072132
73100 306.84311212322063511
73200 312.50015038412533386
73300 294.56402903432098128
73400 306.62047877079334057
73500 319.96076411557459096
73600 314.85678790470132071
73700 304.74159326723139429
73800 303.28726022623561676
73900 320.97309620243879635
74000 308.02249605166161928
74100 302.42705966834836318
74200 318.8882143662344788
74300 320.32569050511381192
74400 312.75089105818182134
74500 319.24262360834410401
74600 313.50887135538607708
74700 307.57258252049814473
74800 327.35320423381017463
74900 315.70590917565726841
75000 310.27302311195586526
75100 302.87987697363274719
75200 316.79730463519888417
75300 319.35097644829704677
75400 300.16881466324792882
75500 301.80097548793116857
75600 312.99090016748584731
75700 317.81960853569398751
75800 314.55185522130341269
75900 309.15554677490257518
76000 301.97179693757641417
76100 320.46547334597499912
76200 336.52387999732189883
76300 309.74522284095991154
76400 309.83126079362881455
76500 315.80684320590319203
76600 306.82684756563230621
76700 309.29583665306950024
76800 298.67201496182866549
76900 329.92314032331427143
77000 306.99636156970865386
77100 312.02284997121137167
77200 337.83802126780688013
77300 311.73698367716599478
77400 295.36064427601280613
77500 308.99193869095023501
77600 322.52680084564963181
77700 319.28426418167975953
77800 303.81387319174615413
77900 329.11698005699969372
78000 314.05287057535264239
78100 301.77965936751377285
78200 324.19310679798400088
78300 308.5133526738483738
78400 303.31627069169007882
78500 324.04272949157831363
78600 309.6948666326133548
78700 290.82209518131850245
78800 316.53938806824521635
78900 325.6108938102609045
79000 312.57721151305707963
79100 307.78191221649916542
79200 314.48953609426331468
79300 322.39166291473065939
79400 300.39556039181525193
79500 310.63806734193161674
79600 320.60779646632215645
79700 299.16792956625039324
79800 312.0411834384644294
79900 328.37192286536645724
80000 308.01208339985811335
80100 318.99235838460685954
80200 319.46275851618821662
80300 325.79292417149815719
80400 317.75633496535061795
80500 316.24990669354650663
80600 314.13929702411189737
80700 302.15392680877937437
80800 315.2196543115961731
80900 305.05488559563701756
81000 291.09170832008851448
81100 318.51568669833784497
81200 321.26329248527122218
81300 319.84644502761784679
81400 311.1269634991182329
81500 311.77828103345308364
81600 298.91888933167950881
81700 288.12509142232312342
81800 316.46750768654635522
81900 309.67185062218322855
82000 293.90090698794188029
82100 310.8670669738208403
82200 327.48834224483545086
82300 302.59582340018437208
82400 309.21250294445502504
82500 326.48333116271885501
82600 312.51205942146617645
82700 302.80680085296927473
82800 318.25115156044500964
82900 306.95521028825817211
83000 308.73354838313696291
83100 305.13263204146983298
83200 305.99260035194686225
83300 303.94157844605149421
83400 288.32497670982502314
83500 313.05032207416815027
83600 313.66081504897294963
83700 316.95635410212059924
83800 304.94324563944968531
83900 290.48411227354398534
84000 311.47007185362610926
84100 319.43105842360785118
84200 300.86284541066834208
84300 315.09523294468050381
84400 324.11993534330611055
84500 296.89344117837981685
84600 290.40173615397964113
84700 310.55204505643757784
84800 312.88360918402781863
84900 312.37695666071874712
85000 302.94894942911940916
85100 310.60546232306046477
85200 318.85510478198256124
85300 315.07563668409943602
85400 284.36628807506605199
85500 311.92823944020346971
85600 310.49377093029846719
85700 303.43951446251014659
85800 301.8589054613890994
85900 292.62101963569062946
86000 317.25021672788631122
86100 311.05246505696186432
86200 305.20619076419171734
86300 304.23590391729072735
86400 311.57277724505621563
86500 327.61345811701318098
86600 312.03081801813948459
86700 301.78401962549634163
86800 305.85725616456642229
86900 306.35754383456969663
87000 302.97899315830858313
87100 315.00065669298112425
87200 319.37754271030451036
87300 312.79148314672096376
87400 328.03413423085572731
87500 307.39734708837721655
87600 322.40561787406574012
87700 307.59708076343400762
87800 301.06817329153045648
87900 310.77616291187638353
88000 312.02737894188322798
88100 307.16742444994491734
88200 301.45109144026599779
88300 303.46587066668274701
88400 312.99823139667921623
88500 321.40834587052626148
88600 305.07509652225274976
88700 301.61493866427173316
88800 308.12353702619026308
88900 311.94563787726212922
89000 313.6759598937503597
89100 326.69552973794424133
89200 319.99108358384012263
89300 308.22807430862172851
89400 306.31775261192228754
89500 309.83663328871250542
89600 329.75548948348546219
89700 307.89824326710731839
89800 313.5707781802923364
89900 311.32237663433699026
90000 302.38834461600004033
90100 304.69131074884478494
90200 314.6643051629182537
90300 316.07015113377758553
90400 320.33682349476003992
90500 315.60999278834873394
90600 311.46466987572517837
90700 304.01466390319001221
90800 310.62026002118341239
90900 310.31429703651360796
91000 323.05533473390698873
91100 318.62590672074833265
91200 302.89648087770302709
91300 298.89946955948272489
91400 316.35948265897047804
91500 313.4969273870049733
91600 303.84494280071152161
91700 297.74010289679614516
91800 331.98290433704880797
91900 314.21226616430300282
92000 314.04912137996569754
92100 305.27155593961379054
92200 292.29948905649638391
92300 305.38840936663694947
92400 310.66610365644407921
92500 311.30385146730606039
92600 309.32152552526997624
92700 315.98589783376792184
92800 309.16963383231865237
92900 303.60203004036912944
93000 316.3106654812768852
93100 312.15093370436136411
93200 297.69520340909491551
93300 304.97038443205053682
93400 324.19050623907986619
93500 304.9401785138966261
93600 310.884260051956403
93700 303.65709081283722526
93800 324.3169052155314489
93900 311.20265637366850342
94000 293.37865845606989978
94100 295.10940507028237789
94200 309.04345990111431774
94300 313.00284390420085856
94400 319.71498346758249909
94500 311.48950214745019593
94600 323.37821250286100394
94700 319.2357397361683411
94800 295.57598162029159994
94900 303.59556690562743597
95000 312.60430441435437388
95100 288.79360497406116792
95200 304.05676428685461588
95300 316.15337250214173537
95400 299.10791817379680424
95500 308.03718064601270044
95600 306.88843159933742299
95700 321.3107454974019106
95800 323.01622546936624758
95900 296.75763111410134343
96000 304.84556203898893045
96100 334.73838718233793088
96200 296.05669997403379057
96300 304.52881614704602953
96400 313.55951514513162692
96500 329.84711272749109412
96600 308.38108633116883084
96700 298.33457104309826491
96800 314.67124422593963118
96900 310.51288352203471277
97000 307.16707408131912871
97100 300.36525761383330746
97200 301.65592236266132886
97300 311.74597575021590501
97400 297.14900916018893895
97500 304.90124721536255947
97600 320.41839452942713251
97700 310.79478233157664135
97800 315.16629864224540825
97900 314.22945744331144624
98000 310.62101970987635013
98100 304.33077724620147819
98200 306.0231537482782187
98300 316.44229578479109932
98400 306.72459394194783044
98500 301.03884032843899377
98600 306.36714271604796522
98700 309.35844933672933621
98800 307.39571619912828737
98900 308.23163992958359358
99000 315.17547823772491711
99100 305.05032133308139919
99200 306.82345401713649835
99300 321.30763182298159109
99400 315.77627074003362395
99500 307.2348445832568018
99600 302.02717903473484284
99700 308.50850684582661643
99800 313.59720155141610576
99900 318.4618332308692743
100000 292.05151471630898641
