# Fix print output for fix printTemp
0 309.99999999999994316
100 316.12596002316928434
200 319.55054306458345081
300 323.01758772047651291
400 294.89216910737445687
500 294.45996065907974071
600 328.4465500908231661
700 305.85278378741554661
800 304.95332104713071431
900 296.23175808025939659
1000 312.63228717727002959
1100 313.32041454758228838
1200 318.83886122234247296
1300 309.8000144042298416
1400 292.12763312536139892
1500 311.00528832455165684
1600 334.39020413067072468
1700 306.01144147560631836
1800 311.53466388974675283
1900 330.22186099660956415
2000 305.5569003159115482
2100 306.67283703017824337
2200 323.54470607022881268
2300 309.14686684165752695
2400 321.26566705896561871
2500 321.73204342071397832
2600 318.26826816158592237
2700 308.54201615177913709
2800 333.39856842229181666
2900 303.88225501416161478
3000 315.40675008524834766
3100 311.45188936888945364
3200 311.54758658568857754
3300 308.45617324431543693
3400 298.48909795074206386
3500 304.02039283633416744
3600 307.93954316952965655
3700 306.89986173305487682
3800 321.95360871174398198
3900 309.39567376974844137
4000 304.46436083589566124
4100 321.6628327988173055
4200 327.69685489924415833
4300 306.27831797987170148
4400 304.13582726965285019
4500 312.28403387023416826
4600 317.19107684508753664
4700 298.95994907626760551
4800 308.23470817111996212
4900 307.95643529598544319
5000 320.71516277872109413
5100 321.59179264326786551
5200 309.22935134680045621
5300 304.36219309205921491
5400 311.65784890968177478
5500 305.90834232643527457
5600 316.79223110812961295
5700 312.28861994480894282
5800 326.21512036049523431
5900 306.71353618553223441
6000 305.4426479433408872
6100 308.09549121501771651
6200 322.16822463437353008
6300 312.8670318698817141
6400 318.29573885459382154
6500 325.51200211341421209
6600 329.50346909890367897
6700 326.38760596695243521
6800 310.00044762316775859
6900 315.93616841911011761
7000 316.40346122971772047
7100 315.79102397610944308
7200 321.68202511013078038
7300 294.59260837131733979
7400 324.53287440335685687
7500 327.79764819095163375
7600 313.17560880507807042
7700 306.03986129916006576
7800 311.82603598430000602
7900 313.275344426530296
8000 317.84600971251819601
8100 312.69621752732422237
8200 313.88123443558725967
8300 306.01395655542933127
8400 306.97186620606049701
8500 312.11527784398413132
8600 313.37255394179044288
8700 303.03047001741083477
8800 309.6671079757045959
8900 303.24659930932256202
9000 307.28842432478387536
9100 322.17126274733084301
9200 309.45622661459066194
9300 313.60219091683205761
9400 292.28729537170744379
9500 309.39090231230989048
9600 307.57689999666615677
9700 304.40305676889147435
9800 313.27672590462162816
9900 304.20060305294799718
10000 302.40227591286628694
10100 315.1208149859637615
10200 317.32755531903711699
10300 308.31958572260566598
10400 310.10607719448495345
10500 302.09445976399041456
10600 299.4734851116278378
10700 305.63961647101552899
10800 321.57205362225391809
10900 314.27804479097090962
11000 308.686927490467383
11100 293.5247113189607262
11200 313.92962948541196511
11300 307.57266375299911942
11400 315.76286707884486304
11500 327.00803573519664269
11600 325.80158495644064942
11700 307.04846103112873834
11800 306.3066129570929661
11900 296.39638806988807573
12000 296.53297718264838068
12100 308.21344398287595823
12200 303.1785034097292737
12300 316.18206633706938646
12400 309.24175845577769906
12500 316.47136610416993108
12600 325.64922450170280399
12700 303.57071148469907484
12800 309.09821378616840093
12900 321.0094557407130651
13000 323.88399680228422994
13100 295.34203493461086509
13200 311.61426519240228572
13300 309.59299918397459805
13400 308.23663946125611801
13500 306.82935777092603757
13600 308.00401622290354453
13700 312.97557132387430556
13800 303.15748385860439384
13900 300.73311962292092403
14000 303.33834759489610633
14100 311.07423869108748704
14200 314.9458272709507014
14300 302.56757314214860344
14400 296.14349264467909961
14500 286.83347772897462846
14600 315.75554774644012923
14700 344.16243754845675085
14800 297.84437877675446771
14900 311.5653678898181056
15000 321.41074969088100488
15100 299.92750540757339195
15200 294.28698030862278756
15300 307.06240319464973254
15400 322.03383090303435665
15500 314.07479208776038604
15600 307.91029742614961151
15700 310.90615666281610174
15800 314.49680611249158346
15900 300.87246764143293376
16000 302.10252154030007432
16100 316.53103501933571806
16200 308.59010541839808184
16300 294.39517119925517363
16400 313.01395892976103141
16500 316.09425323250064821
16600 320.4776625641873693
16700 311.2017327142110048
16800 299.87117902044315088
16900 303.6424887011824012
17000 316.85221984873305701
17100 311.63832403669044879
17200 305.3619905271370385
17300 315.78355359480042353
17400 314.2704834664521627
17500 308.0280372466589256
17600 320.88809192257821223
17700 315.0367003869812379
17800 325.32738927247515903
17900 320.25653642025571344
18000 315.11106570010099404
18100 313.86278290742876607
18200 293.64823331363754733
18300 297.02286218236878312
18400 316.91001719669395698
18500 315.88159495988730896
18600 307.39911655277637692
18700 326.40858187648234434
18800 306.64724137582680896
18900 303.30632781718765045
19000 320.95468257096916886
19100 307.51088129790008452
19200 322.5433973336357667
19300 301.60825851221011362
19400 309.57358772064259256
19500 296.54268355318271233
19600 301.31677166092100606
19700 305.6077719773487047
19800 324.37080614222907116
19900 311.7605309628565351
20000 312.54583261439472608
20100 307.74643455568769923
20200 304.77509144899295279
20300 319.96553784840295975
20400 323.11977707318527564
20500 307.63167485313061889
20600 303.10075901416695388
20700 321.37963871649640168
20800 329.26584188376870088
20900 314.09576580117840194
21000 313.64417278873463601
21100 319.96445314039118557
21200 303.60435823730915672
21300 310.02927226520000659
21400 307.64049227267349806
21500 294.01850119952530349
21600 299.7130472752084529
21700 295.6516304247043081
21800 308.73957424651428028
21900 316.05600501949953696
22000 324.93525951925886375
22100 324.3164354915295462
22200 313.22823804914787615
22300 311.98677549020544575
22400 323.12492944244684168
22500 324.06955702691118404
22600 301.0346351518143706
22700 302.5429742769515542
22800 327.12330251404529236
22900 319.52789032565254956
23000 311.13419080589784471
23100 314.65843148764383841
23200 297.54132912148384094
23300 302.42606077896368788
23400 310.00930474126585068
23500 292.0784055547327398
23600 307.45547675704591484
23700 308.59248391977843085
23800 308.49354071692158641
23900 317.38292961142093418
24000 309.36748288377856397
24100 293.30171893378019377
24200 304.75533753527298586
24300 305.67866041923639386
24400 320.24521462024063112
24500 319.11110549895187205
24600 308.16923774626343402
24700 301.88851298291109515
24800 306.92177197524102894
24900 297.13421168980397624
25000 298.19037162434040056
25100 315.2059527492404527
25200 322.29016991567954165
25300 301.884123956163819
25400 313.35635816159731348
25500 326.15545975482939411
25600 317.23898141121100025
25700 316.97468637204769948
25800 326.38083083345992463
25900 315.52313625902820604
26000 303.43338289506419869
26100 300.05452367707789563
26200 320.63733842021463261
26300 318.52894916940664416
26400 317.23945823399390065
26500 300.03753804150630913
26600 311.24648585056513639
26700 320.50055962650651509
26800 325.08184046178251947
26900 306.25845207318758412
27000 313.90026656665020255
27100 317.06064401976578893
27200 308.9952290735935776
27300 301.19902528219972737
27400 300.95354154454685158
27500 322.20048722542429687
27600 313.24986026620615576
27700 293.83197946781046994
27800 302.13317772323455301
27900 313.0903262894571526
28000 313.22697594932071752
28100 300.2613237811928002
28200 299.81652480481335488
28300 301.03891184497820177
28400 307.19438051987657445
28500 318.79980529364706854
28600 300.8839820378846639
28700 306.46923767965301977
28800 299.03467160310742656
28900 293.91878957044616527
29000 297.77991364666326035
29100 315.80300005325119628
29200 311.06259902861478395
29300 324.19616366486008019
29400 303.60020228476429338
29500 305.42494185662184236
29600 304.81012697231733455
29700 301.5112999180200859
29800 316.4860283437623707
29900 322.30200171332097625
30000 311.60453351397592314
30100 302.81700994847585662
30200 301.83082898543528927
30300 320.17866604200418124
30400 321.66746383756486694
30500 312.70565232996756322
30600 308.31039309787581715
30700 308.31586781520064733
30800 309.90807559619804579
30900 310.22204099751763806
31000 316.9017643483174993
31100 304.14720218936565743
31200 301.38360172385699798
31300 325.05213894462542612
31400 302.97816811456954156
31500 315.39204747511894311
31600 309.32133834697003749
31700 327.41608671092086524
31800 309.55281439233897345
31900 309.29888850148432766
32000 313.17869716558743676
32100 304.51391956758044444
32200 311.36225077681280027
32300 326.09130513040940968
32400 297.94451683413353749
32500 309.26717821042160494
32600 315.71525906817919349
32700 321.86275117658357203
32800 309.13156256110698905
32900 313.7056839374039896
33000 311.66714929353634034
33100 295.80804695706711982
33200 312.52194505606200892
33300 328.51762531571154113
33400 317.15759249193524738
33500 305.71323677506285321
33600 309.61531665431141391
33700 310.49148807094923086
33800 325.04614486883940572
33900 315.51924158414493604
34000 318.02220137151482504
34100 334.86041600023531828
34200 307.9218086173402753
34300 322.17231903335925836
34400 315.65578203707656257
34500 316.48496695749531682
34600 310.82389731729614368
34700 307.57584809049103569
34800 307.15156663472538412
34900 315.56535342131240895
35000 312.11603718131226515
35100 306.10409270268502269
35200 306.82252824845494388
35300 323.17998762455403039
35400 320.54582116685423898
35500 312.56832047067950953
35600 297.03636027313422119
35700 290.6281429716835305
35800 308.33408391557355799
35900 316.28912013834911932
36000 311.20268073271893172
36100 301.29416274094222672
36200 291.64671598487728943
36300 301.37685209807858655
36400 308.16074395069591674
36500 291.22466786163232655
36600 311.82146784562155517
36700 312.59880916977959942
36800 324.89076458168142381
36900 297.31284469449713015
37000 313.04194188027145174
37100 305.79953089850107517
37200 306.42202121947747173
37300 309.29171410528687147
37400 315.47592665705445825
37500 305.3070712950487291
37600 317.76094691464811604
37700 308.04474736325965978
37800 318.22095186023523183
37900 312.89217996404772748
38000 295.05979624948531637
38100 313.26546437619424523
38200 318.97625203750288847
38300 314.47671418102072494
38400 302.78969845205830325
38500 302.18831898987076556
38600 314.24796218683673033
38700 318.60430955626839022
38800 312.02149888472200701
38900 303.73636522163371865
39000 313.89387414847061564
39100 311.70049651934624535
39200 317.4121573111611383
39300 302.48599906076054822
39400 313.4057595196255761
39500 308.82697590821072708
39600 318.21782919881547969
39700 337.56378982500774555
39800 312.85137062947285358
39900 306.25443143176602234
40000 316.4013351123876987
40100 320.86773705552599267
40200 316.38407346682441812
40300 317.64551958875324544
40400 311.80606757132062512
40500 312.44329729612178426
40600 315.45859846502588653
40700 316.46350615789151561
40800 303.07199133427388915
40900 293.29858084294875198
41000 310.64493645312916215
41100 316.58236766037856569
41200 318.73967587509889654
41300 313.86932120896955212
41400 314.15347066355104744
41500 305.77503879347835891
41600 298.86669783880932982
41700 311.69401916468240188
41800 315.63585553987218191
41900 317.58336610120346677
42000 333.58750403406213536
42100 311.48566212715394386
42200 316.59102034744489629
42300 324.69784369563802784
42400 319.81087202790251922
42500 305.11616794704781341
42600 291.95049768576495808
42700 294.23693308574763705
42800 287.60033733506094222
42900 300.07316918003954243
43000 320.9283801353326453
43100 304.58549334908104811
43200 310.208789599261479
43300 305.48076865573273153
43400 297.62849294956561153
43500 308.38371507157995666
43600 313.17874969516481087
43700 299.8467623922799703
43800 328.11752972999209987
43900 315.4851496576963541
44000 308.01297650580818299
44100 306.00474159720056377
44200 316.74726758550121986
44300 310.16940367575972459
44400 328.52436271329196416
44500 311.5257169348180355
44600 302.46490320162456555
44700 304.36913282505662437
44800 319.26504928987861831
44900 320.40301618133213424
45000 296.97837191200244433
45100 301.29876170927542489
45200 309.28335518692756523
45300 305.08981945876217878
45400 306.3302258428047935
45500 304.00155666352412709
45600 314.99614640346294436
45700 298.61441335553996623
45800 317.5755855007303694
45900 315.41072594803222273
46000 300.99571208955268276
46100 311.28875904440297973
46200 314.86280052106951644
46300 300.02747148446252368
46400 299.71383263259150453
46500 306.29038772257035816
46600 320.33408125151362356
46700 319.90278585524669097
46800 307.98038949431645506
46900 292.58303785895770943
47000 303.22272225788657352
47100 308.12618090702562768
47200 310.06609477669599073
47300 304.05282374268642798
47400 317.00035036072631556
47500 314.07243242076964407
47600 308.29046668327441694
47700 307.56185512877067367
47800 302.90400495251128632
47900 324.63187047980920852
48000 308.07425609323030358
48100 316.78032593931646943
48200 313.81248607260567951
48300 318.08127324087098486
48400 315.41716775934690986
48500 316.40749222354969561
48600 309.13733300644918245
48700 311.265743173255089
48800 315.02288357006170827
48900 307.66520120683100004
49000 303.87698462092475893
49100 323.1958690633850324
49200 315.43471680608075758
49300 315.30253495973670397
49400 298.24736388461423076
49500 306.92839606623346072
49600 313.00472589097284981
49700 318.06059803522634866
49800 305.10342163890368283
49900 308.67609995320884764
50000 295.89966279314631947
50100 302.94778230938277375
50200 316.7418581231954704
50300 306.68397690529189958
50400 305.49973544232176437
50500 298.23275609144388909
50600 307.74076787490417928
50700 309.35456572194414093
50800 304.91202890854611951
50900 309.83811324598275405
51000 316.88243500595808655
51100 327.8172876241772542
51200 308.35940032369552455
51300 298.86714625704206583
51400 302.24228890162515881
51500 303.59420717744399099
51600 305.88743716706005671
51700 307.73931125594106106
51800 311.13237871130036183
51900 319.27008529341037502
52000 309.49881982849370843
52100 303.96941753555734067
52200 310.52977361841362836
52300 314.73493699579285021
52400 295.87498814778706446
52500 309.18934881624329591
52600 309.26757322824630592
52700 307.55413409404064851
52800 309.97235854844950609
52900 316.56853484992484482
53000 310.32161104772967519
53100 306.98438523819737611
53200 309.41794886916466112
53300 316.80226117497721816
53400 318.96432710005353783
53500 313.16186270341444242
53600 298.92463493068635216
53700 310.42861021459577842
53800 319.02039235061101863
53900 318.38676823785630177
54000 318.9204219244752494
54100 307.54573061313362814
54200 314.81447566523479509
54300 306.0429472228121881
54400 313.14586888626041628
54500 297.73417203186971847
54600 303.47775944270443915
54700 309.79441363900116357
54800 321.86816823914699626
54900 313.184031525999103
55000 301.94522462521456418
55100 331.76510147768823344
55200 309.07098001617481486
55300 307.94538456066663912
55400 325.64600838098249369
55500 297.74560143979527993
55600 303.90424368713649983
55700 329.09867500835235887
55800 321.86952140386637211
55900 303.61065082089555744
56000 294.5798518282596774
56100 313.37597293340536453
56200 309.73842659138665567
56300 315.26774025289245174
56400 316.9728699765595934
56500 322.37294287569443441
56600 309.64267466348184143
56700 312.86647064168232646
56800 294.15972665735131386
56900 305.68224693167184114
57000 304.59469893938910445
57100 316.98365984820145513
57200 326.3588857841645563
57300 314.50144948055117311
57400 298.51304222301206437
57500 308.82042220442622238
57600 306.76624630642186276
57700 301.59688014962159741
57800 304.75718722229953528
57900 304.91414657193098492
58000 294.47303218673960146
58100 310.78099975713780623
58200 314.12945947950339587
58300 299.56644149504541019
58400 297.17976197186436593
58500 315.40516447460032623
58600 325.36209877332936458
58700 322.45231484317213244
58800 299.69891840790177184
58900 327.31419287746007285
59000 313.22967094255653819
59100 309.8944144017532949
59200 322.75632894599294787
59300 306.49761741256622827
59400 316.30831469310214743
59500 305.91706924654448585
59600 305.28902885283753221
59700 310.13012867514208892
59800 306.70436506283886047
59900 308.66340745649574728
60000 321.09522113022245549
60100 307.43924118820939384
60200 306.45411179575756933
60300 324.30831326678548976
60400 323.79212941587013574
60500 307.47838857066273022
60600 316.66271414087827907
60700 300.48224471244020606
60800 313.84570200978265575
60900 307.74554504901271912
61000 295.10591720498678114
61100 325.11151167949304863
61200 306.11798156327103015
61300 304.58423185241480269
61400 317.04488062256558578
61500 303.9515291702543891
61600 309.81559957064422406
61700 307.19654522179882861
61800 312.9679884480682972
61900 311.44383144336705982
62000 293.94873045604674644
62100 313.79706231927139015
62200 311.92180633892513697
62300 325.10690610765198016
62400 305.43696779111371598
62500 304.65493668527483351
62600 329.79996164297523364
62700 311.96174244061433001
62800 316.66970683106251272
62900 316.00416113416099506
63000 305.92805924791241523
63100 307.29897466347432555
63200 308.00119409029724693
63300 313.81261167034574555
63400 304.5647668271102475
63500 298.96277641187646168
63600 302.20652501502593168
63700 321.01401170974799015
63800 324.16192887417076918
63900 313.8766663330557094
64000 289.68787488319588874
64100 310.55231485542884684
64200 310.60235261488821834
64300 306.82082505039187481
64400 326.25841581229775556
64500 307.23633796715034805
64600 311.85790653886294876
64700 308.2207038280448046
64800 303.70408530546239945
64900 301.73623261574209664
65000 309.41366796429792885
65100 302.89863038067625212
65200 313.36876866684639253
65300 314.70302137507758289
65400 301.52015516049505095
65500 331.60187151468431921
65600 314.93160995383351519
65700 299.25842752088908583
65800 303.31264949645259321
65900 321.58907818743750795
66000 303.63770055780571511
66100 298.24953607072205841
66200 325.8618829944835511
66300 319.16299945249625125
66400 316.27572786934968008
66500 303.45707671685244122
66600 299.24722024922397168
66700 311.38038868362343692
66800 315.5391738653567586
66900 303.60397962064217836
67000 330.28489083721495945
67100 315.72545099357012077
67200 320.91537522710552821
67300 307.64877297575219472
67400 298.46664336309072496
67500 301.17787717116078738
67600 321.66774837947303922
67700 317.43034164724673474
67800 306.61316275428964673
67900 316.30922725933550055
68000 296.41313975664979807
68100 309.79747706384421235
68200 322.12803102292332369
68300 316.43628382670038945
68400 323.41135090098708815
68500 307.54366047407643237
68600 312.81996183254307198
68700 293.84387896437175414
68800 302.35118697613717131
68900 307.24630592906794391
69000 317.05068118037621616
69100 306.62401199669164953
69200 308.21374477395647773
69300 330.13769716760060646
69400 307.20493536515039068
69500 293.34999187051971603
69600 304.52968555776169524
69700 311.15080731959920968
69800 308.39863902165080844
69900 313.94509131366464771
70000 320.05187749148296916
70100 316.41022412691194177
70200 301.86480443650674488
70300 301.02581161493014861
70400 319.54668233090700369
70500 313.63826896365355879
70600 306.11272498882385662
70700 296.40176694679342972
70800 317.85624822422738589
70900 316.24739242505677339
71000 317.47220380930593819
71100 300.56040309193741678
71200 322.41924994938415239
71300 329.49445024326695375
71400 311.78399216297930252
71500 310.65378185533614896
71600 316.70851535499588181
71700 297.93308749092869903
71800 305.30376555704248176
71900 321.85684683085736424
72000 320.83467432198813185
72100 318.23763664756182834
72200 315.2475891158614445
72300 287.94931438050917905
72400 315.64200750028561515
72500 292.51772501398528448
72600 308.52818742403462693
72700 302.68108878828792285
72800 313.70647078017384501
72900 314.89274819178217513
73000 321.97706700853370876
73100 309.56019950736504143
73200 305.44036928711216206
73300 298.62261540166662144
73400 317.12547297658221623
73500 316.12509592754167898
73600 302.45808057915411382
73700 299.59250659266297134
73800 298.23032740847207833
73900 310.74467376803499974
74000 315.88184072456562035
74100 291.65809921624224899
74200 306.56304156599651378
74300 323.57296498625237291
74400 321.04785596298830797
74500 311.82618238378552178
74600 302.25407115291949367
74700 291.58996948211455447
74800 310.85392032385124139
74900 303.6949029925080481
75000 284.68426106809039311
75100 311.3468965532273387
75200 312.22821795534349576
75300 314.36079412156749413
75400 308.07375711531210527
75500 317.89082268307043933
75600 300.39808446466480518
75700 320.26808193640812306
75800 302.52015201106797804
75900 310.87110015396081053
76000 315.02528140222887032
76100 316.13705415857663183
76200 309.13283297783794978
76300 334.89687584054246372
76400 312.93674945099877505
76500 307.56773967028084371
76600 311.51035696906143357
76700 320.08927130589535182
76800 303.74262370096818131
76900 319.38141394355670855
77000 316.89716998808751214
77100 321.06713379600051894
77200 300.35292659340802857
77300 300.30055645757738603
77400 324.08173221553323629
77500 303.42273475051837295
77600 317.10742324328299446
77700 316.432596590266769
77800 316.88219112809645139
77900 317.22518283843635345
78000 305.63974967295376928
78100 298.07854357328295691
78200 301.83365614896638363
78300 299.65598148081392083
78400 303.02003060139531954
78500 315.55362188518364519
78600 314.90981435452175674
78700 307.09302617397565882
78800 308.84142232394970051
78900 306.04037988642261325
79000 313.76545121118272164
79100 312.61076956582780895
79200 303.22175773205248106
79300 323.10149167854757479
79400 304.52251093070913157
79500 323.35461918887642696
79600 310.52345637867921369
79700 322.54513453221568398
79800 298.12385968743188869
79900 312.60635087529084331
80000 315.16680564638494388
80100 315.80143898441809824
80200 318.57215594314254759
80300 321.4468195726661861
80400 322.26547569638489676
80500 326.64873472096758178
80600 324.11875248895046298
80700 309.77964944680360304
80800 311.06144570610632627
80900 316.28550888630712734
81000 297.66961558471763283
81100 304.84924822880054762
81200 314.00311690988894497
81300 313.89243329557854167
81400 299.038892322378274
81500 298.97374960403726618
81600 303.41635665944846778
81700 304.45013747515486102
81800 305.5988769157444267
81900 320.0434219428878464
82000 313.17827012593090785
82100 311.84577831189943709
82200 288.606376354265592
82300 311.97008285014982221
82400 315.75263994600982187
82500 323.84414408080573367
82600 309.81152217333777799
82700 311.14716406426487083
82800 305.43682829549157987
82900 308.93834156518187228
83000 323.06042999905929491
83100 313.07982983249530662
83200 306.83025652226808688
83300 298.81440567996969548
83400 303.86310345313228254
83500 307.56991978565326917
83600 298.96564455547434136
83700 308.35060204653018445
83800 317.03769539079081596
83900 302.94635536626907424
84000 306.53840508925270569
84100 310.53997452974300586
84200 303.44524628204806049
84300 306.98548325935354342
84400 301.05336588844681955
84500 314.95512770110082101
84600 310.31604413116548358
84700 298.86442398505414531
84800 311.17691605175286895
84900 309.46139254655076911
85000 322.35446206896062904
85100 306.41397907290587455
85200 310.70405963564013518
85300 319.58721918634392978
85400 312.40173196912490994
85500 315.41722943047204808
85600 318.37866626705073259
85700 309.0973781924193986
85800 303.00243120624395488
85900 321.23016956388391918
86000 312.55263857124282367
86100 296.15010134719403823
86200 305.69149433184770714
86300 303.47980758030365678
86400 311.78535088658651375
86500 290.50099349789991265
86600 300.65014156404987489
86700 321.92844335152250324
86800 307.38470453214500822
86900 296.1930625892370017
87000 303.4907425167502879
87100 311.57806948217199761
87200 312.39669947093210567
87300 306.36793938137276427
87400 302.22971859910990133
87500 316.5722304320347007
87600 305.07235775493211349
87700 299.53361748764450567
87800 295.54416710046245953
87900 296.89143345097153315
88000 308.05993645935109271
88100 323.32027053754200097
88200 309.0201217293287641
88300 315.20275021094715839
88400 327.32923604641950988
88500 304.46131541910864371
88600 310.70758499873721803
88700 316.29950724997513589
88800 312.48877118146674547
88900 309.70820147619093632
89000 312.23506353000567515
89100 320.28168331889816045
89200 310.71582682257570696
89300 305.24518018091453087
89400 299.15269390064287336
89500 316.59904641894428323
89600 303.00312328622652558
89700 303.90696975633255761
89800 312.10991676757964797
89900 322.71783125391448266
90000 310.94442783901104121
90100 302.94811091908530898
90200 301.58799683250583712
90300 302.82898331032231454
90400 313.55921954151426689
90500 314.21242718800141347
90600 307.92645514729758816
90700 301.26035661433712676
90800 320.8180762828012007
90900 307.86301739919946385
91000 320.73989637374899075
91100 307.78298461138302855
91200 306.53135702231452342
91300 295.17065819201081922
91400 312.8156855393132787
91500 300.389719275692471
91600 303.5926919652891911
91700 300.8175906463817455
91800 305.76342137662561527
91900 316.39347926579017667
92000 330.24095924180761585
92100 316.66206497587631929
92200 314.02433277398461087
92300 299.74549261604715866
92400 299.2337152245754055
92500 315.69142856983768297
92600 315.34638595767023617
92700 303.64650901303605224
92800 308.26920235615375532
92900 308.59063627611345737
93000 324.42432806147138535
93100 308.95926504759103182
93200 308.05394953838396077
93300 310.49865705525189696
93400 312.6655193994080264
93500 302.97198777333812814
93600 297.40856756896181423
93700 309.07094744277287646
93800 306.23137999675572019
93900 299.35862226909750916
94000 306.89740233049434437
94100 290.68727972406634308
94200 293.24162956231873522
94300 310.78567236963039022
94400 311.04348411586653356
94500 290.82739291372109847
94600 310.92516090165355536
94700 310.100420968880087
94800 322.06394133773414978
94900 305.58030340599287911
95000 299.81953387405059175
95100 324.15964955791469038
95200 327.63944694369064337
95300 304.19189249183426682
95400 303.30274422327232742
95500 323.38782739292543056
95600 319.48306525291968683
95700 307.45126136838842967
95800 300.77602331503442201
95900 326.1764125592346204
96000 312.25756543820415345
96100 299.90272026878039924
96200 319.69088270724211043
96300 303.54641766602992448
96400 304.29288217714707798
96500 304.68598740641641598
96600 301.15315930354540797
96700 314.79828911989932294
96800 301.07524067510797749
96900 320.25753289661599865
97000 300.36169423189221561
97100 308.84436398504647059
97200 333.17282255041925509
97300 326.35745091821627284
97400 315.71711874124133601
97500 319.19742842387177006
97600 304.82614662037553899
97700 300.92109313993893238
97800 323.07395794505976028
97900 312.56343988846725779
98000 293.50329357606239
98100 294.73606356084894742
98200 311.12133795188651675
98300 289.06042000018209137
98400 301.34437068458362319
98500 311.05462516404855933
98600 307.58250688306674192
98700 315.01196831970696621
98800 308.97546012884964739
98900 307.31164274709993833
99000 296.40215041641533844
99100 302.89431790090770846
99200 305.66330738969230651
99300 296.22658291593216973
99400 305.85922900420371207
99500 325.82345891767653256
99600 302.72080243932043686
99700 306.16136362416744987
99800 314.61607269170076506
99900 314.93189270620899833
100000 299.48061934615685686
