# Fix print output for fix printTemp
0 309.99999999999994316
100 317.0326763941376953
200 289.47969702288980898
300 323.90916480750513529
400 311.14153680173217253
500 319.32561767859709789
600 323.69946961278208164
700 305.76188403629475943
800 310.02415997893513122
900 320.22676534050941655
1000 302.74327782283955912
1100 309.51109903701313897
1200 297.57820757390049948
1300 306.55690245629790525
1400 307.59798608373296247
1500 300.68755293153668617
1600 341.03429645908687462
1700 296.63643191266061194
1800 298.6594657376952
1900 298.3623835411183336
2000 297.92253959023446441
2100 317.81096070961831401
2200 310.75113927037824624
2300 309.57308561283468862
2400 311.65908212047025927
2500 313.5829284038474043
2600 319.92228297439498874
2700 329.31672800988997096
2800 307.27593460656100888
2900 312.14431085397114884
3000 327.34485616717893208
3100 315.50257875443423927
3200 298.26226192663233405
3300 301.81376198024048563
3400 306.27720594646723384
3500 310.38173348861960221
3600 321.10215194299706809
3700 317.80303185673045618
3800 315.06342749319856011
3900 308.48749462288270706
4000 293.16302123140411595
4100 312.66998480148782846
4200 310.03885428302629634
4300 308.38769685498732542
4400 320.54505009778301883
4500 321.53278611422263111
4600 312.65480887370438268
4700 316.83412888256299311
4800 324.30845128064271421
4900 308.96514282183863997
5000 304.91381071924200796
5100 309.52412272742066079
5200 318.37781294893881068
5300 325.30320122337218436
5400 313.98233148659295466
5500 310.29568135212673496
5600 311.75296054843710181
5700 318.41908665265890477
5800 316.40515110145486233
5900 308.12516334816388053
6000 310.09179986758056202
6100 303.46219690990272966
6200 316.07423708916127225
6300 323.88158209846341151
6400 301.6795692714388224
6500 317.02628557790558261
6600 325.45385558197273212
6700 314.49889790417529412
6800 318.22342378440117727
6900 304.82269911159966114
7000 312.70828202517742511
7100 342.94847169029844736
7200 312.90241158493739704
7300 298.39634769977743645
7400 312.77726117002862338
7500 305.75417518039921561
7600 318.86939183853235136
7700 321.23615230465225068
7800 308.02349338086833086
7900 299.19939521702752927
8000 299.45565948536517453
8100 294.58067082640224044
8200 307.07420806188338247
8300 315.43834622306701476
8400 319.63895247625828233
8500 320.17274015732454018
8600 316.63157563912682235
8700 294.72068536339077127
8800 308.92841835532323103
8900 300.29766536397966092
9000 307.00337940200410003
9100 297.38873111861914822
9200 304.69547220690338918
9300 311.55836813013110032
9400 306.02519012874506643
9500 310.73122338867307235
9600 324.19962684306187839
9700 312.17156861789345612
9800 319.85231965737199289
9900 319.229637744858735
10000 296.97705530231280591
10100 313.75214363279911822
10200 312.73570726816535625
10300 321.57566208096164928
10400 312.70332771967832741
10500 306.17862631012718566
10600 307.22558291720707757
10700 306.16810862296136975
10800 328.76167328304040893
10900 305.81736141026124187
11000 304.62850329589343801
11100 303.30007076702395352
11200 319.14859065346519174
11300 317.27325619135240231
11400 315.33584892120478571
11500 294.57899013654099463
11600 304.83327428893522892
11700 326.15889121409890095
11800 320.23102152101222373
11900 313.43633833027024593
12000 311.7405733835436763
12100 303.35382950984171657
12200 303.23608302070050513
12300 303.07154009966671993
12400 303.35168779194515309
12500 320.55892469972496883
12600 294.47253290342547416
12700 311.19315399564027302
12800 308.47965941767114373
12900 311.81775111079303997
13000 290.6841758600875778
13100 321.19477976591070956
13200 313.31052594233983655
13300 307.56913650621038414
13400 321.80236760416636344
13500 322.72421346209699777
13600 322.58693331777215008
13700 328.17528559008559341
13800 307.77376405435137485
13900 293.8627958747247817
14000 292.92305634684026927
14100 306.97091434499196794
14200 319.53006658306043164
14300 325.3512466180745264
14400 306.03834480975467613
14500 301.05071685034278062
14600 302.05140547042890375
14700 315.0866358071743889
14800 323.34262679300871923
14900 318.4877246605025789
15000 314.33389633273918662
15100 301.4001379495450692
15200 302.87908754506821651
15300 322.26739924714178187
15400 303.51930261233479769
15500 321.15349588305110728
15600 324.7148981149194924
15700 308.9244356218998746
15800 311.30687890422859709
15900 311.19386652895235557
16000 308.58525580233487062
16100 312.74338515099833558
16200 309.2636488117353224
16300 321.40542364864302272
16400 322.34956173106041888
16500 321.81432737255522625
16600 324.34019282274766738
16700 310.90665561239251247
16800 303.87326389421917838
16900 306.10369291127113911
17000 332.12947375163440711
17100 313.19828399952342579
17200 297.02138426192732368
17300 312.4935126134889174
17400 303.68649962307944179
17500 299.94951904359311357
17600 305.31703677673687025
17700 301.0888585750685138
17800 308.59858815420039946
17900 311.68720557963655438
18000 294.76132302665325824
18100 303.76667270754830952
18200 298.33443773744642158
18300 298.57244197486346593
18400 302.68389718070790195
18500 310.02928666498041821
18600 308.8878003157555554
18700 310.81313816310461107
18800 306.78245891901229925
18900 316.49546572359543006
19000 299.74337362972215715
19100 300.23920435121254968
19200 306.07431221736561611
19300 317.67471720341688979
19400 316.70154796076946013
19500 302.15784196902654912
19600 293.20949746756514287
19700 322.37962484851357203
19800 323.0793932286414929
19900 315.19288878201706439
20000 307.32810407897392224
20100 299.43709361252712142
20200 317.42414016708659119
20300 323.77744334725946374
20400 322.61428594160122429
20500 316.65109731523290293
20600 288.08811690168181485
20700 303.43078509665434694
20800 318.58275302013095143
20900 322.18433856818717231
21000 302.05071167009532473
21100 320.49011821258608279
21200 319.465981826930431
21300 307.91830282328606927
21400 317.87318800584267819
21500 315.1238275352050664
21600 316.88768880656937199
21700 307.93522233391388454
21800 323.03466542595901956
21900 311.05236519410766505
22000 296.6549295735686087
22100 303.11522733630920357
22200 334.61885347781026212
22300 296.23966995258689394
22400 304.97160617522831672
22500 308.44474236458597716
22600 288.53732447498867941
22700 309.35351510623121385
22800 304.68564401240297457
22900 294.29246923633473898
23000 311.52403815587280178
23100 331.82972803649329308
23200 321.25014994952044844
23300 309.96216388492206306
23400 293.40896638828525056
23500 319.16812264072609651
23600 309.80547355646211827
23700 293.78708841006340435
23800 301.81764441362065554
23900 302.58202389743689764
24000 316.36780244727140143
24100 324.87644449435845218
24200 314.95357119701742477
24300 311.25659776404205559
24400 289.37879336177627465
24500 316.13821678264503134
24600 313.76272927467203999
24700 307.92324361607779792
24800 314.4551604840089567
24900 310.65254291467692838
25000 309.37786472641391811
25100 292.24801536020680715
25200 316.22383209964692696
25300 311.25623393666893435
25400 309.47041469696006288
25500 316.49413557949350206
25600 313.05397543338477817
25700 309.66969070968531241
25800 301.67348015355804591
25900 310.29993475196511099
26000 316.65066658091120644
26100 311.93296474205777713
26200 303.81733882264683189
26300 301.41277083267021908
26400 311.34310412600916607
26500 315.86492400847674844
26600 315.2710179026811943
26700 305.3343686147654239
26800 307.75109359244044072
26900 313.68270844112009854
27000 306.63806786308282426
27100 299.695914528172068
27200 314.6105626386627705
27300 316.79644595020374709
27400 305.54232961920166645
27500 314.97597978960146747
27600 294.65847372420074635
27700 304.01771529125221605
27800 308.60332743939585498
27900 312.55104314429115675
28000 321.64132925679297159
28100 308.75989000630607961
28200 312.9867435818659942
28300 310.0740200560396147
28400 326.32548667215968408
28500 306.98541330928622983
28600 313.57414123674158191
28700 305.31530622634221572
28800 300.44187085970719409
28900 319.29273390619130168
29000 295.60229365031443649
29100 314.51394714038116263
29200 306.05010780287460648
29300 335.28754400485877341
29400 311.61928348356900642
29500 310.62508621911445061
29600 303.00639498826075169
29700 321.31729469913483399
29800 304.74833601367242863
29900 310.74705806994995783
30000 324.93826914611895518
30100 309.29992044828441067
30200 299.80114088879491874
30300 293.7465781781527312
30400 319.00896156190020747
30500 325.50790314680273241
30600 305.04900131047793366
30700 312.23668011503838216
30800 320.9173529768262938
30900 303.35008016126107577
31000 300.5287347973282408
31100 301.19810799290593195
31200 310.35340085041559632
31300 322.72918550010552963
31400 315.82736512563485576
31500 312.56751214610659417
31600 307.13421330990155411
31700 311.16216543222600421
31800 307.6815908528798218
31900 308.83824772540702952
32000 309.00741092219368511
32100 303.13603126538146171
32200 296.99081469780196585
32300 312.04817435896893585
32400 307.95796829836962161
32500 329.46084884619426703
32600 321.21907839191703715
32700 307.05145440529878442
32800 308.58594029500602574
32900 313.90499984970801961
33000 317.57366418255463714
33100 321.93633700484582505
33200 307.58473797167118846
33300 312.97653160390126459
33400 315.64773327347586473
33500 332.0176667727361064
33600 317.46042024065343412
33700 309.10711931652838302
33800 291.51502870479424701
33900 307.49465527705706336
34000 309.35899278287945435
34100 287.36575976068411364
34200 303.98378691675526397
34300 313.42648031983412693
34400 302.95026839141053188
34500 297.6557117962379948
34600 315.01154004023516109
34700 318.60491782090826973
34800 317.20371360816045581
34900 308.75300143419872256
35000 314.4526414287832381
35100 310.93450889021556804
35200 314.24865569120441933
35300 329.46180552250689288
35400 299.66662712214531439
35500 303.98369304932305113
35600 303.03745451757657747
35700 309.93880320052608113
35800 319.90520386937976127
35900 293.07917624633091691
36000 308.47561614740453706
36100 318.75323798577977641
36200 302.32054322951478298
36300 304.14503962146864069
36400 298.6774555148830359
36500 313.30587328228307342
36600 305.85266233470196084
36700 308.36467095088096357
36800 312.12204108081442655
36900 316.08652608613499524
37000 314.87790370742015966
37100 307.6174512173145672
37200 311.64713559802595455
37300 315.55234972682455918
37400 330.90549079627169249
37500 311.51328677423390445
37600 314.68828873204148522
37700 317.82617797472016719
37800 303.53876689137024414
37900 318.36206844145834793
38000 309.86469023705990367
38100 309.7158609353856491
38200 304.87641143630133911
38300 297.89786980183367859
38400 296.27457409135331545
38500 305.38904717626598995
38600 308.97531363846786689
38700 313.39465955181873369
38800 303.25453596312513582
38900 304.69916350089914658
39000 323.87720852243103309
39100 307.56132759024694678
39200 287.28026231709173999
39300 314.97863304940938178
39400 310.61673762698757173
39500 328.18100633037596481
39600 305.20327378316125078
39700 302.34729224120872004
39800 314.66309523530827619
39900 318.92161888425039251
40000 299.20593202565675028
40100 314.8660470797960329
40200 307.6327091145187751
40300 321.44816262334376233
40400 326.58506279692250018
40500 305.14977690448580461
40600 311.8661367235000057
40700 311.91139345183148635
40800 304.19876954854260021
40900 327.7546163507294068
41000 322.89537406390536489
41100 316.76532725406434565
41200 321.64043113991641576
41300 305.09985451957334135
41400 300.73266461576457687
41500 312.61680767112943613
41600 317.72936364679100052
41700 316.97494437898251363
41800 325.41948673066701758
41900 313.33473579969347611
42000 304.97481730618790152
42100 319.04138465106177591
42200 319.24282758646552338
42300 304.28920285409265034
42400 318.20871295556094083
42500 312.97626047380754244
42600 295.09450908219025678
42700 305.11510915529169097
42800 307.93824615215322638
42900 301.39906909929641188
43000 303.0447986922894188
43100 310.91485606691213661
43200 308.59373431784808872
43300 308.41354118587503308
43400 312.24785203983765314
43500 308.50922864427269587
43600 299.89996638463765066
43700 297.01361162215931699
43800 305.82028757206876435
43900 327.76161216222226358
44000 318.00947708006702896
44100 305.57960580674256335
44200 286.21040806695253877
44300 309.46547645090623746
44400 314.44440211949853392
44500 312.11183353899963322
44600 304.04580847373244978
44700 312.79354483348743088
44800 318.04575257528318843
44900 307.07310443582053949
45000 308.08009034822396188
45100 317.40156722064057249
45200 295.54009065059585737
45300 308.5317784145985911
45400 310.20067653494135129
45500 306.2086538732218628
45600 311.57236278860409584
45700 289.00687349405393434
45800 299.97965376587188757
45900 311.28005596106970643
46000 310.38383779718338928
46100 328.54424339563416879
46200 303.88507615741730206
46300 295.96666214810306883
46400 312.91628441445004682
46500 317.33153755843790123
46600 328.85959827100731445
46700 303.21665919738421735
46800 313.87386334358234308
46900 296.74438831885413492
47000 298.69534310553660816
47100 301.0929072554359891
47200 298.70270060689148295
47300 293.94906413652506671
47400 311.74978821118276073
47500 296.8449492684079587
47600 309.77012746628247442
47700 323.44646619045596481
47800 315.55826786494731095
47900 312.71703175644120165
48000 312.51140982066812057
48100 303.93714269288238938
48200 308.33831562130268367
48300 318.75643032566819102
48400 299.56738404935526887
48500 318.93953442896383876
48600 304.92034453472678024
48700 311.83063988652486387
48800 316.48655088386163925
48900 315.48041319824130824
49000 303.1022111769261187
49100 314.30769234954368585
49200 318.91100244349547665
49300 300.75736621630142054
49400 294.77841947421563873
49500 308.57401666105539562
49600 316.2678295157370485
49700 282.76200907162115072
49800 323.29056350115547502
49900 320.68623541665425591
50000 314.42572443012585381
50100 308.47607660412029418
50200 290.46996195049564449
50300 322.78758099076475219
50400 308.23141801840819198
50500 300.09985105978103093
50600 309.85816217348423152
50700 320.48026899816755986
50800 311.27424442861479292
50900 298.42190484792831739
51000 304.31432307217471589
51100 308.20238908261268307
51200 328.90377954505237312
51300 310.20297057505030125
51400 316.31423890769360696
51500 306.79974413645720688
51600 301.07724861349504408
51700 306.86226057605233564
51800 316.61875901645072418
51900 299.78421682522974834
52000 321.11149625824094755
52100 315.08326133312334605
52200 308.22305025646971899
52300 296.75174094006473524
52400 306.2422114394959749
52500 312.7203665738892937
52600 304.32543689945288179
52700 294.86464287273361151
52800 306.46022271523287372
52900 328.86916158873520999
53000 326.59143208212782383
53100 308.83086472724136229
53200 310.05386142261238547
53300 291.53786160460742849
53400 301.45084894124613584
53500 316.13500238445357127
53600 307.46712733514266347
53700 301.611729635534914
53800 315.72783119355739245
53900 315.37364919448634737
54000 292.43980198514088897
54100 298.1111530430472385
54200 308.10927399940436544
54300 317.15477908119271433
54400 313.43668946678712928
54500 306.43595152455958441
54600 298.16031779227330389
54700 312.44962565273795008
54800 302.43114625758994407
54900 312.28077458051336635
55000 319.22328425210599789
55100 298.06015374414931784
55200 308.60518945858893858
55300 305.59805451726128922
55400 329.16179764820782339
55500 309.44790476964379877
55600 314.00665103042285864
55700 307.5378387183524751
55800 318.64233150745718604
55900 295.58068313526530346
56000 309.12644481911655703
56100 312.49730801673894121
56200 303.87931918151031141
56300 308.9589170350326981
56400 306.71059729425724072
56500 331.97292270248527757
56600 314.89004305448980858
56700 305.06302924950904298
56800 308.26577721130979626
56900 322.20203995499338134
57000 312.51193356272227675
57100 312.77475283367073189
57200 325.01132172788567232
57300 305.87787795518005396
57400 294.01171043944935946
57500 315.43392146567060763
57600 317.13931777007161372
57700 305.87472337220475538
57800 304.15779033782752094
57900 312.97777558573307033
58000 321.53397517913225556
58100 310.11544791293755452
58200 311.5763469553285745
58300 325.33497700389841611
58400 323.67741918904232534
58500 303.53786375055466351
58600 304.15236710987699098
58700 311.51454739594925059
58800 322.02217651897757378
58900 316.00081777804018657
59000 293.48824400691842129
59100 315.62408577977106461
59200 307.78075394580764623
59300 318.77373058763163272
59400 308.47997674237916499
59500 306.3218349152726887
59600 321.39897249829374459
59700 304.83611115361793509
59800 306.31456901073346444
59900 305.89759612713828574
60000 310.14689066874524315
60100 295.60781882293770195
60200 302.67701442085007102
60300 301.58032950526074956
60400 306.62151071025556348
60500 298.30645814715614961
60600 301.66797390595047546
60700 315.99440122965626188
60800 319.34782428147588007
60900 303.94053673176568964
61000 301.62593076583107177
61100 322.49399615617096515
61200 299.08584786472039241
61300 304.32500437661013848
61400 304.5468291335999993
61500 299.83467018740293497
61600 306.81625311548981472
61700 290.38198300415882613
61800 306.02499139089354685
61900 319.08668839041439469
62000 326.23906550616698041
62100 316.31633110424490951
62200 310.30076738043510431
62300 315.48090131250467039
62400 312.98995945260907092
62500 290.93840505177848854
62600 323.18270389600075987
62700 315.65380119259731373
62800 323.65012488127473489
62900 315.14177790907024246
63000 305.83523162328435774
63100 306.89125293677358286
63200 305.32265561937555276
63300 319.78474288183457475
63400 303.93905754398565477
63500 304.9735047941928201
63600 320.6860265112743491
63700 336.52144066854037874
63800 322.04808233434192744
63900 301.72418734013405128
64000 307.40415910462877491
64100 306.62151810527558382
64200 311.63592900118999296
64300 299.72372131397435169
64400 324.79606600943975536
64500 329.34793483688162041
64600 307.77409529096973984
64700 317.68705052213090312
64800 325.5210894258802341
64900 310.48331078400866545
65000 312.35551693114643967
65100 306.29387185533698812
65200 318.03655533111884779
65300 308.31097062715554102
65400 311.15497822200160272
65500 313.9086084193695001
65600 322.03778896058651071
65700 316.14852432764985224
65800 305.62001597503342509
65900 300.14167883771801826
66000 313.43678580490455943
66100 314.90163824646629109
66200 301.6999046322665663
66300 301.76480886032572926
66400 300.38409695728489623
66500 307.52015512291671939
66600 330.30583861699437875
66700 307.4355134879540401
66800 289.34309055277861944
66900 307.28894398429252988
67000 305.23232934474634703
67100 299.22317979202711058
67200 315.95486736623973911
67300 296.61768092317032597
67400 307.07466041520393674
67500 305.35855172754196474
67600 295.13438981448138065
67700 318.20390955363188823
67800 310.17251831816548702
67900 317.90735902369988253
68000 305.49202371652683041
68100 302.12777218701097581
68200 302.51388973737914512
68300 313.12780203667676915
68400 303.65284215361850784
68500 313.60682623501270427
68600 319.14129048367379937
68700 318.87975211551713528
68800 309.50556534266809194
68900 309.53558721303153334
69000 290.98572501666382095
69100 311.12038533717606015
69200 317.71100316004373099
69300 296.01455086597576383
69400 301.54674360853772441
69500 304.59852873269670681
69600 307.70567988582223506
69700 300.69291652451988739
69800 306.43431847779748978
69900 315.28521050526984482
70000 313.52020873842025139
70100 310.96364935437986787
70200 331.00176170793588426
70300 315.51936931841419209
70400 302.34077079027764512
70500 304.6153207978158548
70600 324.12114724627019768
70700 313.67138608442667191
70800 315.56288977334691026
70900 290.66701769397229782
71000 301.29554822409130566
71100 311.30311934077479918
71200 320.17197168385075656
71300 308.51988350084326385
71400 302.58040731900973697
71500 302.18110440417700602
71600 312.48390254713012837
71700 314.34495797551113583
71800 332.8633244064704968
71900 312.36004774355859581
72000 319.86777196933860523
72100 319.34585605344574333
72200 304.63382162893549321
72300 315.95041643393147979
72400 335.74835850282431693
72500 321.2885904976750453
72600 301.51760190819788932
72700 301.21805756848596047
72800 308.03442566089410093
72900 301.3199027083232977
73000 297.99439979855702632
73100 306.05463867244628773
73200 313.03299517943264618
73300 313.73968635814213712
73400 327.63811968705323352
73500 305.24647309642324444
73600 306.09686176659971579
73700 310.52964943709037016
73800 320.17491108152393053
73900 315.5752346251319409
74000 305.64545332122327181
74100 288.73062697646076913
74200 323.44434785070990301
74300 323.49203641232247719
74400 313.30242168187118068
74500 305.34896912503029398
74600 317.6331859276261298
74700 307.55262762677500632
74800 304.14847523839029009
74900 309.63531885004209698
75000 307.37248116019526378
75100 311.05138857060848068
75200 324.77829888493994304
75300 314.01661221313747774
75400 300.77804016926563691
75500 304.40316221600409108
75600 310.086278604319034
75700 320.61796808419563831
75800 315.40569580618625878
75900 299.10462276291929129
76000 312.58882958049781564
76100 307.23785927846785171
76200 325.51219797038385195
76300 320.46164219492965231
76400 312.25957053141820552
76500 297.1928371140805325
76600 315.87286337154108651
76700 314.18577278087627747
76800 312.61194397660045752
76900 321.22830458943269605
77000 303.25708337392950398
77100 322.26008270574646986
77200 310.3176043994411657
77300 304.52719684406724809
77400 317.8251397760041641
77500 306.47053753866924808
77600 309.54012593961527955
77700 314.06764891675487661
77800 297.05929454548993363
77900 296.28860006411792938
78000 309.19038781048027431
78100 318.56193155456253407
78200 319.88651699179985144
78300 324.3042799238015732
78400 305.73448909579508381
78500 296.68041335043807294
78600 296.5410134928230832
78700 320.48621930146049408
78800 314.17017559599429433
78900 323.71567776520942061
79000 311.70262340040648041
79100 321.73427108478074388
79200 310.68859690715470379
79300 312.01667141412372075
79400 330.34742333452641105
79500 307.21240711936718526
79600 311.17345366026165721
79700 316.02693445950461637
79800 295.6521064361252229
79900 296.16451284189037096
80000 317.15037823744847856
80100 316.3147035763595909
80200 306.01110724183018874
80300 310.8339630355906138
80400 304.77276951887677114
80500 298.97143383960815299
80600 314.08631947074889013
80700 318.06632495947889083
80800 299.79212649727833195
80900 316.93339187412931324
81000 329.80370977922888187
81100 333.73661521981682654
81200 315.5021265852614647
81300 307.87323925771045197
81400 328.57633339730983835
81500 316.76300567523441032
81600 306.33470234903791152
81700 312.13822935759122856
81800 313.35365654917279699
81900 306.1929729327273435
82000 301.5487078047838736
82100 312.0632210236890387
82200 314.09018771252317492
82300 315.11121784252190992
82400 323.57058158509818213
82500 321.18308623069430041
82600 294.45951839672085271
82700 309.10848167843084866
82800 307.89386611044443498
82900 307.39377872999654073
83000 300.53683236951059143
83100 307.34644896083062804
83200 313.12228723396549412
83300 318.81244276468999033
83400 298.93934396305968448
83500 304.70639039293621408
83600 322.95614308107406032
83700 320.89445719832593795
83800 309.45741579934235688
83900 312.04826562373790466
84000 313.49678741450179587
84100 295.28607604040695378
84200 311.29855082300366576
84300 323.40148696746234691
84400 303.36102221692402736
84500 299.41314876022454428
84600 318.08490465690618976
84700 312.07299943561298505
84800 313.34739127379214096
84900 297.1824683161627263
85000 306.21088189680619962
85100 304.44436525594682053
85200 310.27101489430077663
85300 308.37366797400761698
85400 329.14950721142810153
85500 322.54092292601603731
85600 323.9035626449944516
85700 308.39440115659454023
85800 306.12549443704045871
85900 303.15233799746130217
86000 314.91754184524120319
86100 319.28080089306848777
86200 296.77236838195489099
86300 294.72230936861984674
86400 306.2017062047218019
86500 315.69656567798051583
86600 316.66951303410689889
86700 306.16645064345755145
86800 316.83343150963196422
86900 303.9020710685123845
87000 308.56918228424655126
87100 322.87490118583713183
87200 311.15405804588851879
87300 321.11300879211927395
87400 294.80032300889934049
87500 298.59265154413100163
87600 315.48251047554379056
87700 299.75115135991694615
87800 320.12513261490983041
87900 327.49738080767332349
88000 315.09841843559451036
88100 316.84564671698450411
88200 325.91981405251698334
88300 316.94915158521121157
88400 321.18565136408858507
88500 314.87441978518756969
88600 301.35504146197831687
88700 331.55226655602905339
88800 314.76858744066316831
88900 302.81580540854685069
89000 326.6273573703969646
89100 313.45748444561513679
89200 300.48480591041055732
89300 317.63509401300893842
89400 294.3772897107855897
89500 310.37881826697156384
89600 311.92772065615235988
89700 308.92309467680530588
89800 317.24087124388410075
89900 312.69140938290934173
90000 307.31092981234780837
90100 292.49827739650038438
90200 304.82828469773869529
90300 292.33956201010948917
90400 300.49997021821866383
90500 308.25312521758718276
90600 302.55700359526656484
90700 306.04092929509118903
90800 291.63870751156468941
90900 299.8160495193505426
91000 297.17605891420515718
91100 310.72393832599095731
91200 321.53220903384027451
91300 308.310688888687082
91400 300.11507650573213368
91500 290.61132230111462604
91600 302.79315201604663343
91700 306.22641544680635661
91800 298.9546792967297506
91900 317.90667683250876507
92000 315.62953509482002801
92100 295.8371614308849189
92200 317.3562910334812841
92300 302.91924415623822142
92400 304.63716578576611482
92500 316.31377729885616645
92600 308.65126626658008036
92700 304.31534226551929123
92800 291.65220494439699905
92900 305.48909721683338603
93000 313.01490349829822435
93100 318.7383457612733082
93200 308.70803809967361531
93300 301.12678394005820337
93400 309.68401958762461845
93500 318.16007183100492739
93600 329.22018937842267405
93700 320.51578480648566938
93800 322.47482772665466655
93900 306.53128744410389572
94000 313.7235213763625552
94100 323.49133883296372005
94200 325.92640555361242605
94300 307.21271613260046252
94400 301.54436736506113448
94500 312.81306505428210585
94600 316.74409735159645152
94700 317.94838967128447393
94800 313.24035473017539744
94900 311.84746318929336439
95000 331.06686555281794426
95100 297.78801735045340138
95200 306.98623036948413301
95300 304.97604506379906297
95400 317.88316521614700605
95500 320.82096586184837861
95600 294.52365816631822781
95700 297.96845545151910528
95800 304.85280878251381864
95900 293.770001766410644
96000 293.31686892216708884
96100 301.55743373727273138
96200 300.57071134667796741
96300 317.82887935595465478
96400 320.96875458006007875
96500 308.7032930050959294
96600 317.50717784776429653
96700 304.83115826529183323
96800 308.98056213809189785
96900 319.33361695340914821
97000 322.83596272010885286
97100 311.06956454543370683
97200 297.96977998837240875
97300 312.5423270441417003
97400 325.91984842952922463
97500 298.44526698660911279
97600 309.21711595580347876
97700 326.89260267945502392
97800 313.12732845822011996
97900 307.52075801947847822
98000 310.09400272617148175
98100 295.32007213708146764
98200 315.00464198430984197
98300 305.92576959211510257
98400 308.95011210957335379
98500 307.49991459868778065
98600 327.69960866806155764
98700 290.43883563684869387
98800 312.26905244358346181
98900 326.11443183200896101
99000 306.68902766615178734
99100 313.14172649388979153
99200 317.97951167030817032
99300 302.93720475121006075
99400 307.82974871671268602
99500 311.51847892239061366
99600 296.97129583166025668
99700 297.34087855810122392
99800 308.92856927068379491
99900 307.13272867577398983
100000 307.53361820986623343
