# Fix print output for fix printTemp
0 309.99999999999994316
100 316.9074892037618838
200 299.97570644804437734
300 319.99433123810035795
400 297.97763939214098627
500 315.13636587359928853
600 319.58467160921230743
700 309.55134411026131147
800 306.84813518861096782
900 300.72107147428812368
1000 315.70869341691093268
1100 313.3973998776798453
1200 314.51043144915860239
1300 300.14493489768710788
1400 307.47265794534013139
1500 311.1095590425072146
1600 323.55911846098143769
1700 315.71672573987046917
1800 299.67192743205379202
1900 305.09899493460363828
2000 326.20496763733177659
2100 313.70925742498474165
2200 323.04559993772949156
2300 304.24569134341214749
2400 315.62058677663577555
2500 322.80195320894870292
2600 294.3186835739675189
2700 304.38543614921263725
2800 306.51472797845008245
2900 318.70716073506076782
3000 313.59134452675937155
3100 323.43360908730829806
3200 312.66122413115778045
3300 302.45105313077982601
3400 307.47212088086814674
3500 307.67228109649369117
3600 306.0744693219404553
3700 302.53579748644159508
3800 313.04581428365941065
3900 315.83292863943739803
4000 299.28557130001206588
4100 312.94030683499647694
4200 317.92487364943923467
4300 314.64745482088557083
4400 317.69265652361889352
4500 304.41670208974346679
4600 309.824849751967065
4700 312.01748240049880678
4800 302.8432684735267344
4900 315.83023807804926264
5000 318.69563413562485721
5100 302.90773887703932132
5200 299.79123884855323467
5300 321.67286628433822671
5400 310.9238861617068892
5500 304.86344806478535929
5600 291.96669095534429061
5700 307.82356082223350313
5800 304.06683778947052588
5900 295.58020096954015798
6000 312.0531205188803483
6100 317.52637742926560804
6200 317.41235274472080619
6300 313.34298798978539935
6400 306.79471623105797562
6500 330.42102628313057266
6600 314.94168467265490108
6700 301.60451908056995762
6800 322.64231628415456044
6900 311.73433714584461995
7000 294.17110743676573748
7100 294.3833035784454637
7200 303.27510117651911514
7300 309.62654152681409414
7400 312.59775184821870653
7500 308.23562618802708357
7600 289.65885370126397902
7700 318.84046643275615907
7800 309.2717141665891063
7900 298.01788570382461785
8000 303.86409329320787265
8100 304.06654649869494733
8200 302.39837132100683448
8300 320.97620936225655441
8400 308.20131634506776663
8500 310.28281360420731971
8600 316.60860464067332032
8700 322.46248629487746484
8800 305.14144627991890957
8900 300.19742084126085047
9000 309.12442445010054826
9100 319.17134497559754891
9200 317.06150773077075655
9300 309.30236377639261036
9400 305.42277649020570607
9500 305.61431169088308479
9600 342.6342407658833622
9700 313.86547082606170989
9800 302.33748267508400431
9900 324.65507544222720071
10000 323.75809521535217073
10100 307.71341884526435706
10200 300.41964191550761143
10300 290.28937757069599002
10400 308.82006271352088334
10500 323.59330980277701428
10600 283.55490745402983066
10700 321.43518834878358348
10800 318.03759383133814254
10900 297.17801700023545663
11000 302.82986007619655311
11100 306.19540164539625948
11200 310.09793972069343226
11300 299.75141553740837708
11400 310.37595553034839213
11500 320.29195761383078889
11600 319.23207745821116532
11700 315.35689096257050323
11800 307.30274138009104945
11900 300.58958274372673714
12000 316.26272013508503278
12100 312.89279264717214346
12200 298.62679712911881325
12300 316.82354700531055869
12400 320.65520716280195757
12500 306.60067496461624614
12600 294.73683404918511997
12700 315.43342530453759309
12800 304.96269029690927255
12900 316.90090902019710484
13000 314.88377696764393932
13100 315.07260770438944064
13200 309.85316535372248836
13300 289.58546129604155794
13400 305.13831506620772416
13500 310.36901343048504032
13600 295.65737889645271252
13700 310.40806149929244384
13800 329.39907743556398145
13900 329.11787936368472174
14000 312.46135649722259586
14100 302.48469531539006994
14200 305.37541686975407629
14300 318.29439225008417225
14400 298.97288237618982976
14500 290.81510858694110766
14600 316.09804584732955846
14700 300.11308872213021459
14800 313.7198380834179261
14900 302.84784997329103362
15000 284.3075230551006598
15100 315.04406488535761355
15200 320.09095550947409947
15300 311.02971332488561984
15400 310.52740219884287853
15500 306.65368163022276349
15600 307.97090166121540733
15700 300.24595960015670926
15800 312.8521302016511072
15900 316.49050843642390873
16000 321.00762808038285812
16100 309.51630395038563393
16200 330.85482724143037103
16300 309.67317656176538776
16400 293.87189081766371146
16500 302.91643534194429321
16600 301.68793473510680769
16700 314.2989006123721083
16800 317.47108328746111283
16900 307.72001573893635396
17000 306.32637596431914062
17100 300.90809466727358767
17200 294.10745378448393694
17300 316.63340705803170749
17400 325.73274709862812415
17500 311.62226816115264683
17600 304.99258947525055419
17700 291.83042838286775122
17800 319.04955070937182882
17900 304.67498953491349312
18000 310.92075598628321131
18100 299.42542820952854754
18200 300.80601545686653253
18300 315.98339261132099409
18400 307.0233605557451142
18500 312.68078692197701685
18600 296.90374933845487249
18700 308.68566822017942286
18800 308.24641859531811861
18900 310.5351402094711375
19000 296.68907855208647106
19100 301.03182753936681593
19200 308.4854390392985124
19300 292.4557737616297004
19400 306.65349383547300022
19500 305.79844394987668466
19600 311.75509335294270841
19700 301.88746500499308922
19800 307.47084903962439739
19900 314.97277388225177219
20000 311.18489083286112873
20100 320.41071003263459716
20200 315.91713250824449233
20300 305.82974616867903705
20400 291.81420702302523296
20500 302.45945176207487748
20600 312.58210645095391556
20700 309.74709380129127112
20800 318.24494838375710515
20900 296.38703318892368088
21000 307.60489162903934357
21100 317.60076336475037806
21200 303.36037726117319835
21300 315.54701212869377969
21400 319.03943231340326747
21500 308.32815257688548627
21600 292.01254307784574848
21700 301.9947498000732935
21800 310.93893065056442992
21900 308.42980067632583996
22000 290.11821655346028592
22100 319.28866682925394116
22200 305.3389803046900397
22300 307.71145166255092818
22400 325.55719195588693538
22500 310.71785705931239363
22600 314.44905117495392233
22700 310.5730763683617397
22800 296.53518793284706589
22900 306.84376903845503648
23000 321.69356953473044314
23100 304.15227544268867632
23200 327.43168399263686297
23300 312.41423467945867287
23400 308.92050290121636635
23500 307.62986680291578523
23600 317.31212787461271319
23700 296.73541843114662697
23800 292.64336576548720359
23900 299.02130548465828497
24000 307.10567439955946156
24100 298.9943098777351338
24200 313.26948721236692563
24300 315.89371825029013507
24400 302.93255377619288993
24500 305.18190880168577905
24600 295.58819197884929508
24700 317.80002714527654462
24800 305.66541621301723808
24900 309.85186642033670523
25000 302.45692131337386854
25100 323.23391285574422227
25200 304.35356944195115148
25300 310.20022902136167886
25400 314.54440427398191105
25500 322.78506542718025685
25600 310.56570366502131719
25700 318.29540625473077853
25800 302.24069379846815764
25900 295.7474829566220933
26000 307.82009474669553128
26100 305.91575627498917811
26200 319.12950242067284989
26300 313.83624669867106149
26400 298.75987112933211165
26500 294.01580062187269959
26600 300.96441116359051193
26700 322.15408740350630978
26800 326.50892582035334044
26900 318.32694771546948687
27000 298.04369272692485993
27100 307.60281352343764638
27200 325.6860921174240957
27300 303.20914113257288136
27400 317.01158395409419199
27500 314.39115747936403977
27600 308.01467106282717623
27700 302.19897185259611661
27800 320.16079559778273733
27900 307.93094222537592941
28000 303.38461338562063929
28100 308.26495687632933596
28200 324.64288120858094544
28300 314.70485310314876415
28400 311.0438548754260637
28500 304.57540084142482328
28600 313.44530307299811511
28700 315.85497596450943547
28800 323.09858207371109984
28900 308.25335409237021622
29000 312.49122595267289171
29100 318.95461714208977355
29200 317.54231869163083957
29300 306.46442527495707964
29400 295.44951735850247587
29500 303.05973483156014936
29600 324.92310844858570817
29700 300.41186716668516965
29800 306.80100981616567424
29900 311.45422312668023324
30000 321.3434237067319259
30100 297.5132668091593473
30200 305.48159008607115084
30300 294.74990297405639694
30400 317.17901029248378109
30500 319.80221358769540529
30600 299.74178510354994387
30700 327.21645416701227305
30800 319.76136984341570724
30900 314.39161505246909201
31000 305.73789373196211727
31100 334.29020090079319516
31200 294.11654713494925772
31300 313.87974052493166255
31400 323.66471452417357568
31500 316.44265369410970834
31600 312.66486159586440863
31700 311.33459961969589358
31800 293.97059733935930126
31900 316.81394067291523697
32000 316.99830501396394311
32100 306.6775401566183632
32200 302.79167363457190731
32300 304.05578239189793521
32400 311.42986447627214375
32500 318.10805533491190999
32600 325.2147621707758276
32700 326.54549298865390483
32800 317.16768424473389132
32900 327.30628557214936336
33000 296.26229987467888805
33100 295.93634522804939024
33200 299.22257582170789192
33300 313.3799456498581435
33400 316.61834491106202449
33500 319.81726501592305567
33600 318.33233081568653233
33700 303.41310766286204625
33800 312.43084473081557917
33900 320.68192926585015812
34000 309.42650055672726239
34100 305.58833225062664951
34200 314.25476927635253332
34300 333.68517761058581073
34400 307.43142488159253389
34500 312.81267088596479198
34600 292.3489265426880479
34700 302.43547104025128647
34800 296.42122821061332161
34900 302.5387697163216103
35000 316.43315541569018023
35100 311.20903217540552532
35200 298.9334084298160974
35300 308.70719612429019207
35400 302.5981178778559979
35500 301.2501920361233374
35600 313.75328310050491609
35700 316.21007891134075862
35800 320.80487747650869323
35900 307.80903358340486875
36000 318.90575274288454466
36100 322.30546835023466201
36200 291.42407480457507063
36300 311.31216390822612539
36400 320.75705871826858129
36500 311.24516379429974222
36600 304.51827798537772196
36700 323.1357829641295325
36800 318.51586142892966791
36900 286.56777966162138682
37000 319.51228066705704123
37100 303.80911958543458695
37200 301.39325513089158903
37300 327.13723490435467056
37400 322.46971412068580776
37500 310.01142050646041071
37600 303.94737398633304792
37700 315.13053699256295204
37800 301.57436833135420784
37900 293.78789615761974119
38000 303.99828875557824404
38100 314.64619175459483813
38200 328.01197192919846657
38300 310.00827737332730294
38400 317.81475764771749937
38500 323.09897168828962322
38600 321.60668658220669158
38700 316.98217636277075826
38800 299.88321492768784537
38900 307.84449753817949613
39000 314.47508733574954931
39100 315.32498645915910629
39200 318.90340149763727595
39300 325.27465599003147645
39400 309.26702926826874318
39500 296.12025762391954231
39600 290.81390111559278466
39700 307.84222053337452962
39800 311.79419783033802105
39900 294.18515513282534357
40000 312.63082364490611553
40100 313.11501897895772117
40200 304.0059514217641663
40300 318.08886603102541812
40400 291.23269618034066752
40500 308.91821556048512321
40600 311.03411656291916643
40700 323.16887127284371672
40800 311.98744107167090078
40900 304.43468042323479494
41000 323.09702689960664657
41100 310.80904391993215086
41200 303.15299828817370553
41300 313.78465361238050946
41400 300.910963118327345
41500 313.95530151345894865
41600 328.3966971390302092
41700 306.64800514714949031
41800 317.4689494470618456
41900 303.91406700347806691
42000 292.52432027957917171
42100 325.64571707297983494
42200 313.38589965353537536
42300 291.38697420779470804
42400 309.02444323299482676
42500 309.28526746568729777
42600 304.19342793764946009
42700 298.29127671993921922
42800 301.73451821330866096
42900 308.25070779589850645
43000 315.05791830760171024
43100 313.99120278706516274
43200 303.66563852158452619
43300 314.0938795765017062
43400 309.67559146250852109
43500 314.58491846296010408
43600 300.94729585760381951
43700 311.1493400251976027
43800 320.65636696861866994
43900 327.22055816346988877
44000 315.6222510026456689
44100 303.84528844847210394
44200 298.99561602359779044
44300 329.93162086844193936
44400 318.48063380296190417
44500 300.70226357818847873
44600 317.93212872964562621
44700 324.36579852756580067
44800 287.83837276544784345
44900 306.94235043473685209
45000 319.10993865352793364
45100 307.76862931727640671
45200 303.87657155460425429
45300 315.41175675776162279
45400 307.23589195134792362
45500 311.00372976856721152
45600 316.52515963760509976
45700 299.75374354784599973
45800 310.32626281887650066
45900 304.56050899522512054
46000 308.3365353830400295
46100 316.35914909626626468
46200 321.01182503657804546
46300 316.87148524260675231
46400 316.27513417632098935
46500 315.64813569714550567
46600 309.73010343232590458
46700 315.71616347927954394
46800 321.56878460161976818
46900 319.98933167073812456
47000 318.10449683711038915
47100 307.94948162725904695
47200 294.02743013902164648
47300 326.97174610146754503
47400 309.43623172091383822
47500 321.9914276395232946
47600 321.25272190313205556
47700 301.94664835733834707
47800 303.14692210739173106
47900 319.4305272672013416
48000 327.81295925280340953
48100 324.62880107411717745
48200 311.40285647329739049
48300 304.36330035665736204
48400 318.06880649948112705
48500 309.40853065766100372
48600 309.65341662445342763
48700 324.70711764464817861
48800 310.87286119751064462
48900 318.63945059939203475
49000 317.9412353104149247
49100 309.17364646303985865
49200 326.18899299072688791
49300 300.83143131764728651
49400 310.62150443911048114
49500 318.27928823843620876
49600 316.98334544271853019
49700 319.47382821154576504
49800 303.07341648719625482
49900 312.93521746458003463
50000 317.15929057772081023
50100 289.59754197677096954
50200 317.5101491902700559
50300 317.03421426739430444
50400 318.85161742394387829
50500 328.41945301942485003
50600 308.7136296331440235
50700 311.23380848073827565
50800 314.91103860049651075
50900 316.96367931436611798
51000 323.18949078297470123
51100 312.54309599839081102
51200 313.17691209239472983
51300 320.4048921768433047
51400 308.76882773669279914
51500 323.99545282043931138
51600 322.22166006816610206
51700 310.56797302486847911
51800 294.09367759027259126
51900 307.37690233593713174
52000 299.51435284614422017
52100 299.06722140570411739
52200 312.27951597482370971
52300 301.5177851379185654
52400 309.61028860195540346
52500 324.45852921139214686
52600 306.61206486613400557
52700 301.09897588693723947
52800 299.76907392490994653
52900 309.58314274967290203
53000 310.28218196109077098
53100 300.19082051872698003
53200 312.52913332208538577
53300 298.45383368535794943
53400 312.95421800882769503
53500 323.08874823117844244
53600 303.04373593452106661
53700 320.59001721858595602
53800 312.78456422769829715
53900 303.81110044403897064
54000 316.91604794057457184
54100 299.88998186407576441
54200 303.44392680358112102
54300 317.31845705115756573
54400 320.38983722036374502
54500 305.5065405810505581
54600 312.27547094129550942
54700 304.98110363579360182
54800 305.39049760241323384
54900 308.0868756897377807
55000 304.94756562022604385
55100 301.57531564442689387
55200 312.78070542563909839
55300 297.0788427823871416
55400 297.27121315520702183
55500 319.31750569356694314
55600 326.17973767652495098
55700 319.69534394609240735
55800 307.29522285207502819
55900 296.76353666869511017
56000 312.01642046636624173
56100 296.30327352262969498
56200 309.54081101613672899
56300 305.77354405217863587
56400 310.3279440305807384
56500 317.80659100118941751
56600 299.86172131166460986
56700 319.91652587492581006
56800 308.58456130950241914
56900 307.5295892649551206
57000 314.2051730721004219
57100 289.46556590696832245
57200 304.60186346196582008
57300 314.43132660399970746
57400 312.48560405977679011
57500 301.84600115743324977
57600 301.26502477806337765
57700 312.64815281995572605
57800 314.68195384882227472
57900 301.24126399419611744
58000 314.7726018496953202
58100 306.75062607162738004
58200 298.5524195232436
58300 303.06547571147029885
58400 293.63337968726665395
58500 305.37923390451254591
58600 308.57491111925679661
58700 308.00295104712012062
58800 323.8588824427538384
58900 313.11868586639053547
59000 309.58816378772780809
59100 322.34207468448931877
59200 310.40146017975263248
59300 306.05248448706606723
59400 327.9374035470476656
59500 313.70075746671898287
59600 311.50835962628639209
59700 310.32647030904723806
59800 305.33934414969127147
59900 323.8871165894411206
60000 312.491823129828731
60100 310.73787869450899279
60200 299.40173889717408429
60300 292.87251490129176545
60400 302.32765957778588017
60500 321.05567883040953348
60600 301.45701791565397798
60700 310.75305410946134543
60800 316.64490313987721493
60900 307.73654537873454728
61000 300.87747352003526657
61100 321.54692267878641587
61200 321.53857479757266447
61300 294.44127700139080162
61400 310.22739363653079181
61500 323.06221331989070222
61600 317.1553691624906719
61700 307.7081301832077429
61800 308.75554620224255586
61900 302.76643744251521184
62000 311.69100782664082772
62100 321.53870751441758102
62200 324.98824432519381844
62300 314.36150466981291629
62400 303.90892271001536074
62500 317.36977376047428834
62600 310.57050912931032371
62700 314.34731451778702649
62800 317.40626826445299002
62900 316.97952081546492309
63000 308.45391949346225147
63100 305.14723023144847502
63200 309.70846399133114346
63300 315.77374141619031889
63400 308.56546174103300473
63500 299.14150847807263744
63600 309.23767555901838477
63700 318.20654074842838099
63800 303.72957852398064915
63900 308.85934667623138239
64000 304.09549223200315282
64100 294.43580369510476658
64200 310.3988913312118143
64300 309.40434766904678554
64400 308.27187365805468744
64500 305.82658174054211031
64600 318.17525081137512188
64700 311.22467223055804197
64800 313.19488910822440175
64900 321.10599210853553132
65000 299.58283717200379215
65100 294.10198171905085474
65200 312.54198709003298973
65300 318.06100520631605377
65400 310.45704103963771558
65500 312.19706467830570773
65600 299.69982445493212708
65700 308.19502967985653186
65800 313.58560802411221857
65900 301.52918528393598763
66000 306.55461508985956698
66100 317.45534961091641435
66200 318.16140093152552026
66300 313.33062608464643972
66400 311.931583691182027
66500 310.03308621275692758
66600 314.94472348280282858
66700 323.02793315237892102
66800 313.11972083736304739
66900 292.4789931035525683
67000 301.75439354717906326
67100 296.94684411024752535
67200 311.75962913885337002
67300 300.23578383646253087
67400 302.96583857075682999
67500 295.12871294700238423
67600 307.13430611825714323
67700 328.22869383977388225
67800 316.67782598808520333
67900 312.24373376120348667
68000 299.03753030306472738
68100 328.06122601802542249
68200 313.88381426807433172
68300 301.89564497780327201
68400 310.28231588746410807
68500 315.63609997910384664
68600 331.29341497439992281
68700 314.91567260742499457
68800 302.12645783446561154
68900 316.93582539426188305
69000 320.46632134137405501
69100 306.81823691560754241
69200 303.22917697566151674
69300 302.86945796455785285
69400 324.911231717768203
69500 323.14623955754854023
69600 309.60149725027832801
69700 321.24462094101596676
69800 303.10664042322008527
69900 318.32574242935982056
70000 314.36277891991477418
70100 304.19399656413071398
70200 324.63620631686688967
70300 319.07787299300741779
70400 325.22754320344625967
70500 309.28796942741848852
70600 321.21867526872034659
70700 304.59885144797539169
70800 316.87236921029011683
70900 312.95436195762005127
71000 311.5974241641861795
71100 321.34673343559211389
71200 313.53444872541257382
71300 305.64487700451525143
71400 309.17203410615462644
71500 314.04774419870790325
71600 304.31974016681743933
71700 297.9971801152459534
71800 293.61938842062477306
71900 306.49935818521998954
72000 316.74263675607573987
72100 303.93411131406622872
72200 306.9890596791152575
72300 310.33640774321554545
72400 304.10333050742610794
72500 302.92888040787568116
72600 314.09929652320482774
72700 304.45293171882860861
72800 298.40114662685203939
72900 316.93008702074001803
73000 307.46092699706247231
73100 311.51298400232292352
73200 309.41434219201477163
73300 303.87724274220693133
73400 310.55838712903994292
73500 316.85132388313633101
73600 296.98794313883001905
73700 309.58711293396407882
73800 314.17830260164481615
73900 313.37766498825448025
74000 293.4023514819575098
74100 314.89510011839894332
74200 310.14420623281318967
74300 313.99624821125246399
74400 310.81443710466015773
74500 288.08555337663693763
74600 310.99092000219309284
74700 306.45456368704708439
74800 296.40508759135371974
74900 314.5346523890092385
75000 338.38699382570962371
75100 307.45956888303760479
75200 304.63982042049792653
75300 311.85413049954792086
75400 312.70754730329224458
75500 305.00495996687857314
75600 303.93068675719439398
75700 299.50059913793751321
75800 313.97000768659432879
75900 303.79367407464013695
76000 322.75611703519433604
76100 301.27698210463938722
76200 304.276627064934587
76300 300.38575121884252894
76400 318.44730105466135228
76500 319.43527295324366833
76600 317.57342999662853344
76700 296.38286216471499301
76800 302.16586542619114653
76900 311.04652277874487254
77000 319.1192854591726018
77100 317.14511384927197923
77200 323.72971692016272982
77300 306.01746847699502041
77400 309.3733503965268028
77500 317.95434516706365002
77600 321.71103132264011037
77700 310.50230686191122231
77800 317.19938941700962687
77900 308.12987589199963168
78000 302.62079699315671633
78100 301.78277370865708917
78200 316.0983017058311475
78300 313.01609165238971855
78400 312.33689081916151054
78500 306.56741797461921806
78600 323.45204428595974377
78700 310.88691525925452197
78800 294.81001359482377211
78900 295.4994828239740059
79000 302.45019915378827591
79100 314.44188113649988736
79200 314.88429740304513871
79300 329.77009053130399252
79400 303.30669278970850655
79500 310.78965081401702264
79600 310.57318076162272291
79700 323.9450007284849562
79800 313.22764056683070066
79900 313.52246257483557201
80000 316.67509972438972454
80100 321.38487388122484845
80200 302.70203537960281892
80300 311.14034265088872644
80400 306.72807168759476326
80500 309.10966602424576877
80600 316.54066168385435276
80700 301.34624238504216009
80800 316.7717015353278498
80900 311.19436105676771831
81000 305.13277249808766101
81100 311.04642319931565453
81200 315.87608520420337754
81300 308.63218217765222562
81400 310.3196944501443113
81500 315.28371048752939032
81600 322.9039814383573912
81700 312.22110413680741203
81800 296.18090585971003748
81900 296.78352874872814482
82000 300.40211916399994152
82100 304.81833089714200469
82200 305.80645778917181588
82300 325.89930818857925487
82400 315.89638709572074049
82500 307.41409921916687153
82600 312.99857839174347873
82700 298.04579969800334993
82800 297.01522227149786204
82900 301.85169704654788347
83000 307.54592169696718429
83100 308.26354761319385034
83200 307.12320861199498268
83300 314.62511561499854906
83400 307.88904598698246673
83500 311.1641119886303386
83600 311.27047912237122773
83700 324.80819752573847836
83800 307.7324072537554116
83900 309.58717992000157437
84000 302.48370990368499633
84100 302.59839741850117889
84200 301.17309655061808371
84300 310.62768556802939202
84400 316.05270626810869317
84500 314.06216036541519543
84600 313.21130335662121524
84700 311.3440992285453035
84800 322.93634986197457692
84900 307.70520553577131295
85000 310.95388394822867895
85100 315.93439323985495548
85200 299.72698534752032629
85300 293.91845728852172215
85400 319.18105898034241363
85500 319.10489426411356817
85600 298.29591523565511579
85700 317.44183154399303248
85800 332.839145460577015
85900 315.42662060087945974
86000 322.95457686429034538
86100 306.11003117225408232
86200 315.43233262109976067
86300 316.94661246815309141
86400 319.85132735255587022
86500 311.83132801728953609
86600 302.71133736699943029
86700 311.18300970651290527
86800 314.3509872735968429
86900 313.49632490484987102
87000 294.16771574803595968
87100 295.57194274702607117
87200 311.39451160272471952
87300 306.21899072994972357
87400 310.7870972442732409
87500 308.19287832240570424
87600 299.99654094591943476
87700 296.57692666545744942
87800 299.86937375288249541
87900 300.30375591457573137
88000 308.1256340584722011
88100 304.59935684367081876
88200 305.56736187473649125
88300 300.96948568820897663
88400 307.02706111545876411
88500 312.54105100136553119
88600 305.02876385417476968
88700 316.90909333583181251
88800 322.83825754150882403
88900 309.25881780912533259
89000 304.37583425706628759
89100 320.5990094510967765
89200 325.01976295610234047
89300 314.0314658682561344
89400 314.02259670822354565
89500 307.42264694145848125
89600 308.08912335546148142
89700 315.75300561690079348
89800 328.17264043780119209
89900 307.80542492033970348
90000 311.56569322366590313
90100 299.06113330546827456
90200 303.60493035250152616
90300 317.26116169288718538
90400 317.71340270056691679
90500 312.75668648727884147
90600 309.52028183665629513
90700 298.53314593784955377
90800 305.19671258108962775
90900 320.64048502327324286
91000 306.91216080408446487
91100 295.80979995778682223
91200 300.55777151089210975
91300 313.72658109408587279
91400 299.36432854794611558
91500 304.46339507964523818
91600 323.46418448287164438
91700 325.82237304519532017
91800 306.53018752502862299
91900 306.66075308840538582
92000 314.62147418393880116
92100 307.5433182665335039
92200 314.19645505069274805
92300 316.3801614210432831
92400 319.6768865499467438
92500 303.32129030339359588
92600 313.97742154391573877
92700 300.0370719185752364
92800 310.69125297135491337
92900 311.3509132569402027
93000 299.59191244952882016
93100 305.78393075795395362
93200 327.03971687035163995
93300 305.15962801984449015
93400 310.41572388669118254
93500 322.99359237106813225
93600 309.68566011127450111
93700 302.66367393299287869
93800 321.35825836651042664
93900 313.03499977348866423
94000 313.715550620151987
94100 308.50549049030979631
94200 299.65262898211375386
94300 287.9862314742879903
94400 316.47980674191148864
94500 304.99407810134164265
94600 293.04744673841389613
94700 321.57288262094306219
94800 299.7740227988314814
94900 305.67867580599840949
95000 303.52848576461855146
95100 321.1716552781076075
95200 313.25905576982086131
95300 306.89088854301655829
95400 314.62792294422382611
95500 306.0475176570990925
95600 322.50326961990327845
95700 329.35029840878081586
95800 312.54826197816709055
95900 286.99300114799336825
96000 329.65442585316640134
96100 323.80329463634836884
96200 315.0738091505732541
96300 314.95422903691621741
96400 287.22437879130075089
96500 304.44409608030883874
96600 311.45983673392373703
96700 332.21915551544674372
96800 316.90637429415289716
96900 313.59348396211487398
97000 301.82578659938639021
97100 296.91982010163326322
97200 307.13017487463230282
97300 321.40480401167667424
97400 306.5153512643004774
97500 332.81931724839887465
97600 299.26070520697288657
97700 296.57547807799539896
97800 296.53434198259344612
97900 316.53018200811601446
98000 309.81306970276000357
98100 309.41608759713568588
98200 298.44940457488507946
98300 310.15706926465065862
98400 309.68808279895085889
98500 293.33731483735999745
98600 306.93331031335969783
98700 315.14830859823456422
98800 334.32238123827397658
98900 301.04117266146636211
99000 308.22969329242317826
99100 311.66580796685315136
99200 296.30203632407420855
99300 306.32243089160442651
99400 316.4113174513939839
99500 321.00097862478179422
99600 319.62275882959482942
99700 319.5340333196741085
99800 302.11149405621915776
99900 309.65146400274119287
100000 312.81096186266086079
