# Fix print output for fix printTemp
0 309.99999999999994316
100 311.11932263352792916
200 304.64334732904956127
300 314.37214172010970969
400 314.53544903761007845
500 315.1907981114520112
600 336.82915668104175211
700 318.17913725673690806
800 308.74923142741835136
900 314.27062412543210712
1000 319.87987828376986954
1100 321.18726905270250427
1200 323.80603755585258341
1300 305.1624661831388039
1400 303.86605004542860797
1500 282.85671507573158578
1600 320.04880661627214522
1700 315.99547626856309535
1800 328.72231546891953258
1900 303.0686905196104135
2000 285.34125111454955004
2100 310.28326399000246738
2200 312.60428959427872542
2300 298.42730231850970313
2400 313.74488362334756175
2500 328.14583930010735457
2600 303.61836618364310425
2700 287.81011152673426068
2800 304.88174095117523166
2900 297.41186576576188827
3000 302.69908583141364034
3100 318.68577077990232738
3200 331.9674736309946752
3300 303.93730209368857231
3400 312.83820919039885666
3500 318.81205322254248813
3600 291.64435411598174142
3700 306.2970609277634253
3800 307.04906646998023234
3900 311.43315546523325565
4000 307.29600936269116573
4100 317.66194000196804836
4200 299.06317898385481158
4300 318.96059331587838415
4400 332.01836557527229843
4500 298.95904080494869959
4600 303.62591965886980461
4700 313.27960414929850685
4800 296.54671351500132914
4900 316.74210902929974054
5000 306.41549824845986905
5100 301.29173460528198802
5200 305.99549179461433823
5300 328.42415364626782548
5400 314.88448790194735238
5500 303.65858069842857958
5600 309.82861321427884604
5700 317.23201098785574459
5800 307.2353667809925355
5900 307.12928148525145389
6000 306.85450457062790974
6100 319.64437018173708793
6200 325.79824637105133434
6300 324.52040570138211706
6400 298.5283578259475803
6500 302.18029761579526848
6600 313.3081859256863595
6700 318.92016037990271116
6800 303.97257774811725994
6900 303.53692933061057602
7000 303.75192865987753521
7100 318.94226264642361457
7200 305.60318804628929001
7300 312.5535536367249847
7400 324.08494205454343273
7500 306.88394056701355339
7600 310.93927008801034617
7700 311.75939668215431766
7800 318.56054991372417362
7900 328.48384776509084304
8000 319.82878052445272488
8100 306.30551370235428976
8200 325.83200027778377716
8300 314.88257556928942904
8400 315.22741280631856853
8500 321.30786629251281283
8600 321.96658103455416722
8700 308.23819628545453497
8800 312.40930486109311914
8900 318.69763555414544953
9000 326.21111749971572635
9100 306.66949982534174524
9200 296.15445234837380895
9300 300.82171450382867306
9400 307.37547266356284581
9500 316.4207944086133466
9600 314.6369843667062014
9700 315.78406528357851357
9800 318.55973288281609257
9900 299.76777092312863715
10000 302.24075444584434535
10100 312.18420432166192313
10200 312.17864103265600306
10300 333.69874706592167968
10400 300.45462459598314808
10500 306.77954515273830793
10600 312.76918773806949048
10700 308.36293553729325367
10800 298.25898534845902077
10900 297.57012950252448036
11000 311.15907382281187665
11100 320.00689906525315109
11200 310.79413097739808336
11300 314.50694159782574388
11400 304.34540164316939581
11500 328.7035930270315589
11600 312.44454634233539991
11700 309.03438505605879527
11800 324.41873280251479628
11900 310.25490208773521772
12000 309.49739296226579199
12100 296.83438448806055021
12200 298.27392688204696469
12300 304.8032770411804222
12400 322.10028484236579516
12500 320.31401057699082457
12600 298.21234126585136437
12700 296.97783703359067431
12800 305.67096405059493236
12900 298.15798959296910198
13000 306.55900406261338276
13100 301.0026690270507288
13200 301.41142896753035529
13300 306.32867819362377304
13400 316.29037764241570585
13500 307.04414052662036738
13600 300.58034665409724084
13700 307.09802777454621037
13800 309.58217623382836337
13900 313.24458643608681996
14000 305.90773780904186196
14100 311.96930635954021227
14200 308.51061189090358994
14300 312.96564840681963915
14400 325.484395458590825
14500 314.13317245070538775
14600 321.00649501707221134
14700 297.23458862497807331
14800 288.00111165180607031
14900 307.92295327758830581
15000 313.92020146734358832
15100 312.20597823312567698
15200 332.39409896379584097
15300 307.30575170123654516
15400 311.36659521153819696
15500 300.00197336490816724
15600 298.21164429540363017
15700 299.26577189215623775
15800 321.39530931012222936
15900 327.78783103952196143
16000 312.37193197388171484
16100 307.03312427242843796
16200 312.73524142776273038
16300 317.77903638483832083
16400 296.87477601014001038
16500 297.44997882619281881
16600 298.31037499145554648
16700 319.27587050239668542
16800 312.3148478857211785
16900 303.47664350319735149
17000 304.7607056477360743
17100 304.80455006156103082
17200 319.69468387935501141
17300 316.81106075494221841
17400 316.31707309979378806
17500 306.31631048695692243
17600 301.83542311686795756
17700 294.46978829299996505
17800 304.20885834587818408
17900 328.41372083415791394
18000 326.29084761570493356
18100 315.88981808182296618
18200 323.21374854014038647
18300 319.2779478202323844
18400 309.91917344502843434
18500 294.96480247156159749
18600 306.41515039274207766
18700 306.50663365809060679
18800 296.66327974682286595
18900 322.31270094811077342
19000 316.75617178585372358
19100 303.09411738241266221
19200 314.9601467870023157
19300 312.96038554341686222
19400 301.49963466807969326
19500 322.5292450949925751
19600 307.34310216324843168
19700 303.52831094216963947
19800 306.17409738927716489
19900 292.37912850841735235
20000 303.93860133152742264
20100 294.63494781452800453
20200 311.44972020083918096
20300 322.08615718142169726
20400 310.7317412566353596
20500 305.05918136409519548
20600 292.96877254808021007
20700 306.33218539992469687
20800 312.89801963263732887
20900 328.15568496560376843
21000 306.37042160531120771
21100 310.59893290211391559
21200 325.79217699292320276
21300 321.16410949584320633
21400 318.77285963302989558
21500 296.83715761663859212
21600 306.63459658793783547
21700 319.19414527343275267
21800 305.05220797704237157
21900 296.6898598648153893
22000 340.4962971053235492
22100 296.71904619962128891
22200 306.03588717433984812
22300 320.67705940296997369
22400 305.51995535615191102
22500 304.10554174366762936
22600 306.0317348329598417
22700 301.76334786206030003
22800 301.1491742752459686
22900 311.24779248670961351
23000 327.5548641775317833
23100 312.47505070821677009
23200 306.41282036939156797
23300 319.31675658016700936
23400 307.67381046381103715
23500 315.84635982683715838
23600 313.97517082204871031
23700 317.95441196796633676
23800 299.29404396347553075
23900 312.27612932680779068
24000 296.5642218036720692
24100 299.02926715631565457
24200 308.79202262450894523
24300 321.40466639565795504
24400 328.46724779735546917
24500 307.30070242623122567
24600 309.5653250932561491
24700 317.37677983819980909
24800 305.96886217436139077
24900 320.85226032157760301
25000 307.95621570415818269
25100 297.06143910410600029
25200 304.02531525454952543
25300 311.02523224913039712
25400 314.80366186691270514
25500 303.58118992441035289
25600 322.77832946300225103
25700 316.5737140058426462
25800 308.12569789106049711
25900 309.62926716536804861
26000 316.73330611408766799
26100 316.27313899974359401
26200 307.3297923729625154
26300 312.3580896896293666
26400 302.78106004565069043
26500 311.55615568994039677
26600 311.00058062677823045
26700 299.92605364396354162
26800 321.16099132411352457
26900 304.50935108196335932
27000 298.78472624833335658
27100 298.41445575781540356
27200 305.82025728374395612
27300 303.83578547973371542
27400 325.83705654489739345
27500 311.07236681947881607
27600 312.52899500854846337
27700 318.30729447950261601
27800 310.96842381394128552
27900 316.56741651514658997
28000 315.76681142294251003
28100 308.61603857857301136
28200 302.97604903425235534
28300 315.24531008742820859
28400 326.54355642821479933
28500 336.9718203710269222
28600 304.51895720767663533
28700 305.12233414981511714
28800 300.57792533201944707
28900 316.87236979076050147
29000 313.17406667991104996
29100 306.30089901839755839
29200 304.46022964374873254
29300 325.09099584647714209
29400 308.60722256590713641
29500 304.83618811890988809
29600 304.05473740956080064
29700 308.59349950452002531
29800 302.38994332247870034
29900 330.60310782323944068
30000 303.04975645973416931
30100 320.89641332475855506
30200 321.00374428649809033
30300 300.58859815409539351
30400 304.15594010097146338
30500 312.56947265674023129
30600 321.11451443232562042
30700 293.11619544926162462
30800 304.01980089705938326
30900 310.98885765843186846
31000 326.65746629085572295
31100 308.15085925754289065
31200 295.96216457700126057
31300 316.94796452792303398
31400 319.14522382712027593
31500 307.6853147148572134
31600 307.74055098950509546
31700 324.17706482999943773
31800 312.26373433671909652
31900 308.45655418485239352
32000 325.67109584990242865
32100 312.06712874052715279
32200 302.1353288234238903
32300 322.66857045128875825
32400 313.85896609846099636
32500 305.50418494170509121
32600 303.41531789252377393
32700 306.49783094855439458
32800 314.74452236077570433
32900 292.19496440573902873
33000 305.69176075240460477
33100 316.30067336575319814
33200 326.63329035608688855
33300 295.42071611579791579
33400 308.27125868073324
33500 312.82752563118953049
33600 308.45814611247459425
33700 313.12322113701924309
33800 320.86029796866250763
33900 319.42058096720671756
34000 301.49921494413774781
34100 306.13643203224461331
34200 313.65066602347366143
34300 307.84802499045008517
34400 298.06624252507685924
34500 306.19333132218901028
34600 315.17482855786022355
34700 318.53012562955927933
34800 301.33101315968173139
34900 317.21750723379892634
35000 314.31301348788531413
35100 309.51002451295693163
35200 302.37151926787015555
35300 297.39608079981974242
35400 318.24103089318566617
35500 317.85013968851012578
35600 317.65132233702257736
35700 301.60940467655638031
35800 294.44422668797909637
35900 301.34324730976413775
36000 323.68292935649731135
36100 312.16835422980068415
36200 305.9669706834353633
36300 314.5760400736925817
36400 304.4270357789218906
36500 303.15265696172730259
36600 308.89318451562206747
36700 333.44031267275948949
36800 316.39092471731999012
36900 296.01029116240800931
37000 307.67141751134562355
37100 334.82209313898061964
37200 299.71609138869428079
37300 309.71321027755993782
37400 323.05582389273496347
37500 306.1647628855287735
37600 312.72596843206230233
37700 307.52645219254139874
37800 311.24606682913901068
37900 319.85361080145253254
38000 320.34193407813165777
38100 298.4343470718822573
38200 295.53407168414105399
38300 294.28383413750947284
38400 297.6649756270937246
38500 312.83422374368069541
38600 305.00938174287864513
38700 303.91821044621821102
38800 330.32638620156785692
38900 292.95225132759657072
39000 303.16408218645989336
39100 302.53279089447238448
39200 321.37457218394717984
39300 312.40134795121906564
39400 298.83276296711636633
39500 306.00675869463748313
39600 323.99931454940059439
39700 314.72766428411358675
39800 310.29908141017187972
39900 297.80110313160400892
40000 306.13035745951532363
40100 297.28054216806827981
40200 317.4664191430590563
40300 310.93304909652238166
40400 294.78310584831734786
40500 303.09120202032420366
40600 327.93183048441608207
40700 315.11003224822064794
40800 328.38966374955850824
40900 318.8052795619501012
41000 306.29799184740295459
41100 296.51535957328098903
41200 307.30099190949505328
41300 322.73239909640864198
41400 312.49320828052219667
41500 306.57275651966205032
41600 333.63723802193726442
41700 314.73653340705374148
41800 316.82009679216065479
41900 305.4129482915327003
42000 295.99720885918782187
42100 303.12603996248572003
42200 315.28022680149359758
42300 325.20041878318193085
42400 297.35566154753217916
42500 304.10047617503437323
42600 304.58773998068596711
42700 310.79815914661764964
42800 308.06443200725135512
42900 301.61974406933052251
43000 309.41735032164018548
43100 314.91974147696009823
43200 313.82535184164140674
43300 299.62604615626020177
43400 297.47533029517973091
43500 300.57389572728499161
43600 310.24401441928750955
43700 290.06071466217821353
43800 307.49405961484433192
43900 311.61793750928387681
44000 296.65618054861960218
44100 303.82059746365780484
44200 322.86844195012957925
44300 317.30300991713647818
44400 306.48066662156713846
44500 311.4823789997054746
44600 316.66225736707002625
44700 291.39537446402283649
44800 300.64679675030993167
44900 300.55716402960558753
45000 293.93686923455157967
45100 315.56646448333236776
45200 315.3890716773178724
45300 304.26871971429596897
45400 308.23611778049075838
45500 314.25467859161130946
45600 315.74638722624956699
45700 312.75878133424765792
45800 295.42314723953779776
45900 315.95125624966573241
46000 318.60192409531413205
46100 312.34372113446642061
46200 298.42649610111266156
46300 292.27400358678926295
46400 307.72742510775219671
46500 302.93183355062672035
46600 312.13898665173297786
46700 336.1186313200986433
46800 300.97103210067206192
46900 300.03198782892764029
47000 320.14956106608366326
47100 311.95275943091240833
47200 295.75562574072660027
47300 302.62588720719816138
47400 311.69087413204624681
47500 321.09674983623654043
47600 313.87717735561784593
47700 295.86773249832242527
47800 308.00986675896666611
47900 312.88468998668923859
48000 326.01413833409924337
48100 308.95399958312117406
48200 310.96992253073341317
48300 321.47114209113090055
48400 321.60936883440581369
48500 305.19607546050116298
48600 322.2309596148846822
48700 313.13813095982555978
48800 320.6662153365647896
48900 297.51805869936197269
49000 312.54112495923504866
49100 313.61857437973935703
49200 312.68181745106818425
49300 302.24889376955724174
49400 307.26076348687166728
49500 312.06413569184286416
49600 313.41646985797797242
49700 325.10056924705554593
49800 320.1829390006655558
49900 294.41546733939588876
50000 306.831795711776806
50100 293.01496696584769097
50200 311.2847768032067961
50300 313.9263832556338798
50400 318.43917356516385553
50500 310.3034716503564141
50600 306.37770856485394688
50700 308.7980308433824348
50800 307.26708210161245916
50900 311.50964973757919552
51000 317.45444459004215787
51100 311.79534798051037114
51200 304.4466849604451113
51300 312.07692547801798355
51400 326.6394220501974246
51500 324.76796196598064626
51600 317.93061360092053746
51700 303.8995130976026644
51800 317.99991099191453259
51900 314.67879157973334259
52000 299.94058736788036867
52100 306.24717268948427318
52200 307.0395306706664087
52300 310.40835650770088705
52400 298.75880465763145821
52500 329.18479131635831436
52600 315.79181876117314687
52700 307.85861045135663971
52800 309.60241932327539871
52900 306.63028369289753527
53000 319.78859170565613113
53100 311.24773038968089622
53200 308.62780346000096188
53300 312.34580597523324741
53400 321.5064380806033455
53500 311.40650871819019585
53600 311.1829864835067383
53700 309.26368455450426609
53800 310.5479696315778142
53900 305.83080290139849922
54000 304.04863336685178865
54100 308.62767571309774439
54200 318.3141861726943489
54300 304.68267672096811793
54400 327.68678882991878254
54500 307.55673512961897131
54600 321.25748150715691054
54700 318.06620419316328707
54800 315.62414312434168551
54900 310.24310108547450682
55000 303.0084718865538207
55100 298.24923757779311018
55200 297.58700182843881521
55300 299.14997982316657499
55400 312.67693064727973251
55500 317.99984224033340752
55600 306.14825835942622234
55700 315.60155290300605202
55800 315.26147072471422916
55900 311.19426667234307615
56000 298.642399296954693
56100 306.01439551230913594
56200 305.26018563757759239
56300 301.97830648668468712
56400 315.48019428867934266
56500 317.09682313714012025
56600 305.02993700529947319
56700 298.25777336353507962
56800 314.45392336431916647
56900 302.91360031752225268
57000 309.36185536797160012
57100 324.02207212104309519
57200 299.60748934563258672
57300 302.00169831044655666
57400 321.41994860535123735
57500 318.01424547706051271
57600 298.29977026427371811
57700 296.66314194601267218
57800 315.59666709787416039
57900 319.35784713690128456
58000 316.43621891220197995
58100 300.94466734106748618
58200 320.35031475230562137
58300 311.26551510256382471
58400 320.35271952074407409
58500 302.89169784175612676
58600 312.06979484719875018
58700 314.74871012523055924
58800 324.74056059632164306
58900 320.92217231587630977
59000 306.04555703787690391
59100 290.50550263156901565
59200 317.55881541604310314
59300 302.32566401609403783
59400 314.17928567190546119
59500 300.44808664325063319
59600 315.49150005969971744
59700 311.1334545479878102
59800 315.26121207682064096
59900 312.21138809018543725
60000 307.08741913915548594
60100 302.90411393619700675
60200 296.06257398467380426
60300 304.96428688910270921
60400 311.64190832918922069
60500 313.05572452140728501
60600 306.70110271629800991
60700 314.66288160572116794
60800 323.07962075055763762
60900 327.52643686283448687
61000 302.01232934613511816
61100 307.3947112085368758
61200 294.1353786358168918
61300 296.87091125760446175
61400 323.61699781255208563
61500 309.38871229711725164
61600 303.72180714252175449
61700 302.75714286867338387
61800 314.72337559420139996
61900 315.23245698403019333
62000 286.74787631136877053
62100 309.43312632976380883
62200 311.82805173594465487
62300 312.20521186586807971
62400 325.86954638463163292
62500 318.04403579224333498
62600 291.08165748794306182
62700 302.89494538268507995
62800 309.58466576717808039
62900 316.97639916340796162
63000 295.91591057456855651
63100 298.24989663507000159
63200 306.90450049509041719
63300 302.63310863626077207
63400 316.45042796205183322
63500 314.50079246776493846
63600 297.017622940375702
63700 303.55085367942490393
63800 302.72394087845583499
63900 318.32073760447735822
64000 299.7671809115574888
64100 302.92822125900778474
64200 309.82983949430212078
64300 303.42365266560040027
64400 320.05008501855326131
64500 314.02610535437651151
64600 307.56739934040786011
64700 306.67165368267654912
64800 312.39038226164592515
64900 306.29331593441861514
65000 303.08666884660112828
65100 313.6778705144395758
65200 316.01082107351089689
65300 311.91329243925821402
65400 303.28583610756021471
65500 310.32336847732170781
65600 317.63524475484217646
65700 339.73073289938974995
65800 308.65373557924453962
65900 318.54100761390077423
66000 327.58529760187582269
66100 298.23275066319098414
66200 301.94884176034076972
66300 316.94036232328778624
66400 313.39137537062993033
66500 315.44404959811919298
66600 319.38664388516036752
66700 315.80966689678854209
66800 338.79082073619110815
66900 300.33608475209695143
67000 307.32608508229458266
67100 311.53749354586068421
67200 298.28412422085551725
67300 321.04931695297642591
67400 316.63520112460338396
67500 311.57196977932625259
67600 299.00955608537600483
67700 306.97160812143749808
67800 297.56970374623529096
67900 299.45696500838147358
68000 310.50703613546619408
68100 317.93708460466774568
68200 310.92941887202886164
68300 308.76725354959660308
68400 296.31582653557018148
68500 309.73196741586764347
68600 304.06119295171737349
68700 300.65858320609959264
68800 309.3629734631161341
68900 311.98427412536705106
69000 303.21875175768536792
69100 318.33615468990115005
69200 303.64593340262325682
69300 310.86607211483112678
69400 335.58121776529401359
69500 309.31098107761795291
69600 293.40331373828149708
69700 298.7788147554630882
69800 321.30342224775364457
69900 313.91881431420625859
70000 308.5912286331059704
70100 304.78717217066827061
70200 306.20434123842210283
70300 318.8136266954287521
70400 298.28469032018551843
70500 305.08395278413530605
70600 300.48199163599485928
70700 321.25012882322391761
70800 315.85714775040520408
70900 302.53950182790356394
71000 313.78064335129397477
71100 325.02214529648529151
71200 327.78373574855322659
71300 321.61319476182126209
71400 303.67027002295748161
71500 304.11872426347707687
71600 314.50213409842359624
71700 325.75334227808059495
71800 302.94561576735839026
71900 295.34028104620642807
72000 317.31934463157733717
72100 327.37020245049677669
72200 306.94791388455519154
72300 307.77502079596837348
72400 302.70041255554491499
72500 312.71588750621594954
72600 305.5552454063534924
72700 304.53473438378807714
72800 299.04021444841765742
72900 314.437079084605557
73000 307.77704527229116138
73100 306.60752000562160902
73200 313.34287038173647488
73300 304.68796507146271324
73400 326.28251636715339146
73500 326.82345281517297053
73600 313.05941618894166822
73700 298.09242379413763047
73800 309.87432529966264383
73900 309.61494462859513987
74000 315.42440053120810717
74100 310.61711285646833858
74200 309.49629931186802878
74300 310.08138093766598331
74400 309.44491562076342461
74500 315.36402648621242406
74600 308.00076531769673238
74700 315.98507870722346524
74800 317.52188578832306121
74900 319.14010549468576983
75000 303.44765095898827667
75100 306.90935075490472173
75200 316.52888567279438803
75300 313.880158906185045
75400 311.27024314716209119
75500 301.44249565117360135
75600 303.98277876520631935
75700 315.9498599322085397
75800 316.79927738179367225
75900 306.85454623238194927
76000 301.09460663304605532
76100 305.13256230705547978
76200 314.66515278167190672
76300 286.98329546881655006
76400 313.48927284712129904
76500 320.93390426765165557
76600 313.15942709642797581
76700 307.60639559077532112
76800 311.52038867035844305
76900 312.92889843204591216
77000 328.57001116530005902
77100 309.12272087283014343
77200 313.17308398605337061
77300 298.92535887163052166
77400 299.50657986061685278
77500 308.56270646697748816
77600 329.26050242117355538
77700 307.23800488847587076
77800 305.2945782368875598
77900 321.22463132351646209
78000 315.15311023703941373
78100 285.05368713054804175
78200 328.09399462442502227
78300 307.11258555737231291
78400 288.11454479081504587
78500 321.23243438324010413
78600 314.60950046160701277
78700 312.57731987777435734
78800 321.06250959340337658
78900 326.93511085379174119
79000 314.37640159147713348
79100 318.82350881100347806
79200 322.05684703203434083
79300 305.44922351473201161
79400 315.74341048155451972
79500 317.20766136163655347
79600 306.10668108856327763
79700 324.57707666598196283
79800 301.52403514202217139
79900 303.95037745219116232
80000 329.1339847793749982
80100 314.69592663833708457
80200 303.87632582904041101
80300 315.59073350909369537
80400 310.98828462119155347
80500 324.26704578421868064
80600 311.37193630070777317
80700 314.14287645416561645
80800 319.49231210741402265
80900 303.29284053470161098
81000 303.30754917282143879
81100 325.5665536692302453
81200 323.94655928274966072
81300 315.45995437285034768
81400 301.17263713692267402
81500 299.23324256485108208
81600 313.92740665604969763
81700 329.03242118517289327
81800 314.81606900034796581
81900 319.99034530167017465
82000 305.19962082629768929
82100 318.68032302182791682
82200 311.85472725549237794
82300 297.2890539895653319
82400 306.38330715596850951
82500 296.95787761825738471
82600 308.64204490696272387
82700 312.25117465800207128
82800 298.00103320597128231
82900 309.0519096137637689
83000 332.54642669310499059
83100 309.30575041566072514
83200 306.12510983044296609
83300 315.03650561026239529
83400 318.67110831720736996
83500 301.64198342223875215
83600 313.87915243699887924
83700 328.0812866860592294
83800 314.52588471464963504
83900 314.16266191047520806
84000 307.20484705050876073
84100 323.09115732369110674
84200 304.60729397170337052
84300 303.9105112662598458
84400 314.91107946280294527
84500 319.11866890728742874
84600 296.36739908942240618
84700 312.82760577601465002
84800 307.62693268952460812
84900 313.3864730901970006
85000 308.58558572472333026
85100 308.43897270599643434
85200 322.44408944235294712
85300 326.20638377387086848
85400 306.88720038557448788
85500 280.90411216616973888
85600 314.06241908227963222
85700 316.79733902247483002
85800 320.0879030710109987
85900 315.82810222078268225
86000 309.73446310901528022
86100 308.39960794322604443
86200 286.05376150708787009
86300 311.68936044945934327
86400 316.70335329118540812
86500 326.13281340952113396
86600 313.56131697973705741
86700 313.74231880893074731
86800 316.16307160959888733
86900 299.59991714430816501
87000 312.91518018278810587
87100 291.7899315123136148
87200 304.48400105406858529
87300 306.51644779173165034
87400 299.09365662285301823
87500 323.29393554663113264
87600 314.17080342762938017
87700 301.70789892685428413
87800 307.03819030935039791
87900 318.13570704390741639
88000 306.65398134557079857
88100 293.27645370715771378
88200 309.39949509992766252
88300 291.05886745429734219
88400 295.0887575236628777
88500 317.48706583773849843
88600 310.99902134055042779
88700 302.26282496038425052
88800 319.7398104735519837
88900 304.00904885301929426
89000 316.36512337147803464
89100 315.67136174889731137
89200 291.93850455315617864
89300 299.37642222310540774
89400 314.61588291927091632
89500 312.78493652122335789
89600 297.96997017812105923
89700 317.8891856593029388
89800 317.42040205077807968
89900 313.67504938766012401
90000 306.636452904000123
90100 329.6824784822160268
90200 322.89208801257365167
90300 310.88168693957010191
90400 303.9414331568246439
90500 324.16789247124944495
90600 308.75716026340097642
90700 311.54950015996956836
90800 303.56076316149164995
90900 304.78900638593603389
91000 319.95938706056955425
91100 319.39464563733537261
91200 299.51524651815225297
91300 301.6807829350862562
91400 318.54587838863352545
91500 306.9845908190233672
91600 323.57477791185158367
91700 310.77083909390586314
91800 311.82530981051604613
91900 299.20286045926957286
92000 305.18352886993199036
92100 310.39770704742670659
92200 303.55704658847918154
92300 313.446381195590277
92400 321.3254930361461561
92500 318.96092293757868674
92600 299.56988834453221671
92700 316.28119862194989764
92800 306.10943526959039218
92900 310.4852630317469675
93000 323.79896290930281566
93100 309.16392352373844687
93200 322.76662542431455449
93300 309.914777335186443
93400 314.46876831197585034
93500 303.1166278855137648
93600 308.08242558219598095
93700 307.66050270784126042
93800 296.63147146670246457
93900 314.43457372800588701
94000 310.8271125321322188
94100 316.76700829297749351
94200 308.53780863700848158
94300 298.26694503672791825
94400 310.44513431547568416
94500 313.66218935387848887
94600 311.19511658471628834
94700 335.67186056368223035
94800 304.55794934671786223
94900 289.20339656843680132
95000 299.52288881223688577
95100 300.30463809614036563
95200 318.43724029907701834
95300 314.48388194856164546
95400 311.37370317930356123
95500 308.20916279452859499
95600 300.81212982252708343
95700 321.45915683170528609
95800 314.27440795742177215
95900 308.41536657090387052
96000 306.67760849380397303
96100 302.72257362584923612
96200 322.36337980396825742
96300 322.33094651839007838
96400 310.75372978039530381
96500 324.26810311417398225
96600 316.51977902763547945
96700 314.79832862268295912
96800 308.84378341000052615
96900 299.30297402558898057
97000 323.59584301310036381
97100 316.6353032309897344
97200 300.38410699205917354
97300 310.34776451028727706
97400 308.78522712160832953
97500 328.27750039118086534
97600 309.36264360656741701
97700 313.09037716611913993
97800 305.11067698298489859
97900 304.3038420642977826
98000 307.99831685081409205
98100 298.00597720295138515
98200 313.4582932660938468
98300 313.56458495585820856
98400 322.00362544229915329
98500 303.42166735478161854
98600 319.64464089636578592
98700 292.39353337534936372
98800 307.26983313625919436
98900 314.06527999669447127
99000 327.66216961801529806
99100 315.84709476899149649
99200 310.93461720857948194
99300 301.47238355380409303
99400 308.85486484045583211
99500 304.32326376441835691
99600 324.82055926771710119
99700 315.8192587864084544
99800 300.21709753615164118
99900 303.95869687641607015
100000 318.09340050698472169
