# Fix print output for fix printTemp
0 309.99999999999994316
100 317.94260670767931742
200 308.50953380242140156
300 319.80581792116794304
400 305.59370114315271394
500 303.13494336683334041
600 305.15080913452567302
700 301.90768725520592852
800 305.97013526068542433
900 302.0362766153751295
1000 321.70453068703324107
1100 306.24236902740312871
1200 291.00913536916317526
1300 301.98881830814974592
1400 308.47072266745192337
1500 305.27314112663685819
1600 315.11834688308891828
1700 318.0995056550431741
1800 302.59716610911442558
1900 314.28063697063771542
2000 312.96092456774113089
2100 339.66457162551256488
2200 321.3921800710989487
2300 319.49098134668088278
2400 328.28257485692245154
2500 314.181788033473822
2600 313.47893416955974999
2700 309.00961251485881576
2800 301.26209983493089339
2900 295.45359566433154441
3000 296.97542841457516261
3100 312.97320563565563134
3200 294.47788025179505667
3300 295.8027449869361476
3400 322.61455206347415015
3500 316.23226441210795201
3600 288.57738974623180184
3700 297.12478543361669381
3800 311.57890751180497091
3900 316.6933348734635274
4000 317.00877607410302517
4100 334.52353612095555491
4200 313.2366544614762347
4300 320.50691945702840258
4400 314.97750127146463228
4500 322.92055354084664032
4600 333.35780640088893279
4700 313.67856271462022733
4800 319.28883070042616055
4900 311.70246927907533063
5000 311.86454837400469842
5100 330.54683671781157273
5200 324.53496276586389513
5300 319.81410671394314704
5400 318.53621035053527066
5500 313.52017058363816204
5600 314.33614612416147338
5700 313.8188593466443308
5800 306.29679195864395069
5900 335.54173722027422855
6000 311.08739280973782115
6100 304.90934570784276048
6200 313.71259753827229133
6300 298.37755444730515819
6400 292.25032040048193949
6500 327.63266200353615432
6600 319.42162700506639794
6700 309.12343859725427819
6800 313.10924412781037063
6900 313.68548989986197739
7000 312.7917444263721336
7100 307.56399131777470757
7200 308.46746506478905303
7300 309.09394304861041292
7400 303.95519734779611554
7500 316.15938272071747406
7600 300.91586461115622342
7700 309.53266127816959852
7800 320.47276440650199447
7900 315.74020258065041844
8000 295.51002694220090916
8100 295.05369602153689357
8200 304.65719670147319675
8300 322.69871024589252784
8400 317.89190613632240456
8500 306.05797317084267206
8600 309.99697781011110465
8700 312.84112090136324014
8800 300.25508030345758925
8900 314.69662945556098066
9000 321.52220453768819652
9100 320.22892907373346816
9200 309.31927460741007962
9300 302.74303762913342553
9400 314.96760412054550216
9500 324.51448990711946863
9600 321.13736297261209529
9700 318.45563382777470451
9800 312.08784715530140375
9900 316.28193565183721603
10000 298.0667749948626124
10100 311.05543948188454806
10200 310.24152511243920571
10300 302.27583304559180988
10400 308.67890070971515115
10500 319.8606769427970562
10600 308.62505613659692472
10700 312.61819280516391473
10800 315.91796483561114428
10900 308.50461844841987613
11000 305.75665505751652518
11100 305.49191227051488795
11200 302.92726981227730221
11300 307.7254142185771002
11400 308.91569192073893646
11500 312.61589821578701276
11600 318.63416411304058329
11700 314.06908655135958952
11800 318.63281471434720515
11900 319.28906292110536924
12000 303.08072102697514083
12100 292.64472561635642478
12200 317.66598014166373787
12300 318.53337568533231661
12400 313.12152619303554957
12500 316.97960130153217051
12600 317.17560759375038515
12700 302.84217310722294769
12800 325.67568719220616913
12900 312.46190569656056368
13000 301.53686757697488474
13100 312.98296514686222736
13200 299.60444819385725168
13300 299.41859544368037405
13400 303.28625131762453293
13500 318.63990420541279036
13600 299.1304160121167115
13700 301.28645455657357388
13800 301.35465310501155045
13900 311.14534478226789815
14000 315.73657026293659555
14100 315.29742892383649178
14200 312.45904719863295895
14300 313.67735968699957994
14400 297.35574111569866318
14500 292.99081940083857489
14600 308.93225659798355309
14700 314.2355090446406507
14800 304.95999395861122139
14900 309.26632728192004151
15000 313.78744653020180522
15100 311.91421248210400563
15200 312.47448897422987102
15300 313.34207165142009899
15400 313.93966717016502344
15500 310.23553579409644954
15600 308.56666565753238274
15700 297.36174478780412755
15800 317.91474681083099085
15900 309.19061672912613403
16000 315.71658829729130957
16100 322.76340972590026013
16200 317.27849478946336603
16300 303.41712614658098346
16400 300.35341524821535586
16500 317.52927030133338349
16600 303.65883110787007126
16700 297.99448760112153423
16800 313.22737350976984771
16900 304.32752023455128665
17000 318.21855294839491535
17100 314.31981713422590019
17200 319.30054589537542142
17300 309.85047841638566979
17400 318.30104357209592081
17500 311.36430206722059211
17600 302.27369247629394522
17700 315.07127833204378931
17800 303.50679145057813457
17900 295.18670556059657883
18000 314.49990535936075275
18100 301.74869737730307406
18200 308.64849723325244213
18300 314.69559075607037357
18400 311.24712230471430985
18500 313.15238598978692153
18600 307.59881209910707867
18700 319.30019858001691091
18800 295.20022966022588662
18900 305.63483302400442199
19000 317.3622583124277412
19100 319.05432965798786427
19200 318.713454523929272
19300 294.84150594062549544
19400 318.02217939652314271
19500 316.65067199620875726
19600 312.91825776131423709
19700 300.32669219873764632
19800 305.06386245547764702
19900 318.49436901183599957
20000 323.63879954609052447
20100 318.83571544501165818
20200 311.248288902422928
20300 299.39380311195742479
20400 311.48549695450572017
20500 313.22564909684103895
20600 315.19132929797819997
20700 319.85740177829922004
20800 306.02777146757443916
20900 300.02532186602849151
21000 304.96422283028334732
21100 292.78358853326534472
21200 293.72088272718411872
21300 320.0799158383610461
21400 308.46045944874066436
21500 307.49389967768598808
21600 309.30214825026189374
21700 305.29053933371551466
21800 313.08102184646162414
21900 295.00898820663405786
22000 306.89172578942043401
22100 307.03931847093105034
22200 296.79157225442594381
22300 308.72205301993511739
22400 304.04570284211621356
22500 309.82230874559076028
22600 307.61246938584707777
22700 313.51531923298568927
22800 316.7904231319797077
22900 318.55541734061068837
23000 323.54556558998910987
23100 306.88770239788465233
23200 301.61111024869978792
23300 300.60508818374751172
23400 317.5262190318395028
23500 322.82478773421871665
23600 307.88342051317994219
23700 302.22340078557550669
23800 305.31502955555464496
23900 316.84832706798681556
24000 317.36846475404320245
24100 307.86876867457027629
24200 320.2399892117519471
24300 315.70421812081229973
24400 323.83439327091201676
24500 316.39793196813405984
24600 308.87731425376722427
24700 310.51835087359575027
24800 329.77438052513889488
24900 313.1516241282152464
25000 308.06066596045349115
25100 301.58876115103356597
25200 309.88755119519152004
25300 312.17011855954314115
25400 318.91318121667507057
25500 302.59969922127146447
25600 304.40778784163558157
25700 304.69423427159460971
25800 311.87692370226255889
25900 307.25198421727753839
26000 311.23846423250597582
26100 288.98650855118478376
26200 304.80139159030863993
26300 298.00859332162457349
26400 339.05441926857315593
26500 306.24267227805273706
26600 310.67394875150085909
26700 313.90248381761733754
26800 306.08068213678131997
26900 312.77685176562073366
27000 308.36765513581667619
27100 308.54927720331357932
27200 304.9791016497470082
27300 303.12121070660958821
27400 311.40738714114189634
27500 311.25288107875530841
27600 300.97104959054831852
27700 307.377374962671297
27800 311.04273913722187217
27900 303.44351930969617115
28000 308.28638422542559283
28100 322.23479619094337068
28200 332.59345295941045606
28300 311.69772149374426817
28400 298.81325485429726996
28500 304.13280870196109618
28600 297.93935415137968903
28700 325.98264860674311194
28800 308.71553464236166064
28900 304.61900404495838757
29000 300.4744937110164642
29100 311.24930027558588108
29200 315.20589129218279822
29300 307.29805070590737159
29400 296.50204135144218753
29500 311.76892563680786452
29600 307.5739459621019023
29700 312.27691759081051259
29800 306.35517787089258945
29900 297.28832852380503482
30000 324.42479213052655496
30100 314.88388979495658759
30200 317.70478320293693741
30300 306.34299510065352479
30400 311.67351460378620231
30500 302.00516203606707677
30600 314.74822848042174428
30700 328.79907468652913849
30800 309.29529780919330051
30900 304.66068831267193673
31000 316.18901020347709618
31100 298.37055590899183244
31200 307.26438542848416091
31300 304.54990243561940133
31400 324.05432046406474456
31500 316.29006490004172747
31600 311.36700571832403739
31700 303.58298479638324352
31800 318.04138157468651116
31900 318.77879459257081862
32000 319.16822931379823558
32100 320.35580547164903464
32200 312.22429630942025369
32300 301.48110449192313354
32400 298.00141249397915999
32500 304.25394564905951711
32600 325.02306095976041433
32700 316.75131625235252386
32800 307.77497164959220299
32900 309.64255618214781407
33000 289.61199860720313382
33100 311.10011954185051763
33200 312.72209577251993551
33300 300.25050765567527833
33400 303.63790000061106866
33500 313.53141284346321527
33600 321.62681210542859844
33700 325.75897931749153713
33800 318.73033091470296085
33900 325.85995090131785901
34000 306.61030108646195913
34100 308.49154264940074199
34200 314.7817203315325969
34300 308.33159930381265212
34400 315.68496700985008374
34500 320.78798187662874852
34600 287.50084826767556478
34700 311.30659359754668003
34800 298.41449253781070183
34900 310.35457491531275309
35000 306.76721242696675063
35100 296.49042374371236974
35200 306.76834467435458009
35300 314.87177138973424917
35400 316.48601077681445304
35500 298.238531020049777
35600 302.11394502290960418
35700 327.93792541351166392
35800 302.53964954950419042
35900 304.63165962669233977
36000 306.08967713650429232
36100 305.49489502851696443
36200 318.32083792757509855
36300 325.56617690834042378
36400 317.28343058992487613
36500 308.6386302750872801
36600 302.06265252218628348
36700 304.26029766451057412
36800 314.14183557471727681
36900 320.95895772306158733
37000 312.20133171779269787
37100 303.87534257029727769
37200 307.57767879560844904
37300 318.71618589833457236
37400 322.03904645376422877
37500 310.75370420562398976
37600 302.89160433563114339
37700 300.32517474420359349
37800 306.59480809535062917
37900 322.0011931607221527
38000 310.40238250822051214
38100 309.54094097094821336
38200 310.20218772197205226
38300 315.02264007703558946
38400 324.91784438470318719
38500 318.64107307228255195
38600 321.69767014715762343
38700 312.53476576016112176
38800 326.52545708246117329
38900 305.92870364758863388
39000 324.90692500153511446
39100 320.54141764093617439
39200 293.27265550618733414
39300 304.02398971540611683
39400 314.56826347942671873
39500 304.19516212069038374
39600 308.89466136675099506
39700 304.52004031459921407
39800 305.62217702627367544
39900 314.99752520411936985
40000 301.78976395637818086
40100 326.51601497159998644
40200 316.93234302619936216
40300 301.24159015843878251
40400 315.38152841388040315
40500 299.12431113166542218
40600 313.77347877260018549
40700 316.23873784671548037
40800 317.80347531815141338
40900 306.73305560174060247
41000 299.05192004068101141
41100 310.15325922123935243
41200 308.53966312305794872
41300 316.35668757708555177
41400 308.37405738169269398
41500 292.41396003188339137
41600 300.86585245403892941
41700 311.41470174918430303
41800 291.77821543950153682
41900 296.29255456284266756
42000 325.35909471417238592
42100 307.8172476349411113
42200 308.54803834153392472
42300 299.75337665568116563
42400 315.19127904748671654
42500 314.38031698874169706
42600 305.68701496739458889
42700 300.81448658066182134
42800 323.57706879412052103
42900 312.91821695195358188
43000 294.96639773655829231
43100 308.85210087081759411
43200 302.66490777486131947
43300 308.19477804548137101
43400 328.32863574090856673
43500 308.98010939090852389
43600 304.97234684682251782
43700 310.14174921136736884
43800 320.17156712521824602
43900 311.56343652446724946
44000 316.28761858871439472
44100 306.85852458294522194
44200 301.68682582796560609
44300 306.05518005627209277
44400 305.08456552878641332
44500 325.06707170515085181
44600 321.56703943073057417
44700 325.86559408270937865
44800 310.56393461590846528
44900 323.09418875890497702
45000 304.43240161999472093
45100 321.88729081404767385
45200 314.98745557491804448
45300 317.74564655346091513
45400 324.07084099900527008
45500 316.18534502149776699
45600 303.99408104342717252
45700 310.82395279404460098
45800 303.56103003266895257
45900 301.89585711553826286
46000 294.19620830989140359
46100 299.76484134519409963
46200 319.80842055103977373
46300 315.14699224579192105
46400 319.2112426951271118
46500 294.11989447398940456
46600 297.87203906913930496
46700 307.45095030374670841
46800 300.58808153239141348
46900 311.51823407882250194
47000 299.60337919020849995
47100 301.33016461563539679
47200 326.13555538709994153
47300 317.89712398980799435
47400 312.90225675951921858
47500 306.10482824668719104
47600 314.35157361369834916
47700 313.59768872622100844
47800 300.78176003673274863
47900 312.81432066224618893
48000 298.1507337653176819
48100 304.76127035676967125
48200 322.54692705249505025
48300 306.48430517320366562
48400 306.43004768718913056
48500 302.18709337734173914
48600 306.62829227473332594
48700 308.12979261832424527
48800 317.13803415544424524
48900 312.65869234547500355
49000 298.8705914084814026
49100 303.50498800248124098
49200 313.00512117110446297
49300 331.78879047778610811
49400 293.39418355651395132
49500 317.03570823875674023
49600 327.80385512521291957
49700 305.40495817072599039
49800 309.21234031147884025
49900 320.12242011314788215
50000 309.61697393027094449
50100 308.61466329638045636
50200 313.94285981241756645
50300 296.791445365932816
50400 305.76833074393374545
50500 312.68692121112007953
50600 317.69444546044769595
50700 319.4468851519279724
50800 331.34717187672322325
50900 315.93753899811844121
51000 306.9167948913952273
51100 291.34517391840529399
51200 320.50514297364321692
51300 317.58537394419926159
51400 302.02606930419324271
51500 310.15921180100542642
51600 297.85356673129774663
51700 302.05830927495111382
51800 307.06797155874517102
51900 320.30857192416721091
52000 310.41158962437384616
52100 304.07578533541084198
52200 304.44121207458476874
52300 319.12778100911060619
52400 312.50949576504513061
52500 303.70656540357560971
52600 293.38657214080814128
52700 300.18353967329341003
52800 303.4622093653003958
52900 313.22059815848695052
53000 317.90344156640952633
53100 312.84288635972478687
53200 310.49333688791926988
53300 304.84544971413612302
53400 314.87128412190992321
53500 315.54001146962741586
53600 310.53353188233353421
53700 307.38025220335543963
53800 326.07686286647196994
53900 307.2432757217476933
54000 311.57749114939633728
54100 313.19565798417534097
54200 307.11522056840976802
54300 298.31284453384432709
54400 311.98784576544369429
54500 311.02459912885456106
54600 306.57674164069550216
54700 320.73179380491006896
54800 321.67359144434271911
54900 310.94301856019779962
55000 299.00403301227544262
55100 301.22315475014175945
55200 317.02989511729498417
55300 303.51201889780361398
55400 306.39750219133691189
55500 315.97978479740851299
55600 314.94651403818005519
55700 312.25741953369509929
55800 327.28260996084264889
55900 312.47356632514254215
56000 292.9735349091953367
56100 309.37875589557069134
56200 326.12475325328864528
56300 324.03621305918204598
56400 303.00283542947147453
56500 307.58996918300431389
56600 313.48494068596795614
56700 326.29110111363485203
56800 306.73008960962749825
56900 323.05737752308368727
57000 306.51882243552341833
57100 312.41029302948453505
57200 297.30503564607516864
57300 304.32699533339075515
57400 318.98231456863931044
57500 309.06161711103152356
57600 302.44818283085805888
57700 326.91960188603854931
57800 327.86710546930981991
57900 307.04175829714472457
58000 316.80717291400810609
58100 311.00147564366244524
58200 308.9412005544415365
58300 306.58902856322862363
58400 313.04207473502344783
58500 314.93893852398201716
58600 313.28752765332205854
58700 303.007340054210772
58800 314.45687547822615215
58900 313.12871664032218177
59000 303.36673109682982385
59100 316.08737309201552534
59200 316.85837465774920929
59300 284.38651753778395914
59400 310.87525146638978413
59500 317.56956516142520286
59600 316.25192314340563371
59700 318.64521093918375527
59800 314.97587592110158994
59900 317.19428906781269006
60000 309.22818600091062535
60100 303.19587982738454457
60200 306.95951793161782462
60300 304.683527754083741
60400 313.73698302448497088
60500 310.42609907766859578
60600 322.85709731851119386
60700 302.18650785339428921
60800 305.56395803719448168
60900 317.00334883099856143
61000 327.86001182793438602
61100 311.3654415786772347
61200 307.30481241096356371
61300 311.12012446398529164
61400 308.68396183122860066
61500 320.83772627123721577
61600 321.00931976975965654
61700 307.60870120812694495
61800 324.58961167095623068
61900 306.65498056398854487
62000 314.27211297471330909
62100 324.78871184550160933
62200 307.80067699799690217
62300 303.70402619235511565
62400 310.32550388533223895
62500 328.55897392920849143
62600 309.48026647326520333
62700 317.07682499636314333
62800 332.71628008739031657
62900 301.26551956652787112
63000 298.92542423887778114
63100 315.98854170074577041
63200 312.64319403140819986
63300 315.27496186100921705
63400 314.20914015822256715
63500 321.39028426184313503
63600 307.09843285951399139
63700 309.38985138341359971
63800 289.64679951943821834
63900 314.75589605966678164
64000 316.3964199389426426
64100 329.31607651374486068
64200 317.1138727960868664
64300 307.43073480210898651
64400 302.76591672047169368
64500 297.36028826328032437
64600 305.99604818646082549
64700 304.73967827058891089
64800 312.30209021332382235
64900 315.20833145766675898
65000 306.79804569525020952
65100 303.2074888015306442
65200 322.96748379821525532
65300 309.57101698136000323
65400 318.06577780557597634
65500 314.71169929137033705
65600 301.00842708946908033
65700 301.89547702109445027
65800 304.75996481097126889
65900 304.14359221966088853
66000 314.9837722802915323
66100 299.74926915162438945
66200 299.45282701050791729
66300 305.2895082258119146
66400 322.98842762457229583
66500 310.42550474457175369
66600 311.48087052491547411
66700 324.82158443605106868
66800 306.19640280821232636
66900 298.70464157737285404
67000 326.8526615896447538
67100 308.98511390568779689
67200 310.9128469119105489
67300 311.22913611141660795
67400 292.59837395465302734
67500 308.87203413783322503
67600 314.1081447784691818
67700 313.20604873393102707
67800 322.54802874835172588
67900 305.4317005755552259
68000 299.44595004557498896
68100 324.64769728695188178
68200 305.49105924013190361
68300 303.44163954501078706
68400 300.86299227921733745
68500 289.25764483712794117
68600 306.07743190808884037
68700 318.50512841095786598
68800 307.57840970635351141
68900 311.37686632253570451
69000 288.77249336094507726
69100 315.50663176517997499
69200 307.89167714408893062
69300 296.72816216897734876
69400 301.80998586771323744
69500 304.54059253283350017
69600 293.13511716765907522
69700 314.09242741991602088
69800 310.70787199837286607
69900 309.18107866752035306
70000 294.64533876481789321
70100 308.95510416859167435
70200 320.13903482362599107
70300 300.04221772136128266
70400 313.10384353899098642
70500 323.8230211351814205
70600 316.88093157992574334
70700 330.61451846745296734
70800 318.80945196819499188
70900 311.8012103657790135
71000 306.74145729323157639
71100 300.85390603609005211
71200 307.54482813350352899
71300 310.41973257050415214
71400 329.10802925121731732
71500 311.92599778641533703
71600 301.59005059050178943
71700 307.9804181552681257
71800 315.16750516600524179
71900 309.54092999806448461
72000 306.37618719327804229
72100 302.87990345752081112
72200 323.48389966068589274
72300 311.49905363919714318
72400 300.7790019549266276
72500 298.51100934638083118
72600 310.32571514754255304
72700 318.40745705523136166
72800 315.37600816413714711
72900 307.42306666131054271
73000 300.30934519920344883
73100 314.52732336126678092
73200 319.10499057850358895
73300 310.16722150025441351
73400 297.97268714959938052
73500 302.00444493210858354
73600 304.11457433532990535
73700 298.42123796933617541
73800 316.67331909973285065
73900 312.59132995754390549
74000 301.27566642397158603
74100 313.93434884579153277
74200 296.41633567605265398
74300 302.7843000360228416
74400 303.07015983616997801
74500 313.02426568989108091
74600 308.80140780653283628
74700 315.5283889140018232
74800 305.73046362033636569
74900 295.87842554221344926
75000 317.76126761039830626
75100 314.87525325127245424
75200 309.00823144790450669
75300 313.037905479052597
75400 299.61141693482773007
75500 298.90619058873699032
75600 307.12033714220257252
75700 304.35079042073186883
75800 300.30018477713656466
75900 301.46592122530864799
76000 314.68322876558534062
76100 325.6864272531424831
76200 320.79390083409742829
76300 324.12938821401633049
76400 309.02510114899354221
76500 306.95726690788649194
76600 314.10487959214907505
76700 319.77287401090023877
76800 289.39978553716048282
76900 316.44517910809281602
77000 309.84410270521107122
77100 316.07844311009472449
77200 313.79066916837098233
77300 311.46520012874827898
77400 300.20716515199114838
77500 298.78081223181635551
77600 310.10830199985196032
77700 312.49026448951531165
77800 288.95241090462241118
77900 310.19679078169190234
78000 307.77241938131982124
78100 313.10314147771919124
78200 315.51377184316788771
78300 297.06603380710743068
78400 295.46744085869966057
78500 297.57559106344336897
78600 302.60589851426561836
78700 323.96856999330361759
78800 320.56544564245865558
78900 309.6800562830132435
79000 298.88686673858035192
79100 311.11787771670611846
79200 308.63121454857412118
79300 309.04560876217959731
79400 287.44134913081234117
79500 312.59543330165041652
79600 308.60126025907749181
79700 312.00853233084052363
79800 297.12748689882522513
79900 303.42042854684689246
80000 307.72677291801835509
80100 294.27347599562011737
80200 306.13083474330159106
80300 304.38232322731494151
80400 318.38750606989231073
80500 316.48743480202290357
80600 307.27418130999978985
80700 315.44347145911604002
80800 309.33377951522800231
80900 312.72879703006134378
81000 307.19013927093095617
81100 312.06119069743203909
81200 319.5616793179097499
81300 302.82444952453556652
81400 301.03395341446650946
81500 307.52163486208752374
81600 304.24579741716104309
81700 307.21054459771016809
81800 299.87012899969369073
81900 321.49929475390791822
82000 303.5211185728587111
82100 305.09102635831908401
82200 320.91032816336235101
82300 322.15223852825755557
82400 302.58638565422637612
82500 307.32864096288710698
82600 313.88432266435472684
82700 307.41406790291154039
82800 318.11321182699981591
82900 304.62508422781377249
83000 301.72112802596581105
83100 306.24916933388266216
83200 328.35420603252771343
83300 311.46246851892408358
83400 300.79414434298831793
83500 309.99841659532438598
83600 306.07024108934535889
83700 302.54282093157502231
83800 310.59039151398906142
83900 311.96941488965569533
84000 317.87610772948187332
84100 316.87732370200359355
84200 306.34754623631363302
84300 293.48464115898497084
84400 326.59942820728349488
84500 313.94320796776156612
84600 303.72177037786093479
84700 298.13437790559299856
84800 296.66404073452497414
84900 313.15943426282120754
85000 331.07762098016411301
85100 304.75289651535376834
85200 306.23713865564320713
85300 305.5923912968923446
85400 327.01284022387295636
85500 321.08618830191159077
85600 303.14317666985050437
85700 316.34510307432145737
85800 309.97997534653501361
85900 300.60924354546557424
86000 307.09612583500199889
86100 308.98328057448242134
86200 318.7549231830976737
86300 320.95537202218781658
86400 327.08763180434158357
86500 311.24559112647193615
86600 304.27990391096841449
86700 307.29944746487598195
86800 319.29060189520288304
86900 316.42390942641310403
87000 303.16697043166493586
87100 313.28868398698534747
87200 292.5146580809172292
87300 326.45499031954165048
87400 309.67247143360089012
87500 313.54111414693369397
87600 316.71164397411718028
87700 311.34924740949162469
87800 299.32740474151961507
87900 307.93640687517142851
88000 324.91157610934027389
88100 297.7485634097454863
88200 304.68586287033207327
88300 320.19517353649177949
88400 318.6725647999567741
88500 314.44191361524519834
88600 304.74205281387241939
88700 304.25437261518794685
88800 323.566977310635707
88900 312.15106302536901239
89000 295.86039913510683164
89100 298.66266917267978442
89200 307.56343403353906751
89300 299.46116362454210957
89400 313.60509048083576999
89500 317.03756549822867328
89600 318.78173784840606686
89700 309.71819767456588579
89800 330.01003527954782157
89900 322.879297591980162
90000 327.62272209284992641
90100 297.92582109187264905
90200 311.29734751042644803
90300 313.3550310017639049
90400 317.53683665734848773
90500 313.14717049277118122
90600 323.33522244906401966
90700 319.22522138216680787
90800 304.57440174463710036
90900 302.50973467487176549
91000 312.18774140773706449
91100 297.99508913259012388
91200 303.11803477936604168
91300 290.72098224662204302
91400 308.9041569103167717
91500 321.22512433566180334
91600 306.23041066139722943
91700 308.94777722495496164
91800 310.49099380873053633
91900 307.00298629273345341
92000 308.70800361391030719
92100 307.49083756881822183
92200 301.24498176768173607
92300 298.64560610041183963
92400 322.68198297808407915
92500 312.99668395242161978
92600 314.64825640425738129
92700 306.75166357437075249
92800 317.45932402877389222
92900 308.49711030952067858
93000 314.23407505492281189
93100 306.1139681357117297
93200 303.85546383689694494
93300 308.77983265753698561
93400 318.73887964988807653
93500 320.35829882791051659
93600 304.78710638531555333
93700 291.4788188853233919
93800 309.37693860888043673
93900 301.98214841253104623
94000 310.34775457752721195
94100 309.30861647603649089
94200 315.59035115736566013
94300 320.3250404177460382
94400 314.20225116537704935
94500 296.1601909770996599
94600 317.15193911861314291
94700 315.31596606256306359
94800 304.84154940305643322
94900 320.11375415789802901
95000 316.35495882353507113
95100 313.07955551994132293
95200 314.13615015131455266
95300 318.71111348002858676
95400 323.51224262879412663
95500 309.84789820646966518
95600 317.1908059391663528
95700 312.24729483508707517
95800 306.98974353804248949
95900 321.07378587586163121
96000 306.28917675254507458
96100 293.04994853781744268
96200 307.96572564572858255
96300 312.14461808416882604
96400 313.16516802252516527
96500 314.42842549672536734
96600 312.07236420554494316
96700 319.04281472178035983
96800 309.73078446970004052
96900 295.08114597460860296
97000 300.85155726125015008
97100 325.17477981984580993
97200 311.22420579986123812
97300 312.3904228854195253
97400 333.05072046829411647
97500 305.55976311666262291
97600 310.31904935186008743
97700 310.97865235204182
97800 318.92882622454686725
97900 323.16306184868386708
98000 316.65470353384858981
98100 321.82532102376671901
98200 312.92189095152281197
98300 315.48119468422243017
98400 302.25976527509965308
98500 296.44792879247046358
98600 315.81454117814598703
98700 308.28275910308315133
98800 320.05132286497001814
98900 313.92720336601610143
99000 306.70432617461295877
99100 306.94673868466225031
99200 303.77686551574441864
99300 304.99941162671257189
99400 313.12719212870905494
99500 315.95487342199999148
99600 315.79815688598688439
99700 305.43064568742022402
99800 314.47747331884835376
99900 309.33274687213662446
100000 326.54717580655460551
