# Fix print output for fix printTemp
0 309.99999999999994316
100 313.10012086167489542
200 290.48823809684586195
300 320.32631411704880975
400 293.34121613537115536
500 301.84980329448933389
600 327.37109210242914514
700 327.13085816541394024
800 305.66518413911313701
900 314.91698654430683746
1000 323.53005176533247322
1100 317.19193863231117803
1200 300.24636648326514887
1300 293.06619401921363988
1400 302.26805702649676277
1500 308.07105772439996372
1600 324.44726137922793896
1700 296.27420720184159109
1800 301.19766668413763
1900 321.92565192101227467
2000 313.06915893698277387
2100 287.63578369970736048
2200 308.33794182382860072
2300 302.96202477742173187
2400 317.24629388376558836
2500 318.30753035364722336
2600 301.73440943071506126
2700 309.33169731881088182
2800 311.88362080922405539
2900 302.41335629476338909
3000 308.35347121930595904
3100 298.202711088588444
3200 314.75935426595344779
3300 314.86065602698687371
3400 291.27892233605376759
3500 294.4193911478914174
3600 309.41861763128935081
3700 296.8674399499615788
3800 311.32584042685238046
3900 301.95228074346289304
4000 302.54476780304878503
4100 317.33105647080043354
4200 306.09908949893639374
4300 320.61276869923221966
4400 318.83711709535549517
4500 306.73158001828073793
4600 308.36492922912725589
4700 326.9488793286070063
4800 320.1589273783841918
4900 307.55239091524168771
5000 294.37665977301043085
5100 304.94665284791182103
5200 319.61695453953865353
5300 312.31110542621888726
5400 318.66722549401367814
5500 330.71504975414251248
5600 312.02421928105047755
5700 313.84292691309229895
5800 310.03003182498468959
5900 314.67344162741147784
6000 317.37374023017946456
6100 306.71219676538999011
6200 311.96369385999264523
6300 315.72814490555998646
6400 303.1381600249061421
6500 308.90602352553798937
6600 316.60002058554221094
6700 310.59899152727433602
6800 318.10610451788699038
6900 321.49232716767704687
7000 300.22158090766703253
7100 301.37270492031592539
7200 298.52144513838732109
7300 318.25993283860367455
7400 304.14120106158054568
7500 299.04185293980054894
7600 312.11711045273926857
7700 315.25658739567239763
7800 298.98968239280526404
7900 307.93322064297910856
8000 311.15467515052358749
8100 317.33357457417537262
8200 307.62875964396164363
8300 305.22983347441885371
8400 300.24033812003767707
8500 301.34541855815695044
8600 299.53807474158020341
8700 325.58111980541985986
8800 314.19860990477019413
8900 308.03137412855875255
9000 308.16683687295818572
9100 305.00366974426566458
9200 314.04132315539686715
9300 305.96652271752867591
9400 295.71560158135343954
9500 309.91078827383677208
9600 310.4475468379191625
9700 299.31201179830861747
9800 297.683614317600302
9900 305.85598167883478027
10000 308.2786879447205024
10100 318.13801324399059922
10200 306.95994731347343532
10300 311.13550637992398151
10400 320.97934080099128096
10500 323.84973449981686144
10600 318.75046929868113921
10700 308.30634827398483822
10800 301.90356410568284673
10900 306.79724934641353684
11000 314.66235601057724125
11100 286.95516431780635003
11200 319.21230398993810695
11300 322.65663568673619466
11400 307.3920881608671607
11500 303.97908394931317844
11600 314.17371541597555051
11700 314.65315293274659325
11800 313.75690606478963218
11900 304.7108723834624584
12000 299.31574931837508302
12100 301.15958880559452382
12200 297.54031060006678899
12300 287.36999811245567571
12400 312.09522600475355603
12500 303.18286132408866251
12600 301.9816981711213657
12700 317.58357364976245663
12800 318.51970614603544618
12900 303.9265249321535407
13000 301.5808918018998952
13100 317.34665633087496417
13200 316.29725572589018157
13300 307.5364788236592517
13400 308.88603110149983877
13500 299.77098824664301446
13600 303.22113383052476365
13700 317.0494042629200635
13800 325.2383911441496025
13900 303.22744545014666073
14000 308.99035893276357001
14100 317.41094498200658336
14200 297.03769125686471853
14300 313.30350451484616769
14400 323.14522382660845778
14500 324.90757596251182804
14600 307.42326610125127218
14700 303.51396977291511803
14800 319.33439867047064809
14900 315.31904495760386453
15000 309.60792018795780223
15100 305.44138647018240817
15200 313.0480987103214261
15300 317.81279383467040134
15400 312.95453196431486731
15500 313.43907398464290281
15600 309.52048399576648308
15700 317.7525233577786139
15800 310.45652956095756281
15900 307.0508775490258131
16000 294.65544864290200167
16100 310.37526707989684382
16200 325.4852431400645969
16300 317.26410203954912959
16400 305.58012784903644388
16500 315.3995264051804952
16600 303.95324009218910533
16700 311.54906842346650819
16800 311.13823674099086247
16900 309.90070188568489584
17000 310.46548693399074637
17100 295.58966823865051765
17200 306.18447071174364282
17300 301.81527510056389474
17400 309.01510403504050828
17500 302.64243806168832407
17600 294.96438584515271941
17700 308.97017690379311716
17800 315.14069700286512443
17900 317.07544321907801077
18000 310.97854314960022748
18100 298.2953389407231839
18200 319.10487402423046888
18300 315.36860452335918126
18400 325.01183880273646309
18500 313.6192541438484227
18600 320.50539077686084966
18700 310.96606060519724224
18800 303.69670963318998247
18900 325.29428977934077238
19000 317.04532805797435913
19100 313.81988259532317898
19200 302.67442622217038206
19300 327.43117323469618896
19400 313.27082577046354572
19500 308.46819794887790067
19600 331.2756140199939523
19700 316.61953734362828072
19800 303.43574524846275153
19900 296.98913466476545864
20000 331.58689007959395667
20100 318.03701580465059351
20200 320.25057768147252091
20300 309.92600151162349675
20400 307.08793469960136235
20500 307.49398801969675787
20600 319.87129284542294272
20700 310.07090001270353241
20800 304.42250633902693835
20900 302.79664295588503364
21000 300.5687756952427776
21100 318.25104651260886612
21200 332.12956868276955902
21300 299.79765166789422892
21400 289.32557374601299216
21500 320.15190420090732459
21600 303.99833542432565991
21700 295.25534184200921572
21800 333.45793043818008528
21900 304.63279327704776733
22000 305.27155712903748963
22100 308.65181210004368495
22200 309.25431243325607511
22300 315.63216067962656552
22400 302.99056727820936885
22500 311.55540989556925524
22600 306.5131768468811515
22700 306.8298854433343763
22800 324.11591235618908513
22900 319.18139716321184096
23000 301.76537926046876237
23100 294.09055564155914908
23200 303.09422897232838068
23300 309.12313711497506574
23400 321.74137296915813522
23500 307.1100920397505547
23600 306.30511021626836055
23700 304.44464777531277377
23800 303.22329145973787945
23900 304.96288269979550023
24000 303.68576232978921325
24100 321.46840785075323765
24200 313.64063224372029026
24300 304.80603536311241442
24400 297.59303526403516571
24500 296.72496025366245931
24600 307.28139777368869545
24700 310.76076195309548211
24800 319.9184301628760636
24900 309.18505150821755478
25000 315.10036447606762522
25100 313.64086005202210572
25200 320.28867457804125252
25300 316.70069578063578319
25400 304.13933881618464738
25500 303.37044772511131896
25600 303.15256808657989041
25700 325.00054888429411903
25800 318.79662134084736635
25900 313.47653088847408753
26000 314.53653056822201961
26100 288.93222289675310321
26200 313.16138168676906162
26300 313.55379141249102304
26400 318.89209691002412228
26500 296.71517314278537469
26600 305.18295304066379003
26700 317.67076349667121349
26800 313.69841236823481267
26900 315.09377603137659207
27000 313.19826271629443681
27100 303.65800687728534513
27200 304.73498330032293779
27300 309.61130702835225748
27400 304.77632854178551725
27500 316.7882113904538528
27600 316.2628174802250669
27700 297.5241859450687798
27800 307.61079849350511495
27900 315.7065666362912566
28000 320.73832826920823891
28100 326.55468627131932635
28200 313.49416362193267105
28300 313.79898783568756926
28400 306.53554090336405125
28500 292.97853780790103428
28600 305.66025923135089215
28700 309.37105734066858531
28800 309.05340822224161457
28900 311.51430259628290287
29000 314.15556236795902123
29100 307.81579801550367392
29200 304.42824082478887249
29300 309.81082208052538363
29400 328.92477534024686747
29500 311.79062914689836816
29600 295.29654577381768377
29700 308.13607246573621978
29800 302.06810827927517948
29900 337.92263397347267073
30000 319.20164706817354272
30100 303.52318297438966965
30200 314.334945105881161
30300 335.45606563590240512
30400 307.41713380623247076
30500 311.5483418745087647
30600 319.94729237453418591
30700 325.96730362544354875
30800 321.71549337437750182
30900 309.16469153560046834
31000 321.50514856150169862
31100 323.0999507985851551
31200 310.85464967913168266
31300 308.25259193834165217
31400 308.28966366926397313
31500 303.74300342483775239
31600 313.65320136388896799
31700 313.44907596282655504
31800 310.09543732986867326
31900 310.9924565534772114
32000 298.83220165706586613
32100 305.34983804407551133
32200 313.25132014220150722
32300 330.41575913871531611
32400 305.99300432228022828
32500 297.02226177675646568
32600 316.95485570507463535
32700 319.64959326032112585
32800 325.78393912180416692
32900 321.57260846516413721
33000 315.46334400100215589
33100 311.8920617647185054
33200 302.77176296454848625
33300 308.92178971898772488
33400 309.28154980344737623
33500 310.86431516605682646
33600 308.76614778315803278
33700 307.36983542018026583
33800 317.03680952723499331
33900 293.70482578769605198
34000 312.2570348902376054
34100 308.61171248804487277
34200 313.50281274357149641
34300 308.93158989748246768
34400 308.20585217385274746
34500 315.28879875801374055
34600 326.49081130919574889
34700 310.95073948302245981
34800 318.07587048123190243
34900 307.27040741924969325
35000 317.47051928250471065
35100 322.76073033478996877
35200 318.44167167513143113
35300 324.91448654230686088
35400 315.0368371616219747
35500 318.9626993028683728
35600 317.20959292155833964
35700 303.02369959196244054
35800 304.96660393813294831
35900 305.48031739432354925
36000 307.77173757435679136
36100 322.49594263199855959
36200 306.68338006433748433
36300 314.48114813970630621
36400 304.43785755983356012
36500 309.20356667489420488
36600 321.47141733791539764
36700 319.45488606468143189
36800 305.98469255483024654
36900 323.36846494444591826
37000 307.27097611769795549
37100 297.69777086452296544
37200 303.9561943745373469
37300 325.09749984324758998
37400 310.51302638417843127
37500 311.671506353370944
37600 304.10336340374709607
37700 307.46306024715880767
37800 308.19215046457179596
37900 317.69051257740875371
38000 319.91770793643462412
38100 316.32341002861454626
38200 311.55454008411055611
38300 317.61866914106343529
38400 306.63871761663625648
38500 319.10477674191810138
38600 310.07319694771638297
38700 302.55577227206714497
38800 322.35580975491603795
38900 310.51370540889024596
39000 306.76592389455692
39100 304.6748120566459761
39200 300.69008539804957536
39300 317.92046955793404095
39400 320.48294031110441438
39500 302.09388597264177179
39600 327.56455841593214018
39700 306.42980800220351512
39800 298.52943198713239781
39900 303.28072750996221885
40000 318.04486341745791833
40100 320.55531558213522203
40200 321.26981984748158538
40300 291.89317904871478504
40400 325.30972808987263534
40500 312.78614741913145281
40600 323.03561868848083805
40700 339.11685064676856882
40800 308.3039096802746144
40900 315.89459222633576019
41000 299.27755803259884715
41100 299.96696803647347451
41200 310.96517444125049678
41300 329.40781810454387823
41400 315.83350980783797013
41500 314.14607136055303727
41600 305.70091441868368065
41700 325.85194242679392573
41800 313.83987890999122783
41900 308.81396116899929893
42000 309.93702990417057208
42100 297.71051962433233484
42200 312.58011044911194176
42300 320.22791178893623965
42400 323.31274002733022144
42500 311.87637032427909389
42600 306.84284984619080205
42700 328.84903234382034043
42800 303.95795688869458218
42900 317.35457079814830195
43000 301.46906080674858686
43100 309.22694296835419436
43200 315.80688617202571322
43300 321.56594605316757907
43400 302.57203372686569764
43500 288.17462479769852735
43600 304.2696869958687671
43700 321.56353733853330823
43800 311.98373304249639659
43900 298.70568510769055592
44000 320.0889426717619699
44100 317.88371935757527353
44200 298.67152429335055785
44300 303.6868356805765643
44400 306.01212913524051373
44500 319.60873344631062309
44600 329.91218550510097884
44700 322.38992600455679849
44800 294.14976039641737771
44900 299.18869010961770982
45000 319.74830552587195598
45100 313.56142848911594001
45200 315.16603263569294313
45300 308.17694763646494494
45400 307.10133609382978648
45500 304.04518500504337908
45600 311.27693801041988308
45700 311.60979015630482536
45800 303.20280109642345678
45900 309.16465423048111916
46000 301.72640025203497771
46100 310.8574815953524535
46200 309.07619848708696964
46300 319.56771239712458055
46400 301.89862848776499504
46500 308.11430957457855584
46600 323.12074006423875971
46700 303.05660109177915729
46800 301.03547507447979115
46900 312.09342421030339665
47000 325.87642659056297134
47100 324.15995468174475036
47200 304.80795603829216134
47300 313.95585291037815523
47400 314.19853996326628476
47500 325.2574211760312437
47600 307.98958501702935564
47700 292.69786667615659326
47800 309.27201180317769058
47900 316.0814224575738649
48000 311.52391365038613458
48100 296.57381856328004233
48200 311.58847729207894872
48300 306.17364951730758094
48400 301.62736282454989123
48500 307.27016278883814948
48600 321.27559333755749549
48700 313.02964307867887328
48800 308.26625777143595997
48900 295.25016498457671332
49000 311.23102441917490069
49100 326.46083035363955105
49200 294.1034407654206575
49300 305.9246621133249846
49400 312.85486274728066292
49500 315.62389672731825385
49600 311.69323812916189809
49700 304.42499682866076682
49800 311.98688016356061325
49900 309.84006039199897486
50000 308.10856459203813529
50100 307.37264773794356643
50200 312.46102919486338578
50300 295.43020410298152001
50400 315.18683346379714294
50500 304.37852123929729942
50600 310.04457968382763511
50700 292.69088088633344569
50800 307.11273469023126381
50900 304.69227182696471345
51000 299.74008414220429586
51100 304.63314018818465456
51200 309.85207823991407849
51300 328.48266803604082043
51400 310.90612653231409013
51500 309.40242097101105401
51600 299.66367367628657803
51700 289.67137793721570915
51800 318.42839519222656008
51900 314.219611065250092
52000 301.72748436930226035
52100 304.64535022754353122
52200 314.30688329118322599
52300 311.13250836457274318
52400 322.45758670274028646
52500 304.45947991360964124
52600 323.05542008469370785
52700 318.31717591906726739
52800 321.48020667375823223
52900 314.22248457505560282
53000 313.10131350216954615
53100 318.65362382155319665
53200 315.2784730706288201
53300 304.77472418229552886
53400 310.60364444814166518
53500 298.19079156270618114
53600 312.21021209296509369
53700 305.17821566129003941
53800 313.43404093290683932
53900 313.31422452189445949
54000 314.20310913154810351
54100 298.96413624381096952
54200 318.96127761629657016
54300 320.43644380632184721
54400 331.40134230544646243
54500 311.29822874160646506
54600 309.0040055209659613
54700 315.41792497810320128
54800 321.21812175750380902
54900 318.12274498847347104
55000 317.16244265653887169
55100 310.1004845465638482
55200 300.77240982288287796
55300 294.92881060096033252
55400 306.68873634989284938
55500 328.21359442159575792
55600 295.10319663007635427
55700 313.17188122708995479
55800 327.25265206811889129
55900 314.41504889487708851
56000 305.18000192799405568
56100 321.29490694403796169
56200 324.70501465182195489
56300 320.51844182776301295
56400 323.95410798073851311
56500 309.31688326917424092
56600 308.35267163210795616
56700 317.58677648606476396
56800 309.15733739177358075
56900 305.99359777829704399
57000 316.50081021770256484
57100 317.6314214072636446
57200 304.7366162901126927
57300 312.33241603068586301
57400 319.86334272839530968
57500 320.98094768393895038
57600 298.75942163993983058
57700 308.98663012657567606
57800 309.37305170661289822
57900 298.48682640196796001
58000 290.01574274659378716
58100 309.81831871429187686
58200 305.36519170537383161
58300 320.67638637591204542
58400 324.97502992749463147
58500 313.10537152852481313
58600 316.10690398160369341
58700 312.86131140303939446
58800 309.82953985447392142
58900 300.09818550048078123
59000 316.39790079508696863
59100 321.909712040022157
59200 329.12634105329840395
59300 316.5048296339853664
59400 310.02889718706558142
59500 303.47478858829350656
59600 311.10466965395704619
59700 311.69540154557466849
59800 317.8698940758042113
59900 310.27030863393889604
60000 311.58267749446986272
60100 306.41137830538656317
60200 296.15856012147543197
60300 304.91852076716367037
60400 310.07193086940930016
60500 326.19195140835876146
60600 317.79730650792640745
60700 319.20689027896838752
60800 300.3468011706594325
60900 301.1445193350223235
61000 313.00116105139261435
61100 312.63316388825330705
61200 300.56642976885422058
61300 309.31628007846120454
61400 285.62772207972528804
61500 307.71364917464620703
61600 304.27803456200177834
61700 305.40530488376668927
61800 295.93821774328125684
61900 329.22909028865080927
62000 305.49393322212449675
62100 322.78587142287472034
62200 315.01899796122438602
62300 306.69333978468654323
62400 309.04236182324899573
62500 311.12430370039891159
62600 314.0297434777751846
62700 319.27720482697657189
62800 303.01090713718821235
62900 315.34140911184709921
63000 305.61378101514441141
63100 301.57383463137176705
63200 327.10829607936784669
63300 307.28215838226998358
63400 308.0394165515832583
63500 313.90220959000862422
63600 298.01784294890200044
63700 302.65695816607080815
63800 332.25359783834647942
63900 311.17196823877691259
64000 302.00746908489173848
64100 307.27809236255870928
64200 303.92579186756233867
64300 319.83528250246740754
64400 321.20722816024959911
64500 312.9570265625524712
64600 302.98555556680565815
64700 314.58874233479428995
64800 309.68273960858681448
64900 310.25576299835313421
65000 303.50193510324857016
65100 298.63577923127684244
65200 297.51299716586527211
65300 314.55643333851941179
65400 313.99932311196613455
65500 315.08800626485754037
65600 330.37501042532687734
65700 320.60603650450303803
65800 315.70073583011327401
65900 301.53160629521119063
66000 309.73876372617672814
66100 317.45514819388671413
66200 319.56141086553157038
66300 298.88540829957707956
66400 290.19753270448001103
66500 307.95702106475982873
66600 311.21073994367117166
66700 311.82026537398354549
66800 316.22614982290025409
66900 311.48494612216785526
67000 308.56686419360215723
67100 301.613486205815434
67200 298.65711461615029521
67300 308.14664971019908535
67400 311.32103008708293146
67500 328.3304595222809894
67600 315.19276266149677213
67700 298.0695968239499507
67800 305.91944894198530847
67900 333.38830248423175817
68000 313.71345279564707198
68100 302.06613733098896546
68200 309.61118430139447355
68300 316.34973872091529756
68400 303.90409989247734757
68500 312.98160764015273116
68600 300.68434053275575479
68700 321.08696245636940603
68800 313.88273165306594592
68900 308.49608933967056146
69000 298.95140185441363201
69100 314.41391385325329111
69200 328.02306292999014659
69300 321.09300059866870924
69400 308.93685301950802113
69500 308.01106128402261675
69600 309.12674584138807177
69700 317.27119415530216884
69800 323.01608771679411802
69900 319.12572538184872428
70000 304.95421497193291316
70100 322.41681781354321856
70200 313.18641918602082796
70300 301.90995378395348325
70400 300.51163991850467028
70500 302.31816217330617746
70600 324.22837165026083994
70700 320.69357495226324772
70800 306.53568811894206192
70900 302.2325692777567383
71000 296.95407452472738896
71100 305.67170837333264899
71200 309.9222948857621418
71300 311.89705392074966994
71400 291.14750267920237548
71500 323.68356672510140015
71600 297.18983907591814386
71700 319.57143918976379382
71800 310.45639675526820156
71900 329.82866588702654553
72000 321.20902329779306683
72100 314.86737568961126499
72200 315.67893475043115359
72300 308.64213284591937736
72400 308.48850072154226609
72500 302.6942957865360313
72600 291.39530031563117518
72700 301.17120226703792696
72800 300.53413093728056538
72900 317.34726632394222179
73000 290.09417206902116959
73100 305.23935171634286689
73200 314.10542190815209551
73300 309.43653056022861847
73400 310.26458438002339335
73500 300.5037667869378879
73600 316.7192967387952649
73700 314.10694211860828773
73800 316.42983188557235508
73900 310.27534341754227398
74000 313.43989274964496872
74100 323.28469956714349109
74200 321.38155457549760285
74300 313.71788444819810593
74400 310.72453081031619604
74500 324.94792432421581907
74600 310.44216619499206899
74700 307.7224719200431764
74800 298.40647582945450722
74900 300.20785476222437183
75000 298.15648210528661366
75100 320.19724075740316493
75200 314.77949959582093697
75300 321.26283768615201097
75400 308.60613082817707209
75500 306.25242986704995474
75600 307.48817531402198711
75700 333.94322105964636194
75800 316.90038780694806064
75900 310.94854888070511834
76000 315.96005262742926334
76100 295.1744154044855577
76200 306.66874479166432366
76300 323.53713262628093617
76400 323.21823433665770153
76500 297.37028655941338684
76600 312.76387688603722381
76700 312.3616459728759196
76800 303.94612287076085977
76900 310.38101203396206529
77000 307.26184630802464426
77100 314.99454607304915044
77200 304.10544024853959399
77300 296.08478859890630019
77400 306.41222250197336052
77500 307.71545501924208565
77600 285.3649890489344898
77700 312.67560832349835209
77800 320.48565334476580801
77900 308.13827049579543882
78000 302.34192842914944777
78100 309.14446545659529875
78200 298.08378416783398279
78300 299.53094521259680505
78400 302.1413687982966394
78500 330.22797262089778769
78600 317.38848331946451253
78700 312.8846309788916642
78800 289.33387522632074251
78900 301.10125520309168223
79000 317.18430065419840957
79100 315.38086406552650942
79200 321.27358159438750818
79300 290.40612564390295347
79400 322.38509243535537507
79500 306.07387401166465679
79600 310.48911597804146822
79700 312.15158419468139073
79800 307.42626349241987782
79900 313.35041926417648028
80000 302.66939159490840439
80100 308.0104556380969143
80200 303.05477839219662428
80300 298.80192744769772162
80400 299.29492240559522998
80500 299.50065638013461466
80600 302.43568956858615593
80700 307.28057606855145423
80800 317.03344860022247076
80900 304.46832116236976162
81000 308.51661564626846257
81100 300.61951000344629392
81200 311.14002337363723427
81300 313.37499689727792429
81400 316.34967261324032961
81500 317.71835131912416728
81600 310.60006235613417402
81700 310.23893715247163527
81800 300.1072468285314585
81900 325.97394370407346287
82000 306.77958628357487214
82100 300.51503161034867162
82200 295.74336666507429072
82300 303.45282995046602537
82400 324.97019298402153709
82500 308.8106677496333532
82600 308.63340545203590182
82700 305.20878044036868459
82800 307.6322719963865211
82900 305.10022367676555177
83000 316.8841770612102664
83100 293.73357183712914775
83200 315.12536458967593944
83300 300.74516028369441756
83400 299.49371196130806538
83500 306.60637704625980859
83600 315.25763432856962254
83700 304.4881171310922241
83800 308.97719356050038186
83900 308.58574777862361316
84000 294.27870315611124852
84100 324.01433678674942485
84200 310.74864600451530805
84300 303.53867530744605574
84400 323.37886851686192813
84500 313.18113974882686534
84600 307.99830982772300558
84700 318.71265352739129639
84800 307.61096360151799445
84900 312.06197582326365136
85000 314.19421766734768653
85100 315.9542731595036571
85200 303.5040997092249313
85300 310.56796813815566338
85400 318.06504629782165239
85500 297.13944495758386211
85600 307.47713403856869263
85700 315.27234549825158183
85800 322.52134110379881804
85900 326.56691020331970776
86000 306.02486690087846455
86100 298.76640944620658047
86200 308.87720426453324762
86300 304.24865977094174241
86400 311.50670620585867709
86500 311.6323859908343934
86600 302.22583654026266231
86700 317.15776383113359316
86800 327.46560434553992991
86900 320.45167989919741558
87000 313.82747348644551266
87100 309.01424108200478713
87200 305.09082709707223557
87300 310.5853063021760363
87400 314.24733934323734275
87500 313.80359763375867033
87600 325.05702845456460182
87700 304.35471534593449405
87800 310.02372875081266557
87900 315.09672429277321726
88000 302.66086744528973895
88100 308.19037730557562327
88200 307.69970592219522132
88300 323.33839933618241957
88400 295.22044176913846059
88500 303.83846249473009493
88600 310.55037031255960756
88700 311.4249515181797392
88800 306.94332744913907618
88900 317.49494099787625601
89000 320.61822555436947368
89100 305.32244345753838388
89200 298.50701270317370017
89300 308.43370487168880345
89400 312.27419085182441449
89500 306.25553788339800576
89600 297.63729517832081228
89700 318.63939119357019081
89800 316.04550634047291169
89900 316.99713299762720453
90000 306.97404394712452813
90100 301.46458185649902362
90200 313.80234647323948138
90300 310.584258465023197
90400 306.56510093108806814
90500 330.30353162187640237
90600 323.9372032034011113
90700 309.44889653899059567
90800 304.21524132855995504
90900 316.79965401848488682
91000 306.12335444256723349
91100 301.49673778570911509
91200 310.19947079790091493
91300 293.22752658650011881
91400 311.31389952859217374
91500 322.37506978900870536
91600 320.41412080984326849
91700 306.58794309082429663
91800 310.26271079564651245
91900 316.63409348297011547
92000 310.41636219852648537
92100 309.34229111214511931
92200 318.34059011285847873
92300 316.8473788308703547
92400 326.17243216625320201
92500 324.59461952912806737
92600 306.99292557738738196
92700 304.66853865548534941
92800 311.08005310540642085
92900 312.36709212879389952
93000 313.36776265989982448
93100 300.1202323190547645
93200 304.51098263609418382
93300 315.26311044925631677
93400 307.32310313380622802
93500 308.89248337073098583
93600 321.00488387906966636
93700 314.7744623923001086
93800 291.0725450157771661
93900 310.66256758565947393
94000 321.76559208011190094
94100 320.45437285834367458
94200 308.76047719685277571
94300 305.09533951093169435
94400 300.64546949592954661
94500 310.21354533690043809
94600 307.9231722234437143
94700 304.05019884561011168
94800 309.16597450135526515
94900 316.91852394547498761
95000 325.54634431859835786
95100 304.53757959309797343
95200 295.1375672199269502
95300 308.05685175705548318
95400 310.8932346220448153
95500 308.57676932163957417
95600 317.37842626036251659
95700 310.85944336233450258
95800 287.27044184049987052
95900 303.45278516887503883
96000 318.62065537179114472
96100 302.73384613940964982
96200 312.10993185958051299
96300 307.15894369154415244
96400 302.32651876944714786
96500 317.93393218967270286
96600 319.9633249555428165
96700 316.53417541702123117
96800 312.30764094343879833
96900 303.29792891794704701
97000 292.13210220196975797
97100 323.61609447842494092
97200 314.91642341103874969
97300 307.32131201093807249
97400 303.19419994809771879
97500 309.28188870333207205
97600 313.07095448708611229
97700 296.44824140709272342
97800 296.90889343698063385
97900 301.8352030327397415
98000 311.61524185005390564
98100 322.83530795890567333
98200 315.67160914327865839
98300 303.06436060851945058
98400 325.44995872977358431
98500 320.71451472123050053
98600 301.15689636071886071
98700 327.32111083573568067
98800 311.29913373364308882
98900 309.93284006279657206
99000 322.38286240110301151
99100 321.10096821854864402
99200 304.64744295137433028
99300 328.50131348785799901
99400 306.96385798738850781
99500 313.901167494586673
99600 324.64484518215317621
99700 318.17325012546365315
99800 318.82584739193993073
99900 313.10595816564728011
100000 319.8225306402786714
