# Fix print output for fix printTemp
0 309.99999999999994316
100 313.04600830398993594
200 295.97937777647638313
300 320.64973744734112415
400 302.42894494429776842
500 297.63340139095134873
600 329.69741582265663737
700 300.75742168904878326
800 287.29363219891007475
900 314.56153203433814269
1000 303.91524090474575814
1100 304.08238225041748137
1200 317.81770566340321693
1300 315.67016188171919566
1400 321.0289453665108681
1500 313.17105672309492093
1600 295.08795775594882116
1700 291.4809570911813239
1800 308.20598760030117091
1900 319.99357105314646788
2000 308.7334723817685358
2100 309.11539627241069184
2200 309.06792074066885334
2300 304.86499253544724297
2400 316.03618030593520416
2500 317.44749260053487205
2600 303.01609408842125504
2700 295.31768748156196125
2800 308.04642134679653509
2900 304.99520474285128557
3000 333.94893379211521278
3100 319.00113004541015016
3200 323.29317116423237621
3300 290.23330638171574947
3400 299.44769767256542536
3500 312.67262323152561976
3600 311.6939745786684739
3700 302.70905873253974505
3800 298.73792360366792309
3900 303.58007221045107826
4000 314.24898261302666924
4100 317.44671635279513566
4200 310.88978005925332582
4300 316.71987340390978716
4400 318.10913543327404795
4500 299.43079841079645576
4600 302.72007346238353875
4700 311.85856207671258744
4800 316.41948218864195042
4900 296.93171113500613956
5000 315.89460704102810951
5100 308.56645184749055488
5200 323.22259337703923165
5300 317.66266056860871458
5400 314.73979207947490977
5500 299.89922562924448357
5600 299.13831663699488672
5700 306.46688722841781782
5800 321.61514444878849872
5900 309.25866562927285486
6000 315.50927849061383768
6100 315.14541128344620802
6200 308.4936549160926802
6300 313.0560887737984217
6400 312.7195029706857099
6500 313.26867687561258435
6600 324.49232606584655514
6700 321.74064795427761965
6800 300.063596049332034
6900 308.15281159457538251
7000 305.87474771061948786
7100 320.91763393891534406
7200 321.08391922406576668
7300 304.8168077824296347
7400 305.86048610050971774
7500 320.89611123946855287
7600 309.68640832390752848
7700 302.58594421671898544
7800 322.43386518669774432
7900 306.8161074771156791
8000 300.80211413941253795
8100 300.60390150228477069
8200 314.28981024820956236
8300 319.03290712785837968
8400 318.1685706926617172
8500 320.74077023266454489
8600 305.7846101209617018
8700 312.99477167571069458
8800 307.03117534129791011
8900 303.84148579478454621
9000 307.83261668347773821
9100 329.79632103692853207
9200 313.32279880438716191
9300 310.78667163261104633
9400 309.16336151859968595
9500 322.91617725980592013
9600 305.28346489874877534
9700 298.5273002920727663
9800 307.96434352506048526
9900 315.81314519627244408
10000 308.54297259440710377
10100 307.83789600031224154
10200 306.58644397967759687
10300 291.24057480292077571
10400 323.9710095918168804
10500 304.00378515767368981
10600 308.26636255195745662
10700 309.90302293196180017
10800 302.06427820086707925
10900 310.76489286784948263
11000 304.112348240267238
11100 300.4907653491808901
11200 325.52202254923605551
11300 319.8422262323722407
11400 317.89689378183749113
11500 307.3041855874478756
11600 305.30820404257462997
11700 303.45596193134025498
11800 315.93120665745163933
11900 313.88971382724599835
12000 316.02968357018090728
12100 313.36953330249127703
12200 306.05493084809324955
12300 307.13598362245204498
12400 298.9145716059678648
12500 312.84644007724659787
12600 309.37825574213377422
12700 294.74479703765206295
12800 311.30405827387943418
12900 317.53064536831823261
13000 299.53806480614349539
13100 310.83487985105455209
13200 308.10208166590820156
13300 321.85417532235135241
13400 304.40821216888821255
13500 302.47182775172308311
13600 298.57612049987221781
13700 323.05715245904735866
13800 330.54942684693247656
13900 312.44394041942285867
14000 320.39980875421468909
14100 299.11414651983255908
14200 305.92748526222521832
14300 313.33083200011367353
14400 284.98032181891522896
14500 314.35232436414401036
14600 314.43928746202857383
14700 301.95829346567478524
14800 303.88834286611620428
14900 302.51805714364087407
15000 310.77172286350383956
15100 299.89019324202718053
15200 297.5089773949573555
15300 302.6057257426199385
15400 286.439850524970268
15500 303.31972417478272064
15600 302.79993973065370483
15700 299.94754759259387811
15800 310.83672563609860617
15900 313.04115849412016814
16000 307.3410087779720925
16100 289.8109676250410871
16200 313.51736382237817224
16300 310.91494282095356994
16400 304.48245353871334373
16500 312.41132320869280647
16600 316.55847864837789984
16700 305.16749322198381833
16800 310.05521441938009275
16900 312.29297154161679373
17000 318.8732234317548091
17100 311.67824272809804143
17200 305.19996058212194612
17300 310.91030828728850111
17400 296.69683420008169605
17500 298.08794453653496248
17600 318.96400231693502292
17700 314.75160807507285199
17800 297.26554568745399365
17900 310.1904118835827262
18000 323.74422216063771884
18100 319.21099570283416824
18200 313.0917807248872009
18300 302.16626369211167003
18400 305.51755967693208049
18500 314.75209051119787773
18600 307.42002445004283118
18700 310.98768129000654881
18800 292.55262243806134848
18900 307.71025705922335192
19000 319.14493422692208924
19100 315.24230960127420076
19200 315.01116155656444562
19300 313.04268330923918029
19400 304.27969084038858227
19500 302.26690022463634477
19600 320.91842090426877121
19700 309.36508359051413208
19800 314.94437580157648426
19900 308.36961870137719188
20000 299.13804175490440684
20100 333.20800857750032264
20200 306.19194293318872724
20300 307.09006899854057338
20400 301.25372188598782941
20500 311.41474984613347488
20600 322.00065949984769986
20700 301.88264723807230894
20800 325.53018781601258524
20900 326.07057799319994729
21000 313.26694649296763373
21100 291.90175077375573665
21200 304.76149190048033688
21300 284.9249180065204996
21400 316.0151448814892774
21500 314.33425664640361674
21600 300.63874967305281416
21700 293.12101272167842581
21800 312.32959091932389128
21900 316.23365354246976722
22000 309.76439068646544683
22100 292.55234262525738131
22200 299.07530419172002212
22300 307.82795150332037792
22400 313.75837275073195087
22500 309.05670330129925105
22600 294.53248615421222212
22700 298.72236182855317566
22800 309.27235549958049887
22900 314.46153801857934695
23000 312.35917321000385982
23100 310.47595306095496426
23200 329.52033110088933654
23300 308.3205440572451721
23400 307.65527594561649494
23500 308.58215033306470332
23600 312.80794706353538004
23700 313.71570907891708657
23800 307.23111507435561407
23900 310.41289411915067831
24000 325.90125521640823081
24100 305.19683693816421055
24200 306.17476304186089919
24300 308.02780969098211017
24400 324.75945738088182679
24500 308.79904955483095819
24600 325.84339840874105221
24700 315.72784954678843405
24800 305.30334861792772472
24900 297.53024128922390901
25000 308.24455346860025884
25100 313.27422743509481506
25200 300.35313683474345225
25300 309.16792569736395535
25400 321.78938758181902813
25500 313.14113297111049405
25600 311.09266029315404012
25700 304.61671249051499899
25800 301.11185499794493126
25900 311.95611049355375144
26000 317.97979675821403589
26100 310.39626771143713313
26200 307.0315256428228281
26300 329.83724172543315944
26400 310.88951607148555922
26500 311.27307090687884283
26600 290.81457509835377095
26700 303.69382918498854451
26800 306.21557504435980945
26900 305.51361148146662572
27000 307.34911429429968166
27100 312.11932978330793276
27200 309.01133304434858928
27300 307.58751945581906284
27400 323.23526011018049076
27500 318.08002568387036035
27600 319.28424784168879569
27700 308.97019363128930536
27800 318.57845477796382738
27900 319.66195061092838614
28000 304.05940742454521342
28100 300.6778655472115247
28200 306.47309526668476565
28300 302.90700250687291373
28400 331.89493649290284338
28500 312.30280232454055067
28600 295.92247322993625858
28700 308.62386072549742266
28800 313.84241584893663912
28900 324.91244670252166316
29000 310.22621440512665458
29100 308.6734486642977231
29200 309.81880809868374627
29300 299.43554194487126097
29400 297.98651016020988891
29500 309.01444519587431614
29600 306.2282005890056098
29700 305.42301046017774979
29800 316.94649220702979164
29900 307.13399495185399246
30000 309.37295117310287651
30100 311.93251356258718943
30200 311.30375867449288307
30300 318.5477620163040342
30400 308.5863227931974393
30500 308.70870800284365032
30600 304.93722406905902744
30700 305.49224666605090306
30800 319.07190325343799486
30900 310.66625637056250753
31000 303.97935237426264621
31100 318.47654519991897359
31200 328.98223506437210517
31300 318.7822046325460974
31400 305.94333701674059967
31500 308.18162552043082769
31600 314.71799753024345137
31700 324.99972423038065017
31800 303.66645398534882361
31900 297.60836001020373942
32000 312.64028998471121668
32100 313.96547806287270532
32200 319.31048121807964435
32300 300.48861604523699498
32400 321.28932626848944665
32500 329.22648275762219328
32600 309.35694434805566289
32700 297.77155626461086513
32800 320.74619056938507811
32900 302.33902407670598222
33000 293.96206977481631384
33100 303.86496504665046814
33200 310.80854291083875296
33300 305.44127120948530774
33400 306.19977527250614457
33500 298.75221192811858373
33600 322.54859015969623215
33700 333.26091507374405865
33800 308.33825493704540577
33900 315.06827174988592333
34000 325.57747359899042294
34100 314.13294121648658574
34200 317.3413681086062752
34300 311.06713790141100162
34400 304.99465148180246388
34500 315.03562804322041302
34600 310.82255811101146037
34700 317.91392324424487015
34800 302.38604520300094691
34900 313.4740155614195487
35000 323.76874752191264406
35100 314.1596871143693761
35200 304.9595667958403169
35300 308.46276095954272023
35400 315.36472007668686501
35500 311.7641638403486013
35600 314.24602295551477482
35700 313.16749935770127422
35800 295.4419178391457308
35900 308.64000854771359172
36000 310.61083033277492405
36100 323.18977893572036919
36200 301.97947344145012494
36300 301.24327851134523826
36400 300.19770961622890582
36500 291.08663376802968514
36600 304.04966612188394492
36700 298.12801022137301743
36800 314.93112120735082726
36900 312.9730834350607438
37000 312.0571291816544317
37100 313.34891153680530351
37200 301.78293434020378072
37300 304.34268478656201751
37400 310.26836753230020349
37500 306.27470043491416618
37600 307.17495441357147001
37700 312.77642068329691938
37800 311.34255255827440578
37900 310.13398906986310521
38000 305.41429280965331827
38100 307.96206272829118689
38200 304.43375856487875808
38300 307.62208294533701292
38400 322.00248576671799583
38500 303.96557588053548216
38600 319.09096471318815702
38700 317.6996833481607041
38800 317.60598114774296619
38900 319.81127133259008133
39000 318.08444495708056365
39100 312.14421097616536827
39200 311.17190646849581981
39300 306.88531893432957531
39400 308.85082759321591084
39500 318.01670905183561899
39600 300.77695391400516201
39700 310.41462790144692008
39800 305.36086765578636459
39900 321.7196222565561925
40000 306.2836644133591335
40100 296.56137420106944091
40200 312.20374058513334603
40300 327.07601112379757069
40400 315.56001268375945301
40500 311.24977981756194367
40600 307.04868757118981648
40700 305.85202476255636839
40800 311.92744400414306938
40900 316.94428145060732049
41000 308.12104896568649792
41100 298.14053948467329747
41200 305.72850508521634083
41300 298.33091288322083301
41400 307.02089097623411362
41500 320.54753909547719104
41600 318.31810693073907714
41700 321.37536906965618755
41800 322.4875846805826427
41900 310.36683591441033059
42000 295.67103927826320842
42100 309.60579420513647619
42200 308.03703164252493707
42300 325.31913845024917009
42400 312.82379339661440554
42500 302.61583810044555776
42600 314.726657539014127
42700 316.53364134523144457
42800 319.26283613064151723
42900 298.84820188059990187
43000 301.62089976753435394
43100 309.29695393290711536
43200 311.7829400893544971
43300 315.40371972502953213
43400 300.07860996888825866
43500 316.33148655438202468
43600 320.20677861812077936
43700 316.98280361260935933
43800 314.4270468023564149
43900 314.82421767248672495
44000 304.03030717936030669
44100 297.13894153014950916
44200 312.28199663369781547
44300 298.79438920482533604
44400 314.06244503658109579
44500 305.7803064778697717
44600 289.00823748445293404
44700 310.71354517386163252
44800 309.89483699958952911
44900 310.71074331115386258
45000 318.69082013708589329
45100 299.41682818625690743
45200 308.95012610602759651
45300 316.11618789712696298
45400 301.4170587252683049
45500 306.06879067528666383
45600 297.49307979867927543
45700 332.68331575638779896
45800 312.08206719076343916
45900 309.13643236055514762
46000 304.90056887267138563
46100 301.51300650376316526
46200 305.01727182583192644
46300 312.65585880221959769
46400 316.69776277167960643
46500 297.15492272913314764
46600 310.20330429376139136
46700 310.03347406654893348
46800 323.81513506832931171
46900 306.05589408322708778
47000 296.59053784547245414
47100 304.55972704255117378
47200 311.0371466015342321
47300 316.90122120294961405
47400 325.69528789250745149
47500 312.59333575098617075
47600 307.31234348988579086
47700 305.93764643885310761
47800 300.29362376872518325
47900 304.83356754826758106
48000 322.14246667724256667
48100 310.27140392052166362
48200 312.34416968894106503
48300 320.98656963492010163
48400 316.75016514793605893
48500 302.97641233378197967
48600 304.86744149638030876
48700 305.65096292698393654
48800 317.65835334719446337
48900 301.82292457249474182
49000 308.61002569351569491
49100 312.11219846870471883
49200 322.49390445868147026
49300 314.78799576075090272
49400 322.07487994641377327
49500 301.14174733667391592
49600 307.02195775539377109
49700 303.37257515136587926
49800 296.08414080831767023
49900 307.55898115627496736
50000 310.5785536049522193
50100 308.43794565999269253
50200 313.347953797657226
50300 289.30570823762508326
50400 307.40234491902151603
50500 315.23509118124331962
50600 294.21468679615833253
50700 311.62778425783426428
50800 304.4246795803218788
50900 327.32697793156950183
51000 310.82152398386517689
51100 295.87404167953769729
51200 307.18499179916960884
51300 307.82091321283559182
51400 309.78506479243395688
51500 307.84206363042727617
51600 304.69073599177681899
51700 324.08973127548841831
51800 291.15895765598003209
51900 306.07426542152614957
52000 302.38283531639950752
52100 291.34720736540782582
52200 304.58036111038421723
52300 305.02088832857361922
52400 309.97653120499131774
52500 312.4728278346043453
52600 308.34520283609435864
52700 316.56632463032894975
52800 305.32493349653145742
52900 305.14126441374719434
53000 310.20017544998944459
53100 295.19214178168442686
53200 307.62590074017271036
53300 309.11998952132285012
53400 302.32923564318798526
53500 299.99510742393795226
53600 313.25212789032070759
53700 326.24717899195883319
53800 308.85269104845207266
53900 300.68613053964901383
54000 306.33918402504735923
54100 317.34598221607149071
54200 303.06845557872713925
54300 292.8203176894205626
54400 310.83207641790414755
54500 305.13091991984128981
54600 305.69264503260438914
54700 307.93557680177787006
54800 328.33161100504827346
54900 313.53409180902309572
55000 305.21688413405661322
55100 298.91326337621052289
55200 322.71286058647353912
55300 314.84567395882140772
55400 306.45561039060493158
55500 311.67249982599219038
55600 296.84916688098218174
55700 309.77347179343206562
55800 313.02827571424717235
55900 298.01230150752707004
56000 293.36885718414487201
56100 313.88147115696676792
56200 308.16980435473482203
56300 307.70767124893887967
56400 303.77601372015533343
56500 309.55764090943796418
56600 325.4598224541663285
56700 315.53024819674487844
56800 308.04788702823964286
56900 307.31862547605470581
57000 309.70198375430851456
57100 326.93398643446607821
57200 321.56444456325220926
57300 297.19448510225680593
57400 294.37138405538206598
57500 310.78274730372345402
57600 324.47562239722418553
57700 309.65393135519110501
57800 309.73526710616056334
57900 323.15391736592192728
58000 313.45476615982204294
58100 312.92061934085114672
58200 320.3174480933099062
58300 290.72784427816156949
58400 295.97354827467495397
58500 303.3160196383974494
58600 303.74066947579126463
58700 313.03346709518649504
58800 294.91176243720036609
58900 320.34476579718273115
59000 316.82923828275431788
59100 309.78806221252563091
59200 314.58132656066186428
59300 316.48913071523713825
59400 299.96720287989381859
59500 313.21513238875144225
59600 321.10957483873158935
59700 318.19014530541357999
59800 306.7959019635705431
59900 304.27474616990275535
60000 301.08839092714964636
60100 316.07417103726601226
60200 297.23138101535619171
60300 296.61788125268049043
60400 309.89058354202728651
60500 318.20073981119958262
60600 324.80449038214629809
60700 299.36492795228934938
60800 320.21740111282832686
60900 323.67996627840966539
61000 327.73417271711537069
61100 305.67245636005998222
61200 318.87401590583857569
61300 307.02720015749082449
61400 313.15728825996217211
61500 314.93024621155063869
61600 312.11561861954294272
61700 301.07645135867250019
61800 312.68406138097867597
61900 308.67743526623041816
62000 293.26272929681533697
62100 306.96420949307565706
62200 304.2901800439230442
62300 321.0632546860871912
62400 316.14647124790650423
62500 306.58763611717211006
62600 317.79659195601902866
62700 330.14446888806077141
62800 310.5463992098651147
62900 298.03411254082465121
63000 304.97587832146967912
63100 307.19266648130138719
63200 310.64125520597679042
63300 306.83339906222840909
63400 308.02606769167834955
63500 317.82749594989110165
63600 319.8953614772104288
63700 314.2372267166933284
63800 310.23291221098327242
63900 287.48132845349493891
64000 313.88715322453651879
64100 310.07733995782217562
64200 307.78398869917191405
64300 303.13501266312687221
64400 310.68685324226606781
64500 292.44798997502977045
64600 313.20749527374914578
64700 315.05322948475895828
64800 300.70882814838358854
64900 300.94523780091907383
65000 316.05304196963999175
65100 308.84917457014398678
65200 319.30305332514791417
65300 321.72284440962243934
65400 314.41921296770095751
65500 319.18642936010201083
65600 325.67556679969527522
65700 307.3873934180931542
65800 299.1273147219530415
65900 323.01609509614883109
66000 335.10947172332691935
66100 312.45827453813348029
66200 320.4154204302141693
66300 298.4341674928718362
66400 292.86525774856858106
66500 317.73831135320881458
66600 305.83630022625578704
66700 290.73005309931272677
66800 316.38289927177652316
66900 310.50814469850450905
67000 299.33107295208992582
67100 323.28820018528159608
67200 313.69098753982734706
67300 293.97367204201032109
67400 319.99170306209140335
67500 303.51638346998726092
67600 306.61610699882265862
67700 328.66636056656761866
67800 316.62861842485318675
67900 302.48629093185047623
68000 322.17013736410149249
68100 312.89829690978149301
68200 316.89193684798306094
68300 321.60203779988546557
68400 309.73874193463234405
68500 324.79676302506817365
68600 311.44879863053591862
68700 305.65201187678201222
68800 309.63705196960069088
68900 311.51473070429807422
69000 305.4607506536504502
69100 314.4469577059624612
69200 333.62906538088338948
69300 299.2821001079791472
69400 298.59965751564982384
69500 312.93315407524971761
69600 296.2536739312121199
69700 309.78602384606068654
69800 312.88877862354667059
69900 299.51032863529587758
70000 311.06688867846798985
70100 315.1490302017082854
70200 300.49852916554533522
70300 318.01615642161129927
70400 305.65400083391352837
70500 317.73272970284716621
70600 305.96691872756071007
70700 307.02013844650446117
70800 319.72535298826443295
70900 311.15816143626943813
71000 314.98883384279230313
71100 306.90485462418200768
71200 304.5364384078266653
71300 287.05960407280878144
71400 301.42009444576279975
71500 318.19945264439928678
71600 314.91767197855978111
71700 311.82077844791643884
71800 314.03738789978461909
71900 313.41455342521300054
72000 305.80497454500277854
72100 322.53091885920849791
72200 296.16647949371321147
72300 301.399833658427724
72400 316.36223592881646027
72500 315.88906390496106269
72600 307.91274716476891626
72700 308.11205292490188867
72800 318.92754946595755428
72900 328.67036473940709129
73000 319.17636086210080748
73100 310.62482714316968213
73200 314.2560428879486949
73300 302.80382737725830111
73400 304.06497395765927649
73500 312.91950127134219883
73600 320.32370189357681056
73700 318.65620524718332263
73800 334.64845065948975389
73900 306.46125133624150294
74000 305.07861860546233856
74100 303.30124778008558906
74200 309.61136026383923081
74300 307.61450942268766084
74400 300.46219629155729081
74500 304.46566513764184947
74600 296.97208276009973815
74700 315.06261955769537053
74800 297.92709756717732716
74900 315.48014033308845683
75000 308.17028624095814848
75100 307.38292991574701318
75200 311.27174941572195621
75300 298.1377847492796036
75400 310.25478470092076577
75500 325.02924797588451611
75600 322.03475322479664555
75700 305.09108524601487034
75800 288.77933594236708359
75900 320.02633763526932853
76000 310.48307978626718295
76100 324.07567687363263076
76200 324.99472859733549512
76300 301.30670706022209515
76400 305.88453111645111449
76500 316.52523299486625774
76600 318.01729267802608092
76700 303.0316118233570819
76800 309.81687143220727876
76900 301.6931043110093924
77000 315.68700761156168255
77100 304.86857686217092578
77200 310.80645455663267285
77300 296.60232878449068039
77400 303.29299200528953406
77500 325.69826883089211833
77600 334.64424815932727597
77700 309.65041900893589855
77800 314.86798538111997914
77900 309.56545827226045731
78000 316.51202540641406813
78100 310.71409488551000777
78200 309.24897010573414491
78300 312.51296790509530865
78400 305.71665488826249657
78500 302.74977866744819721
78600 305.86033294253439863
78700 308.11665123248559439
78800 321.52442849145523951
78900 296.69913311595854566
79000 306.1553310354879045
79100 297.80328774369945677
79200 307.47145722620092556
79300 313.91365744293074158
79400 301.63430451082678019
79500 318.14720300787757878
79600 319.47897712762193123
79700 302.41744251188038106
79800 288.35543896823543264
79900 305.48268047234398637
80000 314.96497148083739148
80100 308.88416435199951593
80200 324.9731186413767432
80300 314.60085603342020022
80400 305.17703301564063167
80500 302.83827814765368203
80600 304.15014696647557457
80700 288.90868376895048186
80800 319.21018821999336978
80900 318.23501566527539808
81000 303.01393077975552615
81100 307.54277001452913964
81200 295.76195650727197517
81300 303.15686689180091662
81400 305.86267346214953022
81500 300.64868788872473715
81600 295.48684917662421867
81700 301.57557717902352579
81800 318.14586772215659494
81900 317.02648395101965662
82000 308.08579217630796165
82100 304.83033210198288998
82200 312.45784578044344926
82300 316.81395627699447459
82400 301.0211268602699306
82500 295.36783278610687375
82600 306.37825701403801304
82700 304.33271054868248484
82800 333.33914050614851021
82900 322.62343605741392594
83000 316.32244904282157449
83100 296.82938322473012249
83200 311.85889838845588429
83300 310.60574638835180394
83400 288.01284775014750039
83500 327.01188271298224208
83600 315.46743641122310464
83700 290.57863554077789559
83800 300.59528990278403171
83900 297.77167713542360161
84000 307.97894735652130294
84100 317.14138106555645891
84200 305.00971335689337138
84300 295.81802552832527908
84400 298.76353115037289854
84500 327.10305454795155811
84600 317.40263950945609395
84700 304.35320857660883576
84800 296.23962306498685848
84900 308.70308639150493946
85000 309.94456641292401855
85100 324.53978302314766324
85200 309.28921811558444688
85300 305.1900547682930096
85400 323.51055887677455303
85500 313.67434914236065424
85600 297.76369693657642301
85700 308.59600309650636518
85800 315.799960429984651
85900 299.83939519270057872
86000 320.58154131231276551
86100 311.01845894502878309
86200 309.58844579452448897
86300 306.090620960895194
86400 311.41642289679555233
86500 296.30961125403212009
86600 306.79219481469590391
86700 306.61461438472207419
86800 302.0636611999627803
86900 314.9813456685287747
87000 327.07792977767979892
87100 299.8927887576254534
87200 296.38773361665909079
87300 310.23567509310561263
87400 294.44574114615375038
87500 306.45447715775429742
87600 317.36534710809445414
87700 311.15144636748868834
87800 308.75485606654848425
87900 298.35263186296168669
88000 310.56297451850980451
88100 313.32557026109071785
88200 318.06434344722418928
88300 310.93729263086390802
88400 309.69875295047324926
88500 320.82998176802249191
88600 321.45712713600227062
88700 312.44692911698950866
88800 296.72739067270265423
88900 302.13231834873630532
89000 308.99181908553890707
89100 319.50367479666164172
89200 314.03053776703671929
89300 313.51220473736475469
89400 308.34656915874825245
89500 309.62506921872409293
89600 303.22293026000249938
89700 301.64827536781717754
89800 316.27571413773216591
89900 314.11855715852436788
90000 311.42711158173125341
90100 331.76139986330184684
90200 313.02616134981519735
90300 307.92088073898565881
90400 306.27170880494799121
90500 322.18483870671252589
90600 309.04218150037183932
90700 314.78585857474820386
90800 314.40239206336332245
90900 310.82586833877263643
91000 304.4630304699177259
91100 307.27297500030550736
91200 296.62877208294747788
91300 308.17274571956613727
91400 320.13345843343262231
91500 307.12355082944941387
91600 304.48817590787956533
91700 310.83996838830762499
91800 317.10785632122099287
91900 292.14861853397735558
92000 322.40738721201887529
92100 300.16205218754396356
92200 305.94467126819932901
92300 316.83710864901547666
92400 315.49554620961345108
92500 293.3931043474466378
92600 307.62463092490304462
92700 298.03433534886562484
92800 296.46223069071726286
92900 303.14385671212761508
93000 306.17132809501902102
93100 306.41285190348258993
93200 308.23104373426127722
93300 316.4659685884956275
93400 304.8827478925012997
93500 316.98787551655311745
93600 304.63179665213664293
93700 306.81738843860927091
93800 322.11891402570705623
93900 306.47760938938500885
94000 310.7657349842541521
94100 313.31199843475559419
94200 315.49835125858783158
94300 296.49435796767460261
94400 309.11936076518105665
94500 313.78894853546410104
94600 304.30222554047674066
94700 300.11657270073897052
94800 303.44284868862058602
94900 306.38945356784461183
95000 300.04106772438854023
95100 306.74018258136538861
95200 301.5848215003964583
95300 312.74424042975920202
95400 314.5669163182855641
95500 309.18975526447644597
95600 304.38551194400076838
95700 316.54200237054823219
95800 302.62928286648019593
95900 299.71933758292652783
96000 297.41612345074230461
96100 304.67291239371934353
96200 308.42368463405506418
96300 305.65955367020904987
96400 317.19665912775758443
96500 316.81837818101661242
96600 304.86134521830422273
96700 313.59095585575079213
96800 313.14319493145137585
96900 303.28805885695277311
97000 310.75176886213461103
97100 323.34680897782055808
97200 319.19002591595585727
97300 311.67282678907065474
97400 322.67318765027170002
97500 312.30895575307459922
97600 313.12462392837448988
97700 314.75340255637985365
97800 328.22547598576983319
97900 311.66379555538441082
98000 307.7763364776369599
98100 298.21805211633716226
98200 300.91395027618108315
98300 315.45847061485528684
98400 306.2364503108142344
98500 309.48955771331810638
98600 298.61734885716521148
98700 303.69586851535336791
98800 310.33641478785960999
98900 310.9511520748456519
99000 302.46235648120398309
99100 306.18596496073615754
99200 297.7685038985752044
99300 325.73830837787431847
99400 323.46918501237706778
99500 307.16176685083286202
99600 304.16408618932860008
99700 302.16067931313307326
99800 334.70226037039418543
99900 296.44563506406711895
100000 306.36007509303203733
