# Fix print output for fix printTemp
0 309.99999999999994316
100 314.29149112741907857
200 304.28909585449247288
300 314.53562202528706848
400 314.50787252765587709
500 312.39412658121392496
600 313.24863256587354954
700 310.13898435469087644
800 338.37061006429399868
900 316.37279705648290928
1000 304.8447024581896585
1100 311.24754066600434044
1200 309.3146316690035178
1300 309.16878332344072078
1400 297.78627942560319752
1500 302.65190423113978113
1600 338.01280429967385999
1700 312.47775920372197334
1800 322.50143908875816123
1900 315.05457617181122032
2000 301.82889252027734983
2100 329.38640270565906576
2200 323.97873899914037565
2300 308.00712400371367039
2400 315.19269908334121055
2500 309.03370278660332815
2600 315.12961172363884543
2700 312.57920031863176291
2800 302.1356205271584372
2900 300.85995388120574034
3000 316.78860571941538637
3100 310.04395120327097857
3200 311.5091932584573442
3300 297.73318411438549447
3400 307.39744027748406552
3500 311.66240913990981198
3600 306.69270794139492864
3700 309.96877591654236994
3800 311.12989266327531368
3900 305.79013973988992348
4000 313.96182938610797919
4100 306.61210953221882392
4200 300.88218732182286885
4300 315.49295381065212496
4400 315.99237168627126948
4500 318.37091946529864117
4600 320.87265695765779583
4700 306.49002711195646498
4800 325.67593162790501538
4900 326.38464548544084209
5000 310.6848512283622199
5100 298.83333777814505083
5200 318.85173658774544947
5300 335.04687552574421261
5400 308.81532229626657227
5500 308.67343739165335137
5600 314.25431261120280624
5700 315.36756226274565051
5800 300.68958630783879471
5900 306.16413218144617758
6000 314.55803657558465147
6100 324.6238825441107565
6200 309.19447219344465339
6300 308.11566189071504596
6400 317.90964537572966719
6500 322.91801889772131062
6600 323.01968190616071297
6700 327.97182365458905906
6800 309.15750679028133163
6900 311.65616356404694898
7000 313.17990774866871106
7100 301.6907790643701901
7200 308.61208804420465412
7300 300.86756399172890042
7400 311.55844665534840487
7500 314.39657034882981179
7600 311.33904178375814809
7700 311.01289195535684939
7800 314.62772338605589084
7900 302.86638710524380258
8000 296.64994609337185238
8100 306.44889772617233348
8200 307.29276240561836175
8300 300.40889472064787924
8400 304.15253548314365162
8500 300.32790192142357455
8600 296.32026742645359718
8700 309.50417592094049724
8800 313.19770314213280926
8900 316.71079716938197635
9000 313.84057854273834209
9100 301.00387342030580839
9200 307.30820823983953005
9300 327.56224896532950197
9400 311.12132036825391879
9500 304.29791243890258556
9600 319.94242377813617395
9700 313.11659963727981904
9800 303.47131293833837162
9900 311.20475246986239881
10000 293.62305503300268583
10100 311.72283111224749064
10200 329.15299018066826875
10300 317.77428925772034063
10400 300.74717642400605655
10500 311.25612780453099049
10600 304.92172058826304237
10700 322.90297630481660462
10800 318.09090692450104143
10900 312.4227617040039604
11000 310.31619157476069404
11100 311.1454453058459535
11200 309.58961025768428499
11300 316.61214717802289442
11400 297.68356397753160536
11500 304.49249409186990079
11600 301.39661224525247007
11700 291.86120824952047315
11800 311.80724151653646459
11900 332.70953075564602841
12000 313.91768991427454694
12100 312.74879284447331429
12200 321.70692162429901373
12300 309.58259459610587783
12400 303.50739209925734485
12500 311.00912216814430167
12600 309.14476541196535209
12700 308.1862842454386282
12800 295.39605136409909392
12900 294.5406189698182402
13000 310.11427071554345503
13100 322.17092762496275782
13200 314.08750714562114581
13300 307.84856615242654243
13400 317.49862014287157308
13500 305.54591334703269467
13600 304.98630149242438847
13700 311.42825224117876814
13800 318.31112521750952737
13900 307.46956501327105116
14000 311.30235340505578279
14100 321.45473237054483207
14200 317.32981126583001696
14300 323.50898895000420907
14400 299.8938192690123401
14500 299.14641165016280411
14600 307.34380725946056145
14700 307.21878437619483293
14800 310.22222978443136299
14900 315.43253644319634077
15000 300.8150643889107414
15100 300.25698545980185372
15200 299.09521458991622467
15300 314.03696128495209905
15400 311.59518381357673888
15500 321.95817481576477803
15600 308.97644938350418897
15700 301.97924640058613477
15800 312.21582974562886648
15900 303.9037851136270092
16000 310.58531192091845696
16100 323.05131723047963987
16200 320.16651513840736243
16300 312.0028398766716009
16400 304.67336743004585742
16500 293.70784159057831175
16600 316.1561046082597386
16700 310.70548943598993219
16800 318.65404938534288704
16900 288.77876661067739406
17000 313.03127590420695014
17100 310.96062453866204578
17200 320.2555509514193659
17300 319.6594181541553894
17400 328.33942168542608897
17500 303.79243422270258179
17600 299.66148182160310398
17700 311.07112829804026433
17800 324.80898925049609716
17900 322.62889047487220751
18000 307.65061649798042254
18100 300.00092450283847256
18200 320.95652717523972797
18300 310.91949199516858471
18400 309.57518674075299714
18500 317.24947353576021669
18600 302.01770913911462912
18700 311.57443974305789425
18800 311.63460240077216667
18900 303.46234255996961338
19000 300.55551825236568675
19100 295.84486562264527265
19200 315.84849815332114531
19300 311.22966336716950764
19400 290.81668803931154343
19500 307.92268315991412919
19600 308.73444077238116279
19700 308.62479770387056988
19800 311.18291510958772506
19900 295.16487568793235141
20000 308.03197574890526766
20100 307.8329188383120254
20200 300.09595037551554242
20300 321.135585463654877
20400 316.65229406860026984
20500 300.42996040515942013
20600 312.06388040275857065
20700 317.32133583992924741
20800 318.7062915321030232
20900 317.7049378904457626
21000 316.87948822040800678
21100 307.87857283099447159
21200 304.60763333021196786
21300 298.69359278222174225
21400 318.5065690041195694
21500 319.33034388466916198
21600 309.59497974565510958
21700 305.1494509916529978
21800 309.43022975804052521
21900 312.28574940321857412
22000 310.80479982046477971
22100 309.72989318344860976
22200 308.82875815908886352
22300 312.44757898694905407
22400 320.39674991440767826
22500 302.2450194753197934
22600 314.70113176159185286
22700 318.82607858969396375
22800 306.18065380406341092
22900 299.20048314046630367
23000 293.8189412685188131
23100 307.70309218521560979
23200 310.77985736653818094
23300 300.48144773958034648
23400 299.87215097607577263
23500 306.88791993499069122
23600 303.54423390036532737
23700 299.11027229176266928
23800 299.29430892412727871
23900 306.65432622997008139
24000 319.40860542948416878
24100 296.45614326341080869
24200 313.60922140171993533
24300 320.86194029473102773
24400 298.7408343354231306
24500 298.50918426800677707
24600 305.87131832530849351
24700 310.86881510513700277
24800 315.55379414069602717
24900 310.20095034777966703
25000 310.31962050491432592
25100 317.73595798277665381
25200 297.67876334807596095
25300 310.62054269813842211
25400 318.19790482607180593
25500 306.82807714218267847
25600 308.25139773340083593
25700 302.57874270056680643
25800 319.47299653163025823
25900 301.60350941961422677
26000 313.07821504182584249
26100 306.50490616238863595
26200 294.26921112750972043
26300 294.70878290534750477
26400 307.46616141789473886
26500 299.40161684749369897
26600 295.49598090427934949
26700 300.82503158980370017
26800 303.88032105300368357
26900 305.65896490955719855
27000 301.14542778952068147
27100 299.08555376642385681
27200 305.93415229834340607
27300 320.63435684538967507
27400 313.52517307492485088
27500 302.40693195918464653
27600 310.95755807212708532
27700 318.1922226920971184
27800 318.01389863325800889
27900 301.49220013658276685
28000 315.91985447253102848
28100 313.59412550556135102
28200 299.2733549480151396
28300 306.80855630765069009
28400 316.94974713213514406
28500 308.49791911863599125
28600 316.56542348700139655
28700 303.36707458553718197
28800 307.97811858206273428
28900 316.61961329661761511
29000 296.51244050813897957
29100 308.37881388523902615
29200 324.31990376852741065
29300 306.65580126856559673
29400 307.76605915960544735
29500 328.92795463121967714
29600 317.64116948446979904
29700 303.1149202023444218
29800 305.40724924211247071
29900 302.58288795883493094
30000 314.43356655879927075
30100 318.6348266456865872
30200 306.17674964101382784
30300 303.36956678372439455
30400 307.2963855572176044
30500 300.60482261058137965
30600 304.07539815323661969
30700 320.69161424339426958
30800 311.27249144290453842
30900 320.45225596307466276
31000 305.89444139535589784
31100 307.94159171031145661
31200 309.30100992466611842
31300 317.38657159113927264
31400 305.74707508518412169
31500 324.89797548189091003
31600 313.00912120078027101
31700 307.1476222924279682
31800 320.55631802738150782
31900 318.06065949072115018
32000 308.79970633020400328
32100 318.4562694572002215
32200 301.29109839237554525
32300 324.11205700578005917
32400 315.89987628628944094
32500 302.60520909155951585
32600 322.99119548788218026
32700 307.55103214489332686
32800 323.289532765495494
32900 307.19057906332761831
33000 307.06340916438841759
33100 299.27230354552943936
33200 316.07252740271889024
33300 330.2606516203950946
33400 307.26695907320186052
33500 299.81169785389926119
33600 296.64605467752721779
33700 307.77129247605915907
33800 300.27163288637353844
33900 326.94962661429707396
34000 317.36378106316351477
34100 330.52211111718065695
34200 305.38211937898483939
34300 317.71352139226127065
34400 306.97556033340350723
34500 303.12003132053149557
34600 330.760372194909678
34700 299.23584204221049276
34800 318.99842973661696988
34900 308.89059016350574893
35000 311.43045176052629586
35100 307.04574971639789283
35200 302.20364316681036598
35300 310.76237235755104393
35400 313.67578381876819549
35500 319.21354248636589546
35600 293.81597085479734233
35700 302.15653115932633455
35800 305.14081414178980367
35900 320.74795854049511945
36000 315.14320184706605232
36100 297.74799198146621393
36200 304.45200191168345327
36300 326.88498137985453695
36400 312.92276994962105618
36500 306.49569704651355551
36600 291.58396107579369527
36700 307.02449835582507376
36800 310.79875128366757053
36900 312.93810468607085795
37000 309.61780230096474043
37100 322.81847111817216955
37200 317.3778743597099492
37300 315.54307968106894577
37400 312.10779038088537618
37500 319.05055210718575154
37600 305.48360060497725499
37700 290.99911416637166894
37800 308.3203876870975364
37900 306.98440880966359146
38000 302.81482754360933995
38100 326.68911238666731833
38200 323.73218014805462417
38300 315.59719096195425436
38400 294.53568904533909745
38500 313.69654100734379654
38600 316.62108346759464439
38700 320.29175619818170162
38800 307.90866064657899415
38900 316.16697999363282179
39000 308.48027775087132341
39100 298.42811017137620411
39200 313.462500338381858
39300 309.02821209105781008
39400 329.83731182538411986
39500 308.4632306134880082
39600 287.71174378793381265
39700 311.55794448141409703
39800 297.37434796893506928
39900 307.17403814598418421
40000 320.45620158803484401
40100 308.40863071000376294
40200 304.81692149985053675
40300 303.74586153510210806
40400 326.76583802194784312
40500 316.07038443548884743
40600 305.57583022038488707
40700 306.91462342681182918
40800 290.20688718917693905
40900 320.00907034226514725
41000 323.06625534465371175
41100 305.60012318531471465
41200 302.39530305777816466
41300 302.33917116144078818
41400 295.68713394903306835
41500 311.15139119577423799
41600 309.13442381040954388
41700 295.66881418208021159
41800 307.68132398757643386
41900 296.26386367339887329
42000 321.45056962932778788
42100 318.46033205781264996
42200 308.74840097713195064
42300 305.05038422743717774
42400 304.1260677700356041
42500 306.14207249519085963
42600 314.12908219666542209
42700 303.88372056583756375
42800 313.40469891666884905
42900 329.91399027609315908
43000 298.68176966450732834
43100 294.89943965048024666
43200 309.09907811747774531
43300 325.02071451804221169
43400 324.97279066434373362
43500 307.95398725717711841
43600 302.94593514668781609
43700 299.3322599799037107
43800 293.94208178487008354
43900 314.72780796830016925
44000 321.56092474317864571
44100 317.90195364216003782
44200 302.08196708011092824
44300 298.79916988991777771
44400 310.54024716693311348
44500 317.2872662450572534
44600 306.08084801313327716
44700 306.28340673608278166
44800 302.20766119649874781
44900 331.60818067707430146
45000 318.45512713999954713
45100 297.56562570546890356
45200 322.29790808903408106
45300 313.9028992044777624
45400 309.99251553315792762
45500 315.295777627639211
45600 300.03321035629204516
45700 314.36845176645937272
45800 306.37078223254235354
45900 287.28658027390395091
46000 314.38293366011032504
46100 309.32615276164085572
46200 316.05843413449900936
46300 310.07151062317626611
46400 311.74660683135044792
46500 302.32673822205237002
46600 298.34350143043059234
46700 312.2027750200948617
46800 310.55970570193795766
46900 314.50608626234361509
47000 314.32307196073821842
47100 315.00590650680459248
47200 329.68650251445490085
47300 309.04313913661979996
47400 307.59563226062840613
47500 323.54055543514414239
47600 326.11096631467569296
47700 320.46520405835372003
47800 300.82964970039279251
47900 310.21409029998716278
48000 304.14276512696659438
48100 295.91632210457902374
48200 310.43367160431341745
48300 317.6713356743315444
48400 297.09718932800888069
48500 308.06116465221515455
48600 305.52333124059657621
48700 316.0346997460159173
48800 324.77139270686711825
48900 300.59201390300552248
49000 320.74016474753807415
49100 315.6010266009113252
49200 317.14632458307727347
49300 313.74460082985763165
49400 305.60825287260234973
49500 302.29348933675692024
49600 304.20968621838886747
49700 312.55260974285783959
49800 311.26299708392770071
49900 303.78582846792346572
50000 314.86828460905297788
50100 311.65232334912394663
50200 317.37044542151795667
50300 319.24944603786593689
50400 307.96857932334728503
50500 311.73381770971553806
50600 312.31759826887042664
50700 302.87881956867954614
50800 294.64414483440577897
50900 323.20666487103193276
51000 319.83509906790658306
51100 302.95439210764584459
51200 313.51008391001255404
51300 309.94897067883744057
51400 314.62657545080287491
51500 299.63697837227067566
51600 314.43470127834689265
51700 306.33735193313077616
51800 318.59058716218032714
51900 321.50814796985349631
52000 308.12566028810613261
52100 306.42053292059733849
52200 311.84470650512412249
52300 321.24539297230899138
52400 299.54015737199381419
52500 304.37396617294160706
52600 316.68236301360457219
52700 310.183694163554037
52800 299.11020800287417387
52900 302.07513940058481694
53000 307.37497057789943256
53100 317.89619149796408237
53200 310.82815532943118342
53300 309.16992507692634717
53400 305.04689013405618425
53500 306.15717377424044798
53600 301.61334736118118371
53700 319.63616891293258959
53800 300.40589480172468484
53900 305.11028349892899314
54000 308.63912727714563289
54100 310.63111892049772678
54200 310.73208959012663399
54300 301.08463030132270433
54400 299.28116333960412021
54500 314.4033368425677395
54600 310.17943732019205072
54700 332.75340320210335676
54800 305.33292411541862066
54900 302.95582532035507484
55000 308.84441544933707746
55100 312.45459148234357372
55200 317.65846531123082741
55300 317.05961064588706222
55400 314.94706185504691121
55500 313.81549246606221004
55600 302.27540451832987856
55700 307.7304005823077091
55800 311.63918166348520344
55900 320.11798806652080884
56000 306.26616789073409564
56100 308.3569118945019909
56200 309.00166603952618516
56300 312.02233495701113952
56400 300.05208194432793789
56500 319.27643773817510464
56600 320.57120458369860216
56700 308.73198417680976036
56800 302.24681735758099421
56900 301.8227446817191435
57000 312.37667449083124893
57100 301.93796057909679575
57200 309.37324494378560757
57300 305.40863985347908738
57400 321.77539960477008663
57500 312.12950813029675601
57600 307.34670368188380962
57700 303.77075385740653246
57800 305.47604945211702443
57900 301.72532648625929141
58000 313.74969123295346662
58100 321.12450595235026185
58200 322.79099994423205544
58300 313.12556764703919043
58400 301.07411414554519524
58500 314.54693195569188902
58600 306.18520734846703135
58700 303.9792519124359842
58800 305.37449407961622683
58900 308.48806532133676228
59000 316.82442484742301758
59100 331.69142442848942665
59200 312.08826346809172492
59300 308.21323715190732173
59400 319.99393839515687432
59500 315.89848850187252083
59600 298.77787300211105048
59700 300.51928421841785166
59800 312.98002628892817256
59900 303.61903605865916234
60000 299.70851830386925485
60100 303.98015075749992775
60200 302.09729091069795004
60300 312.28097455851980158
60400 313.77522348526019869
60500 296.32059407583881239
60600 294.8973984413476046
60700 304.10044919850207634
60800 291.54664776005097337
60900 309.72673281075594787
61000 308.40936204686227029
61100 306.39798312575783257
61200 298.21265833228130759
61300 307.35250572473375996
61400 324.51949972407993528
61500 297.27542839074556014
61600 302.42934098174947621
61700 311.67420583935773948
61800 291.61407400839920001
61900 309.6321086485061187
62000 311.86110182232692978
62100 315.80595815735784981
62200 331.25228518623532636
62300 304.4997198183066871
62400 318.04784484460628846
62500 299.00448652651670045
62600 310.90254136884732361
62700 318.13755357694799386
62800 309.06895385830733858
62900 301.68037081886319584
63000 305.98456553099873645
63100 305.90840636608498926
63200 297.11576577546605904
63300 310.10286902753676941
63400 300.51081730574469475
63500 322.60984025979615808
63600 321.54085703174189348
63700 320.58402386926979943
63800 298.39779191814614023
63900 312.11520852966015127
64000 332.29684421192843047
64100 320.5376794064353021
64200 308.69777652026306214
64300 315.2879147326873408
64400 323.91792968691322585
64500 300.95464340573596473
64600 311.43571113368011538
64700 314.47003830569252614
64800 308.8854288058308839
64900 319.70685889587718975
65000 311.99308750171337579
65100 292.08360719425121488
65200 320.34177753800662458
65300 307.10772937326532883
65400 298.09124544700853221
65500 314.65204199683500974
65600 316.4974308844564348
65700 326.30401075495643681
65800 310.15480101499753118
65900 303.54376525240246565
66000 317.65150574362127145
66100 316.08092684253699645
66200 298.47460691032131308
66300 301.40425219658220612
66400 320.81123419920288597
66500 305.60191030161934123
66600 307.60170839915457464
66700 319.96222154998235965
66800 311.58762832637626161
66900 306.44658521260879525
67000 321.35573131307876338
67100 304.18320524178903952
67200 293.09717355440426445
67300 306.71022725557969579
67400 314.97167429638074054
67500 322.56679157244610678
67600 305.8131707800591812
67700 299.1023529547551334
67800 290.4850971216304174
67900 314.50419252737128772
68000 302.03878651334144934
68100 293.00091600682708304
68200 306.3332515346048126
68300 316.6512255413046546
68400 299.25124302531105513
68500 309.2574431970553519
68600 288.05325633199220192
68700 317.37750945835762195
68800 308.45034179137348929
68900 328.14980457428418958
69000 314.28876945078519611
69100 307.18974765759674028
69200 292.96633527577625955
69300 303.46903267069819776
69400 300.16826578483778576
69500 293.27734920564967069
69600 299.16886298559302304
69700 318.83237497592591581
69800 309.24811258708598416
69900 314.86924489385700099
70000 314.36174026879621124
70100 312.59484716316683262
70200 300.23896579326509482
70300 294.43725447671789652
70400 305.4647633948065959
70500 295.36906202424182766
70600 311.61594529547801358
70700 306.41821602761712029
70800 310.2086550440155861
70900 303.06417360537659533
71000 311.04064363016561856
71100 290.40975425569013169
71200 302.54275083347692998
71300 314.40101252563181333
71400 296.14239688965767527
71500 314.88897676179215068
71600 316.41533259378388721
71700 312.49236635506633775
71800 321.49072749959520934
71900 311.21286650738528579
72000 291.52523313261531257
72100 304.75677188523468431
72200 306.82012848702947849
72300 295.21612790715977326
72400 316.61056525992671595
72500 319.22794381416781562
72600 308.579188535983576
72700 314.10906447801284003
72800 322.41782954855227672
72900 318.27904756317298052
73000 294.88827839777866302
73100 313.40032807117336233
73200 312.38952756006369782
73300 299.76983948457495899
73400 298.08594537890610354
73500 319.20054389134787698
73600 322.56883976709764283
73700 302.65990846389462376
73800 299.66553845251894472
73900 309.11416899846244632
74000 303.62247152413408458
74100 326.86848297785860495
74200 302.74225186274065891
74300 308.80439298639390699
74400 318.6762811178845709
74500 290.21993857168524755
74600 300.34650467408010854
74700 310.98743645858320406
74800 305.97850685771214785
74900 307.22561149736770858
75000 322.17944036934545693
75100 310.91420083270924124
75200 310.19434791353461378
75300 302.6627199329759037
75400 311.63316473908884063
75500 308.81392929538532144
75600 315.09379424290409588
75700 303.87294413928327685
75800 308.86962040227615489
75900 330.08779947886364425
76000 306.24365710314657463
76100 291.53790780007648209
76200 316.1624565994343925
76300 319.13259760177311364
76400 309.09028688089199477
76500 306.56308097410118307
76600 300.55339573859566826
76700 310.28286813605154748
76800 314.03619822579764786
76900 305.38364902142916435
77000 310.09360677364611547
77100 322.45161043478361762
77200 320.06249596382781419
77300 311.43553503320578102
77400 319.06905972678765693
77500 317.74795338017986523
77600 331.74158244898779913
77700 313.83811481899181217
77800 294.83191998288623381
77900 323.34115812476369456
78000 318.2848762725668621
78100 304.67431337529865232
78200 331.82161207025671956
78300 309.26122725822261827
78400 303.29254552197392059
78500 320.68301403531421556
78600 303.03440726330416055
78700 312.83446337381559488
78800 315.78463522177520417
78900 304.04425081439870837
79000 299.74185120139674154
79100 302.39141712960582709
79200 310.19630092406316635
79300 308.29703452309973954
79400 299.32364946221548507
79500 318.03014862221300518
79600 302.9662261446131879
79700 306.94479041111503648
79800 301.53794525377293212
79900 297.94348187191428678
80000 295.82921980837465981
80100 308.70319044164432398
80200 322.84730694044424126
80300 301.30840415169160451
80400 312.80963758328977065
80500 308.74115553200056183
80600 311.73188602907782752
80700 322.55123044709904434
80800 313.42267714390192168
80900 300.3543030420240143
81000 304.09816848297157321
81100 311.54679517849234571
81200 310.92012692592243184
81300 303.011602648635062
81400 305.26341397522304533
81500 315.1770675835244333
81600 289.9314912071560002
81700 302.23715656666638552
81800 318.18394426486321436
81900 316.00593869750508702
82000 297.84452764274482206
82100 307.05799861238961057
82200 320.41749654873154896
82300 317.96342451672921925
82400 316.6394033455478052
82500 302.91098337263213125
82600 309.51872998401483983
82700 308.69211603948497213
82800 313.42706944206281605
82900 294.64022393043279635
83000 301.88200035342873662
83100 300.4798067113361526
83200 300.01171355127030438
83300 291.92120934550621314
83400 312.99071214987634448
83500 305.02981276073722938
83600 323.55839701401725961
83700 304.84862419875065598
83800 295.54989926759992613
83900 316.54793520890547143
84000 318.94638099952760513
84100 320.18126775616048008
84200 308.23291415159025064
84300 306.9088678745905554
84400 304.72504819380128538
84500 310.04086421618586655
84600 305.09653627486943606
84700 318.41013096129006499
84800 304.50399194159058425
84900 306.14440733904712033
85000 300.30511533002442093
85100 321.63149996822056664
85200 317.23448641914632162
85300 296.13405520352989697
85400 298.12999809166291243
85500 315.39754871941084957
85600 308.93649975347767622
85700 310.741860579918864
85800 316.10680369363819864
85900 316.28495345821943374
86000 305.77605083664280983
86100 309.32279495375962597
86200 318.69211843097303927
86300 309.65042642751558333
86400 303.64428966303501056
86500 310.51400769702286198
86600 312.91520159330912065
86700 317.36684634992911924
86800 312.28369289218329641
86900 306.01315061537792417
87000 311.26925689365833705
87100 309.45100459045141861
87200 303.38048800235674207
87300 313.23353641126288949
87400 318.00483834355048884
87500 322.35761622343233057
87600 301.3906464160444898
87700 312.51389785121421028
87800 329.05614158644738154
87900 317.0985975266074206
88000 300.31433212598329874
88100 304.11106543981998129
88200 310.38985000374816536
88300 314.40304765747868032
88400 304.37520571587214135
88500 287.16780529255601095
88600 302.97472879600752549
88700 306.64694788623984323
88800 307.23750017342666752
88900 320.90076182278448869
89000 302.07694337775075155
89100 297.92778310997869085
89200 320.55897873192907355
89300 302.38668478638192028
89400 309.79857229167242849
89500 319.59974130099976719
89600 307.85925997411357002
89700 308.15807411460593812
89800 303.92698964227582792
89900 319.45509753656205021
90000 320.36100229917019533
90100 308.13407370417309039
90200 308.29513893435597538
90300 287.62080567986146207
90400 305.38233251524002299
90500 299.90907733485198605
90600 297.37442227139342776
90700 328.92149111020654573
90800 312.212646848895929
90900 306.27080985259766521
91000 310.99656061698510712
91100 305.35477883664827914
91200 305.39191130448313061
91300 293.85255307898773935
91400 309.50846345690092676
91500 313.38194655189732885
91600 307.24095642090617275
91700 295.20122037287342209
91800 310.67850579391631527
91900 319.55969332240869107
92000 314.11508398691302091
92100 311.35594290836746723
92200 308.19588761260132515
92300 308.03677111878698724
92400 304.31944992281984241
92500 311.65078854228045202
92600 304.18449259112685468
92700 325.16104994697900565
92800 303.41176222865135514
92900 319.8581364695419893
93000 311.02350393927792993
93100 315.94046613153096814
93200 314.81716073521158705
93300 309.30653110265978967
93400 321.65508487314417607
93500 303.39989312697872492
93600 311.0463723378329064
93700 320.26233192896552282
93800 311.26643714701708632
93900 307.86527051926628928
94000 318.08655073863207008
94100 303.01976669170340983
94200 316.64834438223266488
94300 304.05061603307825635
94400 304.60195905358762047
94500 305.65586572704467017
94600 332.41621016153993651
94700 301.02501259860588334
94800 304.14274163958685904
94900 319.79044566676088834
95000 328.96622231763001309
95100 304.16876350130087303
95200 314.16398852029016098
95300 311.57861211694773829
95400 309.47399166009103055
95500 309.17584877385786513
95600 321.74836562845615617
95700 301.45667643302277838
95800 299.28045147466826847
95900 322.79382795248687898
96000 317.40683021197810376
96100 310.34214257751472132
96200 313.71751029963178325
96300 298.76318335111483293
96400 322.69479961556947956
96500 316.61443599825986439
96600 306.96773883197255373
96700 308.85686853975215627
96800 313.75672198782444866
96900 312.56788703557663212
97000 321.76926005521329444
97100 317.92666578825884471
97200 307.50863041574098133
97300 309.26976028145026021
97400 297.14929272440252817
97500 298.87948984661534269
97600 311.87978341433131391
97700 303.06952186852913655
97800 334.15213242596411192
97900 316.35752204347249972
98000 315.48778442889869211
98100 315.79440334439885874
98200 308.59696034502667317
98300 297.45135359506167561
98400 315.4347969627636985
98500 317.20289981025723591
98600 317.45460355396687646
98700 307.77529605486608943
98800 313.71443474642137517
98900 317.96149064311390475
99000 302.953983626258605
99100 306.47875159935881584
99200 321.57563929381626622
99300 317.37840667368482173
99400 308.46977493263921133
99500 317.53904034660951083
99600 310.10226209314237167
99700 290.52081922195128527
99800 306.04032954835503233
99900 293.97331739244930304
100000 312.62841943111351384
