# Fix print output for fix printTemp
0 309.99999999999994316
100 282.27294028412904936
200 299.43911523769929772
300 314.98191541323194542
400 296.59290146686436174
500 308.41149996407978051
600 327.85368213380462521
700 294.76759902221670018
800 302.20068011550392839
900 296.74362570212116452
1000 300.53508926713891469
1100 306.448117241841544
1200 316.60942054409474622
1300 299.37732645801793296
1400 308.73531570729210216
1500 290.00265294705701535
1600 301.55881703191124643
1700 317.87845601343667568
1800 305.0853103133945865
1900 314.43403248860721533
2000 312.87811097975185248
2100 309.46128846651811273
2200 316.32216281813691694
2300 313.62948012343775872
2400 324.02046555036559994
2500 302.68287040135442112
2600 302.43184248821034998
2700 321.21204704659089657
2800 316.44014845164372218
2900 318.71465056198246657
3000 343.09903128758543289
3100 324.64363060916730319
3200 317.88521687955005746
3300 317.97245423457155766
3400 296.45192374433111127
3500 313.7788456886730728
3600 308.99728743840677225
3700 305.33046955441011505
3800 309.31394104527134914
3900 300.57792223206888593
4000 315.70601593249443795
4100 316.87886886655041963
4200 306.24249288652697487
4300 307.59009469784461999
4400 318.19085939387008466
4500 306.8207343314204536
4600 316.75034858267372329
4700 315.59268086624109628
4800 310.25972089439761703
4900 308.27263912088642428
5000 320.78760344029393536
5100 305.76690960612990011
5200 323.14095517786489609
5300 311.84761393963225373
5400 291.09396398973092346
5500 319.07161397814957127
5600 309.88107439593073877
5700 298.85443223391143874
5800 316.5852455063582056
5900 300.41689968281320944
6000 308.86011638647073596
6100 316.70828216598459903
6200 321.34960399937801867
6300 321.05232826852250128
6400 329.59622487368767452
6500 304.56056138765075048
6600 292.56095144827355625
6700 307.56609919176298718
6800 317.60817473875374617
6900 309.93749696910572311
7000 310.71800040177754454
7100 307.16878929650704322
7200 301.50303469303673864
7300 325.30364003609810197
7400 309.29871517684654236
7500 307.12684113337138569
7600 303.09570456971812291
7700 316.05754487967249133
7800 308.90810669316226722
7900 288.60458121749172733
8000 310.70477090124506958
8100 311.87135636323029075
8200 332.99976653220187472
8300 302.7138788673602221
8400 305.41385892224099052
8500 324.40560271647211721
8600 327.66972890022265119
8700 319.9092645246879556
8800 311.31783815910262092
8900 305.99315395707191101
9000 309.15347887008516636
9100 330.10836003298084051
9200 325.90439869225758684
9300 317.28321722308783137
9400 323.88982132556657234
9500 302.61132419901082358
9600 302.51610061792388251
9700 310.17500488297923766
9800 319.53708378293737269
9900 321.65603711707069579
10000 293.85554491152589662
10100 313.61847511723863136
10200 303.11111908457610298
10300 292.2697472858914125
10400 310.10275058735351195
10500 310.85111135306414099
10600 307.81901803514000449
10700 318.9803016423381905
10800 312.37750418419739162
10900 323.99594103970326842
11000 303.01865145633485099
11100 303.30638356688808699
11200 315.09084429465997346
11300 315.5646564185666989
11400 319.12854057360908655
11500 319.96143485611452206
11600 312.77136527618682749
11700 302.91059946129792024
11800 309.86565798736199895
11900 304.9816709118650806
12000 311.14993537273932134
12100 311.50661719579784403
12200 312.89317023399621576
12300 318.11785050498627925
12400 306.51567520768969644
12500 305.79026942884604523
12600 294.09597802169639635
12700 321.37963390606699932
12800 313.50807697207000047
12900 317.99694987386493494
13000 311.7143657901460756
13100 303.10770501513053432
13200 304.53277358879824988
13300 313.80646154216009336
13400 311.70200910168296105
13500 309.75498971980084661
13600 320.89414658288438886
13700 301.01701712726350024
13800 304.25645677444936155
13900 311.92574867313891218
14000 305.35467639947341922
14100 333.30062507412679906
14200 321.26445649833334528
14300 312.1773836666887405
14400 304.63731172169178762
14500 320.9957358371632381
14600 312.63174818080358364
14700 311.89975325457180588
14800 333.32831290922200651
14900 312.02545836468709695
15000 298.75333966940360142
15100 294.84856518935060876
15200 308.88235845922088174
15300 309.07911384190248327
15400 319.95074159482288678
15500 307.73999592742393361
15600 306.86475418887039268
15700 302.08927567417555338
15800 297.30962673495366744
15900 315.42106327559724832
16000 327.05131087205546692
16100 320.21920567758547804
16200 310.3632550434552968
16300 304.00891167457962183
16400 303.60972830536172751
16500 307.9608509113203354
16600 316.35611008964229995
16700 302.70586446319907736
16800 314.30746652472032565
16900 301.69396835732516138
17000 304.53077883396963443
17100 328.22926017826404177
17200 310.17599422095275941
17300 296.93948089214416086
17400 304.79586881873484572
17500 300.44463696314966228
17600 301.12605974417095922
17700 286.92792933355661944
17800 303.04307053227194046
17900 308.52942826819429456
18000 317.29548355130151549
18100 316.75747050399854743
18200 281.06167918313087739
18300 323.9403057008145197
18400 319.79026625657030536
18500 314.19973833372642957
18600 294.7239867200040635
18700 322.17132510287137848
18800 311.61630346354064613
18900 297.98581109522996258
19000 306.08334832095965794
19100 326.07150634519700816
19200 275.59515209817078585
19300 319.38937900989259333
19400 321.74970763158717091
19500 314.31325486448355377
19600 309.71108053442748087
19700 301.12909785180642075
19800 319.38851260646521268
19900 297.31720020832011642
20000 306.27048838898457461
20100 329.49679278646942748
20200 318.30977802051575054
20300 325.02529111005856066
20400 321.72417934527629768
20500 289.56647742187573158
20600 295.53277127138829883
20700 299.17982696929817621
20800 287.45736192106465978
20900 307.84972751698768434
21000 301.30218273204854995
21100 299.6784520556390703
21200 321.21668311191154999
21300 302.88634663905247635
21400 317.89728191951547842
21500 311.50127401102832891
21600 312.56286257389973571
21700 313.95014815341187386
21800 308.85922451443474301
21900 311.97834350720211205
22000 309.91131296543579765
22100 298.90611124344627569
22200 305.50709508395698322
22300 319.02928039791800074
22400 311.1598030728005142
22500 303.94063091202752958
22600 308.07780269408635831
22700 308.89475876628938522
22800 291.93396369082483943
22900 304.57320137485282885
23000 298.92415710724179689
23100 316.0945147751673403
23200 334.63477490569380279
23300 320.90193800917887756
23400 310.72758682677516617
23500 307.62386080344833772
23600 313.71363126393498533
23700 313.70319338121885266
23800 300.31865569632338975
23900 297.57177590859174643
24000 316.34606377441434688
24100 309.13435650130850263
24200 307.06120854657945074
24300 298.1373637707869193
24400 309.65080129592143976
24500 317.97616593726360179
24600 311.96496752530390495
24700 308.69603086951826754
24800 310.84448608144748505
24900 280.05210718786349844
25000 314.26182442645165338
25100 310.97866919452383172
25200 295.38545848937042138
25300 325.34504838855701792
25400 310.84903942476307748
25500 310.55217252762025737
25600 303.0546860204530617
25700 298.95140505752027593
25800 306.55647554313696901
25900 312.99404162404476892
26000 304.53053266081707307
26100 305.34386823162634528
26200 306.68469212965277393
26300 312.08474262420907053
26400 319.53003325629060782
26500 312.98084834269548082
26600 293.20683685213009539
26700 304.86312750375276437
26800 301.25515192759127103
26900 302.6990319122282358
27000 315.33116875640098442
27100 302.24934046373067531
27200 314.03192406118029112
27300 316.27382903143836756
27400 309.23358656994122384
27500 299.48038234836735683
27600 303.15688357739310277
27700 315.24452160653839883
27800 324.28917153157112807
27900 319.94463194123170524
28000 315.26282725612117019
28100 312.58276678858817377
28200 306.32806554862287385
28300 305.84933463210728632
28400 304.17428115091598784
28500 313.57676407030464816
28600 314.15729802293458306
28700 307.73498267342415602
28800 307.84793254679766505
28900 314.41292520818728917
29000 308.16299908399929564
29100 303.48382652476863086
29200 305.82042745816903562
29300 310.76807372620083925
29400 311.8091032534211422
29500 316.37527835397793297
29600 309.75540234801303541
29700 305.22906858007928577
29800 294.73763969506950389
29900 308.45273900594509087
30000 320.93465797716919496
30100 292.65260577176093193
30200 295.57122280800740555
30300 308.59765026482853045
30400 314.98777148968270012
30500 329.0010508564897691
30600 308.49524040479792575
30700 313.07610391956580997
30800 305.53309481632106781
30900 323.23561629811564444
31000 304.30820496049750545
31100 308.74735830307048445
31200 296.66547858072459576
31300 302.60909297971574006
31400 314.67955392212633114
31500 308.93608148979308226
31600 317.92433068117799166
31700 295.81535030956979426
31800 294.07429001071113817
31900 312.82071431432075315
32000 319.4192471911671305
32100 313.43238286787493507
32200 316.12250683122420014
32300 309.04341076027992585
32400 307.34135381907486817
32500 292.70957097205047148
32600 304.49856205281031407
32700 311.51933771114607907
32800 318.32121661782082356
32900 318.09366848223396573
33000 316.55911649467924462
33100 305.40531492466988084
33200 297.46592551295304929
33300 293.36166071806053424
33400 306.71693839937779558
33500 310.37836953877541646
33600 320.01638511846118718
33700 311.43243769532307397
33800 299.17753415652873628
33900 319.28820479982204006
34000 307.32817644121712419
34100 290.54505514867645388
34200 301.60704419636141438
34300 312.95927374465566118
34400 304.81539058325802216
34500 323.37895818828462779
34600 320.28502315324095662
34700 306.67694275141946036
34800 305.89012482682556993
34900 313.36733811931770788
35000 309.2412454803388755
35100 294.62997272460927434
35200 306.11302101952145449
35300 315.20800727460363078
35400 322.13360526786044602
35500 315.33544840273930276
35600 301.35375354538427928
35700 298.6056921522764469
35800 309.54653094039736061
35900 311.00958329078724773
36000 326.23569705528331042
36100 294.56405776312550415
36200 306.76626522113321016
36300 305.91709541783194481
36400 291.92481256477714169
36500 321.65885177513735016
36600 318.32133404417777456
36700 299.69411858984358332
36800 307.58204295630395109
36900 305.66865547967597649
37000 310.71086525949277757
37100 307.21088885913633248
37200 317.18066010309826197
37300 306.26078011454609396
37400 295.94652823648533513
37500 315.06032097416067472
37600 314.22630820655848538
37700 325.28575912348185284
37800 311.30023632479282014
37900 303.57802722407529927
38000 278.52190799386136177
38100 288.19391061347147343
38200 300.66473949508298347
38300 301.22665677647256643
38400 315.17295359806684019
38500 309.48919840106560741
38600 317.56819429534232313
38700 304.40594869932533584
38800 304.73488473555079281
38900 312.60297472147061626
39000 296.68759123940731115
39100 306.01444957648078571
39200 320.99554248865382533
39300 315.78997927774815935
39400 324.05470917053963831
39500 307.80421016557210123
39600 308.70147750270848519
39700 312.21663912382825856
39800 321.22289426464158169
39900 297.08254243020144258
40000 306.39578688899712233
40100 315.52638373061478205
40200 304.17249117573476269
40300 304.13603607473737611
40400 313.76670367938675099
40500 312.07038168717974713
40600 322.18518013495850028
40700 310.90239688781446148
40800 318.90464265637604058
40900 309.61490493071056562
41000 296.63686374369518717
41100 307.73262008735235895
41200 315.6172852265418669
41300 308.44803874932614463
41400 308.44979049244858516
41500 312.20979052446983815
41600 314.0182823034770081
41700 314.958954225928494
41800 329.28819318481816936
41900 305.89333738301718313
42000 289.13912703478291633
42100 309.43092860787891141
42200 307.69511317282581331
42300 295.83422310703144831
42400 299.92982977395865873
42500 306.29004379580470641
42600 313.93131617672412403
42700 316.89530682027816511
42800 297.17870681998402915
42900 310.79069690504974233
43000 318.99883219539242418
43100 299.10947440267659658
43200 310.24871794275094317
43300 303.96427328868787754
43400 297.36628805482069993
43500 312.3995713474147351
43600 307.43340711186658609
43700 321.63636106615825838
43800 315.9811008856989929
43900 325.97380705923387723
44000 310.35734852541048667
44100 293.27908988637517496
44200 327.24024361956543316
44300 312.31568283270337361
44400 311.35290517332992977
44500 329.16893898176863331
44600 324.29607291517828571
44700 300.08640425163321197
44800 297.98815967733054322
44900 296.78873812471221072
45000 316.37520131332985329
45100 311.64092952195704811
45200 291.44604766666668638
45300 296.20280342267699325
45400 312.61172998346319218
45500 300.59241251621364199
45600 316.39954185034861212
45700 300.94772195772054602
45800 320.75495751697530977
45900 305.92730908422026914
46000 325.22324173766025979
46100 323.26678952065577732
46200 305.73875176160163392
46300 307.03650616381867167
46400 303.64937342795474251
46500 314.61396190401524109
46600 296.41277623612745629
46700 298.03214790181687022
46800 312.41770564808916788
46900 310.89913929093256684
47000 317.51534272118470881
47100 310.29555706810310767
47200 293.7531599160171254
47300 297.7396135944139246
47400 315.26709969665614608
47500 313.68744038605490232
47600 324.55722293802949707
47700 306.6744465360481513
47800 299.53906010160528695
47900 328.38808631566809026
48000 304.45265395354283555
48100 312.78970962266669176
48200 294.12148960508972095
48300 320.27355554038433638
48400 309.21722088458631106
48500 328.5833932587659092
48600 320.11671128837645028
48700 322.10369677729659088
48800 314.61385939150636659
48900 303.84743019492287885
49000 313.13313334252569575
49100 308.19501941209233564
49200 310.71039815821211505
49300 321.82945916431725664
49400 303.05250377113213744
49500 302.25611508943495664
49600 312.58316926647120226
49700 307.74644834986224851
49800 322.1179147136699612
49900 319.49531378562602413
50000 315.66457584254186486
50100 306.35283809729617133
50200 289.22950481075969265
50300 304.60601821820574742
50400 304.91931185250797398
50500 308.00483268994071295
50600 323.42097438382234031
50700 304.95382984955085703
50800 311.18746316191652568
50900 310.64669148535301701
51000 307.50675406824075253
51100 318.30312460004978448
51200 306.39121359925121624
51300 319.4016427974569865
51400 317.94528296736280026
51500 317.14326078347158955
51600 299.70100224910311226
51700 319.9646148699088144
51800 313.53931591141360968
51900 311.13684033636576487
52000 310.48299464275629589
52100 304.34089978993682735
52200 318.87941723412376405
52300 314.20196558482604132
52400 302.07547407618852731
52500 294.53154098970651376
52600 328.06682533547348157
52700 322.60445540029382983
52800 313.09257367390682703
52900 319.23489431821968765
53000 300.71907295455457643
53100 305.79588034470310731
53200 320.09183209799709857
53300 295.3870848078254312
53400 308.47871032481680231
53500 306.44822359423670832
53600 299.10323756188211064
53700 307.17729680459405017
53800 317.38162780566892707
53900 305.85297618350574567
54000 315.21820678831835494
54100 311.32347105620794991
54200 297.78498112762116534
54300 304.41630934464996017
54400 324.58337060817717656
54500 311.12323344169010397
54600 311.3985294976760656
54700 296.98960019862994386
54800 314.65164680521127138
54900 317.90407921220327125
55000 303.91794728217581678
55100 318.54646242233803832
55200 293.17868434752244866
55300 306.0645005971770729
55400 298.29202531193431014
55500 297.30181797306181579
55600 308.19089337707515597
55700 305.40634925879396633
55800 318.12009292745551647
55900 330.56320949306746115
56000 316.45494486724004446
56100 304.82179737428282351
56200 303.11655069658189632
56300 306.27247916905844249
56400 287.18460855224128636
56500 304.74136676078285291
56600 312.88481303207584006
56700 318.3774589692162067
56800 311.87832211606723831
56900 297.63559876362148771
57000 325.11252087743321226
57100 308.7703823618315937
57200 313.30500503242711829
57300 322.73445861309414795
57400 309.91761163109543986
57500 310.02963630502881642
57600 322.12129898481600776
57700 312.0317842651249407
57800 297.55449063852228164
57900 311.75869189292274086
58000 302.66720782434504144
58100 301.5568331719505295
58200 296.45316749740675277
58300 301.5126228047848258
58400 318.20272832840362298
58500 319.24287149676882791
58600 310.07730386563270031
58700 313.44972944151322736
58800 304.76937096171599251
58900 293.16943339147837833
59000 315.9671035487230597
59100 320.89038450284630244
59200 301.18982897235451901
59300 312.19340857798471234
59400 313.89867643611404446
59500 291.23000950697496592
59600 305.66322339695091159
59700 310.77818357553809392
59800 299.32739711556723705
59900 307.70587595820336446
60000 316.19222932894115274
60100 307.52692673973137971
60200 314.74541407789990899
60300 306.8280847265246507
60400 312.7616193160551461
60500 287.08062326035690148
60600 311.17939661643191585
60700 315.44914845591318908
60800 304.7315476937755534
60900 312.28480093780075322
61000 298.80370063412345871
61100 309.55766155530051265
61200 320.67725079387770393
61300 292.12308933243792808
61400 313.09147155622304126
61500 302.96894704529194087
61600 288.59198953993825398
61700 317.25625455337643643
61800 305.80471344928895405
61900 298.78376848590988857
62000 312.1515699076560395
62100 325.61469154760516176
62200 307.53530240035422594
62300 319.00167954456958341
62400 310.6744487755032651
62500 298.77944352774761683
62600 295.90966128329279172
62700 307.30131731653716542
62800 307.82912768690340499
62900 311.20520667887501531
63000 324.00743150703431184
63100 304.11670438719880849
63200 307.25774875515941176
63300 309.70678775437414743
63400 321.72443031921301326
63500 320.23179994059063347
63600 325.94601058357147849
63700 301.76229301703762076
63800 298.0617176611179957
63900 302.62560594064535735
64000 316.71997323331038388
64100 313.61151581482312167
64200 306.77168634692139904
64300 320.11317543594037716
64400 308.95834389360322803
64500 323.46875761364452728
64600 312.44978656346933121
64700 308.23732107773355438
64800 312.38618184354675122
64900 327.67612319973613921
65000 318.69056586242373896
65100 307.77880629182868688
65200 317.88439124522415113
65300 315.65517192370157318
65400 313.80241226266542753
65500 301.58534988373020269
65600 284.98842960729308516
65700 308.73222179810812804
65800 304.28003017769668759
65900 298.67059050817300658
66000 321.23992710384538896
66100 313.79346792492344775
66200 308.79571064365836719
66300 320.89139676468892048
66400 307.11320439765984247
66500 322.36497749841339555
66600 326.91602031024348207
66700 304.73232687179950062
66800 301.76709362350874244
66900 311.32537908571356411
67000 301.51550614635760894
67100 313.29062353810468267
67200 315.2665836670668682
67300 298.50158974869293615
67400 312.19193195886487047
67500 321.8202743194661366
67600 312.17899182166161154
67700 318.51932953505644264
67800 305.64861231752576032
67900 311.0495489724389131
68000 318.25389293522397338
68100 327.51576920472814436
68200 309.97869827115903263
68300 306.65649803035051946
68400 298.74643909295406274
68500 301.06546448773787006
68600 316.28926423499666498
68700 297.46430833998232401
68800 299.0685972860782158
68900 323.19900516813294189
69000 313.33059669997646779
69100 301.7956837995401429
69200 301.34652522833482635
69300 317.68519910733323286
69400 327.07587308074664634
69500 317.73489812135932198
69600 315.0676404632821459
69700 299.09078283120811648
69800 308.34127438322542503
69900 321.42429395318765728
70000 288.45035225909640531
70100 311.33656149424700743
70200 311.12575862273951088
70300 302.81877233360194168
70400 319.31819445370825861
70500 302.88748086661394154
70600 306.73353905473828718
70700 324.54899039288534368
70800 304.40499384311118547
70900 315.97279666978482737
71000 314.49927717600007782
71100 325.11599092624652485
71200 316.31676745870043987
71300 306.36308501631486934
71400 307.1778372766176517
71500 312.68121262112748582
71600 305.63236008784372189
71700 311.64414419627593134
71800 318.46414600903227665
71900 327.78339521080744134
72000 309.43027175262574247
72100 306.18772219114964628
72200 319.19204095110308117
72300 314.651693218809271
72400 312.29770658019219809
72500 303.55176593420299014
72600 308.88762790784306844
72700 301.34739540023070958
72800 322.71365795478516247
72900 317.8652834464464263
73000 321.85986788846611262
73100 313.32787185328891155
73200 315.49552551259353095
73300 300.31192713975724473
73400 311.28797273037935156
73500 305.63578657920498927
73600 305.625317166224022
73700 315.5134881058636438
73800 304.98585380705264924
73900 309.02493647056104464
74000 314.84382614520791321
74100 312.44033405026476657
74200 310.54533890666908746
74300 309.16691362010089961
74400 315.86883267916687146
74500 307.06721701616635301
74600 295.51978458024092333
74700 307.57141961324242629
74800 320.12126987548066381
74900 303.37944044145763201
75000 297.97063803781605884
75100 310.55698721515449279
75200 309.3289522593829588
75300 294.74261858182472906
75400 307.07047662528532328
75500 309.99318153083652305
75600 308.49882417523156164
75700 315.50745294995920176
75800 298.4980759092955509
75900 307.37432563437926092
76000 320.17047118566142672
76100 316.51094603271803862
76200 320.1242417546554293
76300 297.69139739413094503
76400 303.64207875503251444
76500 303.99646091633513834
76600 301.59938313237677221
76700 308.27861123468153437
76800 299.66757238748903092
76900 316.79863936063031815
77000 305.4613131287525789
77100 292.02629531377408512
77200 301.50078316357490849
77300 295.45968696209689597
77400 319.70915482216764758
77500 322.14056244326951628
77600 310.00948055954773963
77700 319.08296101259145416
77800 296.1210679099075378
77900 320.38892047372638672
78000 324.85968708488962875
78100 302.76268744257089338
78200 312.82435399612967331
78300 314.46640480532516904
78400 325.42637955184881093
78500 307.63212766639276197
78600 292.86637894886945332
78700 312.87590828056204373
78800 303.24657058688882216
78900 313.41705233243129669
79000 303.13069064325759427
79100 300.45726584020559358
79200 302.46559303902790816
79300 298.47567090951531554
79400 302.82316338084359586
79500 300.05274904678583425
79600 301.55359971113256279
79700 322.71126013788529008
79800 308.70415324481069774
79900 306.74160924732160538
80000 313.9574038180319917
80100 299.29310331673559631
80200 305.14901539349909854
80300 307.91761257353766723
80400 316.78709465731839146
80500 312.77700417026699142
80600 321.70062528401712143
80700 320.36432226046883898
80800 324.14936510494760569
80900 310.88425646725056595
81000 318.21711591221617255
81100 316.23708471582267521
81200 312.73463819082417103
81300 328.7974228673741095
81400 299.58186500004643449
81500 326.07505423787227983
81600 313.29579016303438266
81700 296.05123320585443025
81800 299.32888390311563853
81900 318.14105965356128536
82000 319.07168531521790555
82100 305.50170102291110652
82200 319.5081496737795419
82300 305.94483037418962112
82400 289.70430575422324182
82500 304.19205923397657898
82600 314.77842614230962681
82700 303.15022489002166139
82800 302.22104692587498675
82900 305.21763938418592943
83000 311.28709563321655196
83100 318.42396445248459713
83200 318.37136274359698973
83300 305.98870580907993144
83400 312.67035447061056175
83500 312.06335588377783097
83600 307.82817771668300111
83700 312.05714111994058158
83800 323.19633514215513515
83900 301.03040277418415371
84000 311.9219757852871453
84100 316.99151966948426207
84200 302.00114792225974725
84300 317.021350420689771
84400 314.33375100136009905
84500 318.09372493192108777
84600 311.31326212630830241
84700 318.07500581108911319
84800 312.86677793338049014
84900 319.47198034030844838
85000 321.70973532662389971
85100 306.62156668410790417
85200 314.1599979338913613
85300 310.85108772919210196
85400 306.94057874899834815
85500 300.51114689801875102
85600 298.35412199978009085
85700 308.32525404869710428
85800 314.00448510219507625
85900 300.34778829580295678
86000 311.92385659284019539
86100 307.65442250095014742
86200 320.38163722233576891
86300 313.05033672568595193
86400 302.4667950692007139
86500 301.6195273453213872
86600 295.91833182399108182
86700 315.09195404256189477
86800 323.15530034511078838
86900 325.60122735951591721
87000 302.55654398927390503
87100 309.13283719704736541
87200 302.06448057049004774
87300 310.42957801765794557
87400 316.09139714895201223
87500 308.23470067665715533
87600 310.42305500760090808
87700 302.89596530198377877
87800 310.66451189561769297
87900 315.47378296646485296
88000 320.52529178222425799
88100 325.86081239105141094
88200 291.15067770776909128
88300 327.43081417447672266
88400 326.42559623101442412
88500 312.91594434379680933
88600 293.07040409711777329
88700 307.61291397191797614
88800 315.84882136334272218
88900 308.4173499918122161
89000 310.37275378644716284
89100 295.82294932804671816
89200 315.85955127990376923
89300 325.25591537435798273
89400 308.24772691845305417
89500 307.11425711113770376
89600 318.31881902499469561
89700 309.01929366490963957
89800 308.74494625807204784
89900 305.59419021746685985
90000 316.09167674866347397
90100 289.7688272822045974
90200 310.68085800512358219
90300 306.83518824948288284
90400 308.19292062922767172
90500 302.50024638911725106
90600 303.93746560987978
90700 327.67366184570852283
90800 318.09740723384618377
90900 303.41812976274422908
91000 314.97587579964402948
91100 299.10420829613974547
91200 302.48043996854937632
91300 310.4473360136635165
91400 318.59437374324733128
91500 316.8983572955835939
91600 332.81796964290543883
91700 294.51885326740324444
91800 296.27672250927321329
91900 304.72767971212346083
92000 305.3424575691238374
92100 289.30343039107032155
92200 296.52285615272552377
92300 311.12973212145550406
92400 324.30590295185737659
92500 301.46631561047621517
92600 302.49746202404759288
92700 304.16976660262901078
92800 332.03164055496472429
92900 305.92752609222014826
93000 297.61356680258455754
93100 305.44017170962911223
93200 299.32722480982607749
93300 324.7131683220410423
93400 318.24487355848839343
93500 307.81758020396159736
93600 319.86709611028976497
93700 311.14529255995353196
93800 312.37101051087051928
93900 302.04922399545790768
94000 324.87724719514505978
94100 314.13153957507546465
94200 317.22105143950130923
94300 318.5146957147366038
94400 303.1403208796515969
94500 302.43458754621781281
94600 313.11225888465270373
94700 318.69343985078091919
94800 311.65612728363072392
94900 302.66915098637406345
95000 312.92321135077713734
95100 305.95963700335431668
95200 306.78497395072753307
95300 306.3815982509908622
95400 306.13707671780895225
95500 327.87670141645696731
95600 307.29285435651428315
95700 318.74370350799443941
95800 315.61812523187359147
95900 305.43082435346661896
96000 296.5026990574255592
96100 320.46610061997182584
96200 303.20392422608983907
96300 310.95307318281822972
96400 294.4513435937074064
96500 312.60882843881813642
96600 312.28720601928557699
96700 301.78883277051647838
96800 318.47192719217713375
96900 307.76518666572263783
97000 314.63067402237965098
97100 309.89299553750743144
97200 297.07538368662312678
97300 312.65787318975299058
97400 323.12396039377051693
97500 315.13169512545158568
97600 306.96062148652833912
97700 325.7619234389364351
97800 309.9443594140299183
97900 303.17300572580165863
98000 303.86333078477980507
98100 294.95654928873778999
98200 311.31752960995862622
98300 322.79052447760869882
98400 320.55063132712240304
98500 298.78386189896860969
98600 301.91149346122875841
98700 317.65082490263733916
98800 306.98428990757781776
98900 298.34751488146508791
99000 302.69230067898774905
99100 306.36452951501883035
99200 313.84225274721808319
99300 313.05895661587601353
99400 307.34271935397890729
99500 300.22582447437292785
99600 330.78636070031649297
99700 322.14042544590034822
99800 304.37907958486744064
99900 300.79192618467288867
100000 305.86312632499368647
