# Fix print output for fix printTemp
0 309.99999999999994316
100 292.79157951578463326
200 305.2703831017119569
300 303.92305887479875537
400 288.75059389204579929
500 310.85557957098097859
600 322.52904949638644894
700 306.94713742103044751
800 312.57239009044474187
900 313.33030612028068163
1000 324.51581939106188202
1100 329.74034636705033563
1200 318.52921648919107156
1300 308.69481461060115635
1400 301.32042305926711379
1500 310.86099589695299983
1600 309.42252179187266847
1700 314.42997294922855644
1800 314.17678087991441771
1900 295.08476285748901091
2000 304.93707518650415977
2100 294.5816836902038176
2200 295.13614762678105308
2300 310.82833504313282447
2400 296.99612928862001127
2500 287.18187946255778797
2600 315.65436454962997459
2700 306.10833799439325276
2800 317.48927770958562178
2900 319.54118358588937099
3000 309.34806956442457704
3100 299.83003844680143857
3200 303.97402992665132615
3300 324.38039153761656053
3400 322.39008060411856604
3500 322.69110879887387
3600 322.62842531247565603
3700 311.70183277163596358
3800 326.50583924991366302
3900 311.87265237002975482
4000 317.23276032334393904
4100 312.89333777529793679
4200 308.989135058030854
4300 311.9809534246739986
4400 318.51812921455035621
4500 302.8057647657839766
4600 318.44601621769123767
4700 320.7280482204930081
4800 295.03400050665658227
4900 308.35854366673368077
5000 306.39413436879027586
5100 303.24578748116158522
5200 316.95309411855373583
5300 323.30475859569673958
5400 304.69526195198807272
5500 301.85074726528318934
5600 300.20066257931011933
5700 292.01768485164535605
5800 295.31763832697777161
5900 318.06254023596761726
6000 290.92319122420991562
6100 298.47915960614756159
6200 315.12274167944684677
6300 301.88808443029483897
6400 309.27705619569536566
6500 316.40308097663074705
6600 306.27157868516167127
6700 307.44740857952984925
6800 306.8806884615125341
6900 311.91260587438540597
7000 300.24732332950929958
7100 310.37225723408010936
7200 317.46436291851972555
7300 293.86526057120727273
7400 306.54522515704610441
7500 320.67941597400675846
7600 306.29925731307304204
7700 318.10798737693329485
7800 327.55152213758032076
7900 316.24507352941748195
8000 300.2907383627479021
8100 309.64837796701505113
8200 326.16013570033317137
8300 294.62469965113865555
8400 309.01538042539675644
8500 326.89570025422108301
8600 323.25158855840413707
8700 306.39219684712452363
8800 307.73458138008788865
8900 320.56287600285526196
9000 294.77800300852646842
9100 312.5721055588710442
9200 308.62879004590678278
9300 305.98038878979002675
9400 300.45230423482843207
9500 316.37100604841032236
9600 298.08360673625475101
9700 315.67867228389241063
9800 304.37252281513718799
9900 289.92418908426810731
10000 307.02449691103299756
10100 314.8273541392315451
10200 304.25587773280943793
10300 341.85811179885473621
10400 302.06232767954452356
10500 321.58981927302249915
10600 316.50654958222980895
10700 335.04836153039912006
10800 299.66080785186608182
10900 290.01314811677781336
11000 311.98872561524075309
11100 316.8563685159316492
11200 322.48806739142861488
11300 324.5083118620432856
11400 304.04958823633677412
11500 311.73185767231723275
11600 298.93331286752095366
11700 314.35079407478662006
11800 331.35267587901461184
11900 305.36678957483150043
12000 302.79855482637844943
12100 307.43375311574305897
12200 307.72235339058096315
12300 314.85852826713977493
12400 322.484594101061532
12500 308.50028376005928976
12600 317.67706333741733715
12700 317.91728703619224916
12800 293.05669511798959093
12900 304.33465594920761532
13000 317.74971708229668366
13100 296.85042087738423788
13200 293.03362478290807758
13300 323.88999981993208621
13400 313.51941213481893556
13500 312.28293724855763003
13600 311.78009504876638402
13700 297.6687744829837925
13800 309.6716661805423314
13900 293.47120296827034736
14000 310.35173528464520132
14100 321.31590489706775315
14200 309.58122696694283604
14300 305.04050997755513208
14400 318.13656244801160256
14500 294.03815648866850552
14600 317.19461280264022207
14700 320.59171889927773691
14800 310.27561141827089841
14900 317.79373910586315333
15000 309.25202047813621675
15100 321.05975021232671907
15200 307.85055301852236198
15300 305.56472655314195208
15400 293.92013151158630535
15500 307.06840720728234828
15600 317.87411353074656972
15700 307.32458025727527229
15800 300.51739605347700035
15900 320.68339830855944683
16000 317.59553754749708787
16100 314.66728612737239246
16200 314.82124890430264941
16300 314.14804012849992887
16400 283.15078553909080483
16500 311.82236242940564352
16600 293.92716061652674853
16700 289.87779761949303747
16800 308.35835687508534875
16900 322.48903623951326836
17000 317.25563902523407478
17100 311.89189420919308304
17200 310.23087658858048599
17300 300.10540809281218344
17400 317.93700222324309834
17500 323.51427621631432885
17600 307.64794353635727475
17700 317.81211613536959248
17800 309.66600216585084127
17900 295.59429058786776068
18000 325.31810103117356903
18100 309.39451979555599337
18200 308.58228121778984132
18300 318.58118436377725402
18400 312.29162368247114046
18500 307.57160354419011128
18600 306.22381565858233898
18700 313.75548618831368231
18800 305.21871324954946658
18900 298.96245866501806177
19000 311.26290553097737757
19100 322.58689857048267413
19200 320.98345551181307655
19300 316.31551156549420512
19400 313.83032763848297009
19500 304.88855782932688498
19600 295.68569501803455069
19700 324.18242416830582897
19800 296.28171508426015635
19900 301.41968115726564292
20000 315.55783660063030993
20100 304.27218134821521289
20200 319.61102075619760399
20300 317.40654608163828243
20400 321.08424000329284809
20500 296.50344918492527313
20600 295.64519904742360268
20700 316.29614042445439281
20800 326.41156333590737404
20900 319.71652075870002818
21000 314.71749194931874172
21100 289.61565556648434949
21200 311.82329634591320655
21300 309.67207599162702536
21400 312.18003552316849891
21500 308.18466893310937849
21600 312.31198499147404846
21700 309.01823354633012286
21800 307.23410838691557956
21900 315.01170517803188886
22000 330.49788358274867051
22100 317.68108765909744307
22200 320.4804876324117231
22300 315.29885975400918596
22400 302.80372458267521552
22500 307.92927022291775074
22600 302.47501272379645343
22700 314.11247489943053779
22800 309.8405699507267741
22900 295.00175861563707258
23000 313.44859595535285735
23100 315.70288060000268615
23200 316.26696857426770748
23300 319.23946578280975928
23400 307.00993318830717271
23500 311.03098004611939587
23600 301.86095538426968687
23700 304.63889948800778029
23800 320.55325615361613245
23900 318.45644402857016075
24000 317.63092102121993321
24100 315.39949494896029591
24200 298.98469710460261695
24300 313.28567546442127423
24400 323.05147568177829953
24500 303.41796145568417842
24600 311.54846770543753109
24700 327.11566689588306645
24800 304.04245180486162781
24900 296.7549593540354067
25000 321.16641139597453503
25100 317.35513679251346275
25200 304.85999507803637698
25300 309.05270595493686869
25400 309.34446923762743609
25500 284.63375331433070414
25600 304.72003146034887777
25700 316.99190576891555793
25800 314.84743791033935167
25900 311.04913227856093272
26000 304.28374063544879391
26100 310.29688664976521295
26200 318.6318546312980402
26300 302.90157570711875223
26400 300.08943530934305954
26500 301.16409338506451832
26600 321.76099232136067485
26700 304.36363995230408364
26800 306.64206979743477177
26900 286.72689705289349149
27000 308.74041085382799565
27100 312.60761972400933928
27200 305.90617783774905547
27300 323.43846977127441278
27400 321.1376308081961497
27500 299.75470171927048568
27600 301.21999470380632147
27700 316.00336954107041265
27800 305.04963782731783795
27900 311.41340451526843935
28000 319.81517115513571525
28100 315.92337328729024648
28200 307.8462528455007714
28300 323.16546240603776141
28400 316.18378538008522582
28500 300.77932080604114162
28600 315.11597675705223764
28700 323.20269921004461366
28800 311.45707618678954987
28900 305.16110974952044899
29000 303.30866523422503178
29100 311.05536734035183599
29200 315.34174275886618943
29300 330.13765611056840044
29400 305.10416760542125303
29500 298.45577769159694981
29600 296.44128240207754743
29700 306.97929906740409933
29800 310.07746590047514701
29900 315.87967942242318031
30000 315.65619416216725313
30100 300.37544074187053411
30200 309.36484353575531259
30300 308.48657010701322179
30400 313.94911609233309946
30500 311.69875011536566944
30600 297.01535632135022524
30700 305.40650541058283807
30800 319.00488707506752917
30900 325.34795363136544211
31000 322.53581516176859623
31100 309.69432921313023144
31200 314.9049816167357676
31300 325.21561511158171243
31400 301.59678827046860761
31500 308.8875660693842633
31600 308.79923902603053421
31700 287.84929810894396951
31800 308.9598866180516552
31900 317.85301716041772124
32000 293.84572292634931046
32100 310.98584129131307918
32200 323.97919759647487581
32300 307.9683328681447847
32400 303.40825980542467732
32500 330.99074479076273292
32600 304.95364659967555099
32700 318.91119774546621102
32800 329.42174892618703552
32900 316.06939930127083471
33000 290.24786164522521403
33100 297.97065934087731875
33200 288.70438923492821459
33300 309.15737019707933086
33400 308.43699817869782009
33500 300.66649218412180744
33600 303.67444567080622164
33700 319.42942020462646724
33800 312.54748941355569514
33900 304.58659130334393694
34000 311.73404848469164108
34100 297.90783662280671251
34200 300.75503724712592657
34300 318.37067941711717367
34400 306.23018534822824677
34500 314.44106519200306593
34600 309.21871937555766863
34700 296.03171527322786005
34800 318.95094592724660743
34900 304.47780495815300128
35000 296.52906973937706425
35100 320.72830493236051552
35200 300.28223738530840592
35300 296.26917619435823781
35400 320.61491183779111225
35500 318.22354994590875776
35600 309.12855176535538249
35700 308.66037641220708565
35800 300.12699263073682232
35900 307.13648775198265639
36000 330.16303723709944506
36100 313.04611237163828719
36200 308.23915699534182977
36300 302.24831040841274898
36400 307.85830180299211634
36500 313.41940240080185731
36600 317.87061117388816456
36700 313.72039248432480463
36800 321.46611744729358406
36900 304.36202736766477983
37000 304.12300791026501656
37100 301.52942851296904792
37200 295.86451312907962574
37300 300.5620486331763459
37400 324.39761672288784666
37500 318.08431598141140739
37600 312.77402326107903718
37700 318.32731514487556979
37800 311.09930899461994613
37900 321.17934728912115361
38000 298.90592006710460282
38100 304.75846625008972524
38200 316.03406423871888364
38300 316.25291310719399007
38400 308.46434408765026092
38500 304.48534720832753919
38600 315.23863254592953353
38700 321.32426181838070534
38800 287.78413293323632161
38900 321.27065310769114603
39000 318.11360402773402711
39100 296.58338439266771047
39200 301.27737938730007272
39300 318.82819451906453878
39400 306.77640877083166515
39500 306.27811918211790498
39600 309.10521526489219468
39700 306.85329093196497752
39800 308.72031982240156367
39900 310.04468629865692719
40000 294.43929367818373066
40100 302.3721389147830223
40200 316.0338241757558535
40300 315.48141435450850167
40400 305.18838107541489535
40500 304.52116178439626992
40600 318.86552529494622377
40700 306.63449580573444564
40800 295.69081346336940896
40900 314.21661012237814248
41000 323.96932873447923384
41100 322.74804225889130294
41200 303.99996923552782846
41300 319.39256396776079328
41400 313.44605777064407448
41500 314.36519002230880915
41600 314.7899470635387047
41700 313.43096740692982394
41800 298.26732043488408408
41900 304.82319520579659411
42000 307.8938763449976932
42100 298.99551787757940247
42200 314.26229582904403514
42300 315.24733501505488675
42400 294.04022835163505079
42500 286.94515721569115385
42600 301.33242207488581244
42700 301.56584518533691153
42800 318.28970757488406207
42900 310.09577091334273291
43000 312.75282328633448969
43100 310.4227784710564606
43200 305.09508545559106096
43300 328.35187518146329921
43400 315.02554166138071423
43500 304.06601974182149206
43600 320.9484933444311423
43700 309.77001351896916503
43800 309.03220801513106153
43900 301.79116253172196593
44000 310.43351598142629655
44100 300.9448092345841701
44200 295.57163290964837188
44300 314.37304100508805504
44400 306.24139509828802375
44500 326.37802196048244241
44600 301.37314376439945818
44700 308.99008398500001249
44800 326.73710636737860113
44900 303.38622705490922726
45000 315.67164541878941009
45100 334.29491422263413369
45200 307.29175241500161064
45300 316.5200694761162481
45400 314.43275502291959356
45500 321.0350715839800273
45600 322.02107386150009916
45700 307.97747867169124447
45800 302.52590809586121168
45900 300.53792228795958863
46000 300.7402016135483791
46100 305.27072276228955161
46200 309.67787878003167634
46300 307.94690708687289771
46400 298.93693300557163184
46500 316.49204446706886529
46600 310.00156354963525018
46700 309.32648910739999337
46800 304.52960571301957771
46900 301.98491034573839897
47000 296.61922485652002024
47100 325.18025887915291605
47200 299.94839763699656032
47300 311.43582409259738597
47400 310.82265802264817012
47500 320.08314855010473821
47600 303.1658115054846121
47700 307.9290010977986185
47800 305.86863595450705589
47900 302.55650015905325745
48000 305.08172314427787342
48100 314.4518866870120064
48200 311.20800260592039876
48300 306.81898522463018253
48400 326.29670643474986491
48500 313.64961399988771973
48600 314.1767276039354897
48700 338.51392994125444602
48800 317.65062188872161641
48900 314.17753423051675554
49000 313.95244444879097045
49100 314.56922057303796691
49200 328.62208236230844705
49300 299.88291838263813816
49400 322.1840029541642707
49500 308.99969778879824389
49600 290.35680329323122351
49700 334.40695177393143922
49800 302.16638578978830765
49900 319.81381545021372403
50000 308.50573317225769188
50100 317.22127858163366909
50200 305.28533646788440592
50300 316.18120146169184181
50400 309.45400910459636634
50500 304.79738822097471029
50600 308.90802396251621076
50700 321.54131362233692926
50800 311.69333422367651565
50900 309.98674529165936065
51000 308.34670552284376299
51100 290.24366706136112271
51200 326.63411995722719894
51300 304.99535413427298636
51400 324.22546448499025473
51500 335.43888560559747702
51600 310.44287457510540662
51700 310.85022344947708461
51800 303.46470727443818305
51900 297.88644929531278649
52000 317.45723554501608987
52100 311.04351921034992756
52200 300.81410348647665387
52300 319.28955190838496492
52400 311.75279692608773985
52500 326.1965235163916077
52600 300.13404635946602639
52700 313.63000118731957855
52800 324.95766253390144129
52900 306.98060677093172899
53000 298.15162560377672207
53100 311.31407952920659454
53200 312.84273685690305911
53300 313.69402569353974286
53400 311.41567149053327057
53500 298.79608191749218804
53600 328.72866840178920711
53700 328.01416616581337848
53800 305.64366192404207823
53900 311.57694598477030468
54000 325.92739185132325019
54100 303.25005787748375496
54200 314.77476972914070075
54300 322.87748364081051022
54400 311.96920746822286219
54500 291.67996207184597779
54600 307.59373197424611135
54700 313.28463018709294374
54800 298.49943317932871878
54900 303.61098283170127843
55000 311.60916744361156816
55100 305.72232421542406655
55200 297.4502256398808413
55300 298.20361631306616346
55400 299.18677457446068502
55500 299.63771533449659046
55600 325.24727627143175823
55700 307.56981930658776037
55800 299.22509760370263621
55900 312.9806258770162799
56000 307.2886255276924885
56100 281.67413415164060098
56200 299.31737362851981743
56300 291.39379780379499607
56400 299.80439528653215575
56500 304.90925237859687513
56600 328.39216051471942137
56700 319.36050486678146854
56800 310.84869881435258776
56900 311.70844431818051135
57000 320.34184274016143945
57100 318.77939327115086598
57200 307.04805428301676784
57300 318.28372136440270879
57400 301.33675519110789764
57500 308.83055879039528691
57600 318.46800528579450429
57700 314.75754903152756015
57800 296.91592370049784222
57900 307.40147238719833922
58000 307.06248007155267032
58100 294.58223809919365976
58200 314.9269806388601296
58300 319.44961611044664096
58400 310.83787848575764201
58500 296.55871176785313992
58600 303.17513983843190317
58700 310.63132714939354173
58800 333.0931048634431022
58900 315.47891783600158533
59000 302.4835817786928942
59100 315.55666587147555902
59200 312.51165098610943005
59300 312.19277250618830521
59400 292.57705329663383509
59500 304.97369465279314227
59600 314.49585175954479155
59700 303.37183668727669783
59800 293.83689235648216709
59900 324.83419187468729206
60000 314.23488293291558193
60100 302.39356354707683749
60200 306.87056560369251201
60300 308.75626252549574247
60400 291.33290750446519723
60500 306.46353915575951987
60600 315.06374538705199484
60700 316.2417970980386599
60800 324.42100190619521527
60900 312.01747784644226158
61000 319.66808723081101107
61100 329.52067239130224152
61200 308.65572067866145289
61300 292.05875833096411043
61400 301.4132673915115106
61500 327.10439229234145841
61600 311.21148890483249261
61700 314.36332589996965226
61800 306.86086054613690521
61900 295.27421145562550464
62000 317.36064808488305289
62100 310.71752007721312339
62200 316.95609003439562912
62300 316.37550004638080736
62400 303.25405414878082411
62500 309.14822136344440651
62600 307.76769129182474671
62700 301.19719985584072219
62800 318.09462288821310949
62900 310.45319139976498946
63000 322.06857651895819572
63100 318.08455244246221127
63200 320.19800412253698596
63300 318.40520415611018734
63400 312.54855105800606907
63500 304.49665258018859504
63600 311.38657254085779869
63700 314.31209162337938778
63800 302.18537045299353849
63900 307.19622115231749149
64000 308.15865487136579759
64100 302.11501765771686223
64200 303.42902496858482664
64300 321.88726318446055075
64400 316.27655784254204718
64500 293.86514038367903368
64600 298.40103286493922496
64700 300.38551854605213975
64800 318.93627306351243078
64900 316.17799208684999712
65000 319.17120194933954735
65100 312.9024461630250471
65200 303.40515509831016061
65300 311.15234658782623001
65400 313.44579930176632843
65500 301.66982957260762532
65600 308.36917532162090083
65700 315.75145249946007198
65800 309.83685038639123377
65900 321.49424220849306266
66000 304.12219821988048807
66100 318.90512823752703753
66200 318.94785153983292503
66300 303.45538700208032878
66400 321.71393384724512998
66500 317.84328060764136126
66600 311.42266200912143859
66700 304.35295254275411025
66800 317.55258684781273359
66900 312.13250781469997719
67000 301.10542201924232586
67100 328.40695227308447102
67200 315.00128507786405407
67300 313.24131931348000535
67400 314.07193338188767484
67500 294.16245062627501738
67600 308.49235169609647755
67700 314.20975727216756468
67800 295.56731450331682254
67900 324.99657759205450702
68000 332.47771010411588577
68100 300.98036149691864694
68200 294.98034963264990438
68300 307.82964423631233331
68400 326.83737040325655698
68500 325.71108239101704385
68600 320.01209424137596216
68700 318.46707527091592738
68800 318.44064056639552973
68900 320.28254935617957244
69000 316.19714143255356475
69100 306.21642559203729661
69200 314.90428982664229807
69300 311.01799557121154294
69400 312.87699055645697399
69500 310.98204191442471256
69600 304.98823725132456275
69700 311.82345949986290634
69800 318.16342061041876832
69900 312.55549883636717823
70000 303.5588191491212342
70100 322.08611434243391614
70200 299.78227278722664551
70300 304.25381888937761232
70400 314.06797398024218637
70500 306.52451276386926793
70600 293.95537529146275801
70700 323.24815223094924477
70800 308.44958797468262901
70900 299.16127644597162316
71000 314.8688262024576261
71100 297.80676496091217587
71200 312.88402028758241613
71300 313.67904168908552265
71400 315.37974204747047224
71500 311.87403623636868133
71600 309.56675095247453555
71700 327.0546297534393716
71800 313.00139042490104657
71900 305.68061125736176109
72000 324.46998748683176927
72100 298.01709518770451268
72200 312.20197902439332438
72300 319.07384586982965402
72400 303.76824000569405371
72500 330.01702832079172367
72600 294.99644955544141567
72700 310.00050008124094347
72800 312.7845590921037342
72900 300.17127349621426902
73000 304.40385689814621628
73100 306.14735537938184962
73200 285.96811071909775137
73300 303.66337943811589639
73400 303.56897347070065507
73500 316.63971236502266038
73600 307.58749577928136887
73700 309.1997132172296574
73800 308.22294040636438694
73900 300.99047536663380242
74000 303.14158665789938141
74100 309.58126635520034142
74200 318.51996099413690899
74300 298.6803073201046459
74400 297.11292480743554734
74500 315.61676930702242316
74600 332.15511605541706786
74700 313.2161950906720449
74800 308.69031606256100986
74900 320.92074592871767891
75000 323.22494204885452973
75100 302.52563995525360951
75200 292.96358196563227239
75300 292.22698062459795665
75400 305.29518920325449471
75500 301.26249770087179058
75600 310.19536989971243202
75700 309.07467458095192114
75800 304.91401882244991839
75900 319.76161228098555966
76000 317.62584221653099803
76100 308.6088367952296494
76200 308.56735359803946039
76300 316.02402093656365878
76400 304.5744817827571751
76500 319.83899024068159633
76600 323.06686121907961251
76700 315.33977476087227387
76800 305.60433974081854558
76900 312.15641612399872429
77000 318.91780252091177772
77100 294.00320329961073185
77200 303.86681147526365976
77300 309.15960030924708235
77400 309.56154066679738435
77500 307.48272962224791627
77600 290.8802591254732306
77700 315.33445814262159956
77800 314.21700805292238101
77900 292.65625515885636787
78000 307.1972741698440359
78100 316.78588478390275895
78200 305.35339919334512615
78300 297.93325613391812112
78400 314.93491841052605196
78500 298.85663459748883497
78600 318.78314316485420932
78700 329.4543343582226953
78800 304.2328800130147215
78900 304.37796024533901118
79000 307.40831732272101817
79100 307.35635611955137847
79200 306.16467741525201518
79300 293.88600224882497969
79400 316.9096374815838999
79500 315.21076348269184564
79600 317.06785619431798295
79700 299.41710082918143598
79800 308.56217470244416745
79900 308.86874902170410451
80000 298.02000804523169109
80100 316.15151866296719163
80200 311.90576473151219261
80300 312.2874730602372324
80400 310.47548158253607653
80500 306.77615425774962432
80600 307.30554804013479497
80700 313.16561678317060569
80800 294.82637632441537789
80900 302.50612983240273479
81000 310.46280424914795049
81100 298.41926913953426492
81200 314.20604472071158852
81300 328.51101542073683959
81400 307.01975536730208205
81500 311.89337322599675417
81600 309.55617167485098662
81700 313.63352726741476317
81800 321.5447614381039898
81900 317.33065602682728468
82000 318.79215246301242814
82100 305.39953152774205591
82200 290.13753487059369718
82300 307.16355737610689403
82400 300.68691126033280625
82500 300.10329356567052628
82600 312.99949259952489911
82700 309.4374221981333335
82800 317.03582607531336635
82900 307.26218319933241219
83000 316.51557065275420655
83100 309.96426921082343142
83200 300.33163789998985749
83300 315.93096901344722482
83400 318.67339263822503881
83500 301.61516872040488124
83600 305.35891920013420986
83700 307.28067397488104007
83800 298.87894145274788116
83900 322.66300375494517994
84000 312.52570200257235911
84100 311.99203185281800188
84200 316.20265241956559521
84300 307.77327783856992482
84400 315.26354627838878741
84500 294.59824761310710528
84600 317.60661801982047336
84700 321.45096687340031849
84800 301.17073888629920475
84900 297.42861103043475168
85000 322.56403988691045015
85100 313.1818808985429996
85200 325.04601524580175465
85300 311.19359102103180703
85400 318.45245293115766572
85500 312.31108491156157925
85600 313.9024428357730585
85700 299.6144251311927178
85800 311.73902784833666146
85900 298.62779681709315582
86000 311.54411935297525815
86100 321.7085672836265644
86200 322.07596765097122216
86300 324.71462208088837542
86400 306.66174210893188956
86500 300.86296076468141791
86600 307.01933053405110741
86700 313.36226306376443063
86800 298.32032963696940442
86900 295.94252023838095056
87000 315.43856164065209668
87100 305.19032453157063856
87200 290.65217624313083888
87300 303.49634285832013347
87400 301.21597054360717038
87500 311.20502676633856254
87600 316.57767911945501282
87700 309.60917726381291004
87800 300.92890958228781528
87900 302.94099206203236463
88000 325.3855868621073455
88100 318.39875426176769224
88200 323.49217807925566603
88300 318.39412081886962369
88400 309.65274474978951957
88500 312.3751518436354786
88600 298.90367273839706286
88700 318.41665843319242413
88800 323.34954176977333873
88900 308.44780545111888159
89000 301.23169352932421816
89100 309.27170652804738893
89200 314.71603951509786157
89300 316.62747870738155598
89400 305.47447825940122357
89500 332.34578081240397296
89600 307.86276134887708622
89700 304.8002792766619109
89800 304.56945778945868142
89900 307.07955555614336163
90000 332.90092080475176317
90100 306.13722424911952658
90200 309.36901927088177899
90300 320.03354294138978275
90400 309.65701062481770123
90500 304.05331991448639428
90600 315.80822650536435958
90700 312.76969449956186509
90800 300.61890518953953233
90900 298.7061910737195376
91000 309.85459657099482911
91100 314.75611571851868575
91200 298.16424705120311955
91300 294.95208703475606171
91400 299.60776304410899229
91500 300.73326738814068904
91600 299.80750568429829173
91700 309.50732609723070254
91800 315.91830407463100983
91900 313.683908563218381
92000 308.96801020169635876
92100 300.15529450245662701
92200 301.76027858216946242
92300 292.68417654618525603
92400 315.72886303220587934
92500 342.92724353729562381
92600 316.49467187521861433
92700 331.16924946503968386
92800 313.24717539962625779
92900 328.97867552499673138
93000 315.30529927751854302
93100 323.80163000375546289
93200 297.32158254004957598
93300 306.41316635626913012
93400 299.41368843362863572
93500 309.47858125924182104
93600 304.90811470471953726
93700 317.20291496721938529
93800 327.90999225612125656
93900 311.47563731526594211
94000 294.62519203850155236
94100 289.03833443406819015
94200 293.42576802286725979
94300 296.32236509511113809
94400 313.95850956118852082
94500 308.73486695431847693
94600 301.08794493366485767
94700 330.2549269519810764
94800 309.89974514901371094
94900 293.56282864752836304
95000 316.01834699608770052
95100 316.2599720145711899
95200 303.55621699143745218
95300 294.62494981717389919
95400 302.02436626787323348
95500 294.44667602666743278
95600 309.11208005707226221
95700 319.95397595841262728
95800 311.98943298909125588
95900 306.16615829049391095
96000 316.00088445313576813
96100 307.23072748141498778
96200 311.59001135326536769
96300 290.34911758290684247
96400 299.54925285058635609
96500 318.5398350828055527
96600 317.54366004358530517
96700 309.0157375934198285
96800 311.04586661271571302
96900 298.21627091555336619
97000 326.24628279270154962
97100 299.37446010872838542
97200 313.20230451231839197
97300 299.61969316543513742
97400 311.76898084525731747
97500 306.36429878060573628
97600 325.53827075118846324
97700 318.80820138627029792
97800 311.11325293980303286
97900 312.85669264344011253
98000 315.8202725800451276
98100 315.07714396239310872
98200 307.43628901067057768
98300 308.36527128355436389
98400 305.41484295598490917
98500 307.57937108346993682
98600 309.65369116351979528
98700 300.770760773884831
98800 302.9810343636683001
98900 302.29408469245311153
99000 306.79257101707514721
99100 298.1666022346292948
99200 310.00895280954330246
99300 323.77782593610771755
99400 313.22132749170782517
99500 305.70485162090545828
99600 301.37599671491437903
99700 297.55851566944897968
99800 316.14929513280429774
99900 304.78407935530589157
100000 296.47649459659447757
