# Fix print output for fix printTemp
0 309.99999999999994316
100 313.68584194595842973
200 301.22571286173683802
300 322.70415339621996509
400 309.04452173614720323
500 317.30108308466395783
600 320.32687293814984741
700 309.90579484202100957
800 306.83898714212085679
900 313.29830221881167063
1000 315.76650252024973042
1100 319.23174225870826604
1200 313.20756864520984664
1300 303.14789152045415221
1400 311.1830913554365452
1500 325.67757393837160862
1600 314.84104552132595245
1700 310.08776260878482844
1800 316.25181090989394761
1900 317.78632503619292038
2000 310.58185273885095512
2100 319.34265802385613142
2200 328.48086039490169696
2300 305.24087124229805568
2400 315.67960000658496256
2500 320.5433696282457845
2600 321.63406571587472627
2700 310.26708777397857375
2800 291.60254217944606125
2900 294.52158772700829559
3000 303.84026354166314832
3100 307.64094132113456226
3200 318.79740730100809287
3300 316.29544765223766944
3400 308.72895047646539979
3500 293.72723611050815862
3600 307.35722261831875812
3700 312.09086080699216836
3800 310.70995632055928581
3900 311.54128084297889245
4000 320.1163978308810556
4100 331.54722219506720648
4200 318.22281189925905664
4300 306.88736742512884348
4400 305.78304986119542264
4500 310.28338181952568675
4600 322.28600880437670639
4700 316.85415198322499464
4800 303.46892462458038153
4900 323.43781659988280808
5000 318.87247268839274739
5100 299.04866527505964768
5200 309.44327386872606667
5300 309.64799303260247143
5400 309.14635372408514513
5500 320.65672257365940823
5600 312.13013378432964373
5700 306.13347469127381828
5800 296.20810223992407373
5900 318.54881702904680196
6000 312.33188289280542449
6100 284.87125471442874414
6200 322.41268735560248615
6300 322.71358376453861183
6400 309.51747743281481462
6500 306.27241097944528292
6600 317.7896013367697492
6700 305.14854540892321211
6800 316.35797964142369665
6900 302.16286829821603988
7000 302.91664117690896774
7100 301.68188050930518784
7200 308.75064190581031198
7300 300.567697805308228
7400 299.96984217764321556
7500 340.84107709575988565
7600 305.33847534638641719
7700 294.35703626195481775
7800 309.8586074519400313
7900 311.71452947509868636
8000 318.29957343259098934
8100 313.97651334443736459
8200 318.41976930604141671
8300 310.53692871739139036
8400 309.18230994095682718
8500 300.32198734304148502
8600 305.23508982618307073
8700 320.97619868479063143
8800 315.44997121753806368
8900 324.41200307129264502
9000 313.61971425464713548
9100 329.87932564882322595
9200 308.33705541147025997
9300 311.61463651988759693
9400 329.35936689780646702
9500 309.08732102389706142
9600 299.16004130758824431
9700 307.08785750282305571
9800 300.8113847339677136
9900 321.6033928978657741
10000 298.59240081067270012
10100 308.4818043529672309
10200 308.20695364173462849
10300 320.16703659717779828
10400 322.11190478126889047
10500 313.65122529692058606
10600 310.08820730348588768
10700 315.63967961077486279
10800 311.29597477442149511
10900 318.51417182402514072
11000 303.53531397160031702
11100 301.0702188373371655
11200 307.66310162601359934
11300 304.78278863247425079
11400 332.56671956779632637
11500 318.03420992734737638
11600 317.2380830452873397
11700 312.50483147477166312
11800 316.38511051735383717
11900 311.52930014807441239
12000 303.46908343675596598
12100 303.96704079195995973
12200 302.66496110152587562
12300 301.26031716483907985
12400 325.1579451042234723
12500 303.07677326206118096
12600 303.31006556658257978
12700 306.42237419231730655
12800 313.14494231368792043
12900 322.11803448960301921
13000 323.1286158686667136
13100 316.8678943840296256
13200 305.01513736581347302
13300 301.45739087283538993
13400 321.99021087671474106
13500 305.3924230281707537
13600 311.35793487829477044
13700 319.01150560629207575
13800 333.53666042817985726
13900 303.71584801825190425
14000 284.66673184593179258
14100 297.00251475726719264
14200 306.31439599024969311
14300 330.40543316501134541
14400 317.51956787982913966
14500 308.70961544258040021
14600 307.17910906054720499
14700 292.2903212617952704
14800 312.27015962098448654
14900 318.65012813768657907
15000 315.55430722245068864
15100 297.31404409810005518
15200 310.56546686285827263
15300 318.95576567182791905
15400 305.88697960350185667
15500 304.4819809857680184
15600 319.73730241835062316
15700 322.68145069805331104
15800 300.15491684980844411
15900 312.79722258669511348
16000 320.4592911143753895
16100 329.74172031458084575
16200 313.19434757727702845
16300 303.35892774630957547
16400 296.92597275480022745
16500 302.92746071571150424
16600 309.4269363159413615
16700 295.37375302303502167
16800 305.82928281075481891
16900 302.12865320544528913
17000 304.01239087517546977
17100 290.93810046091147115
17200 301.28157620065195488
17300 301.7835844731355337
17400 294.81865940666591541
17500 301.77588623601513973
17600 301.90821728576383975
17700 317.57939556521188251
17800 315.94248419972410602
17900 306.13123398189213731
18000 307.85714926500162392
18100 288.78619773891443856
18200 305.27825436581434815
18300 296.12599372562408462
18400 303.53288058795777715
18500 311.4246669476384568
18600 309.65333479580721132
18700 320.89391030653206371
18800 312.73101077591053354
18900 309.54264213094791103
19000 295.19708570392856473
19100 306.29901608646673594
19200 319.34309206950058524
19300 321.10038374366217795
19400 299.78692420094495219
19500 305.91018871954145197
19600 307.3499639002081949
19700 304.63549423652239057
19800 304.37188963972039346
19900 316.96157044880470721
20000 328.97732957251486141
20100 312.73088930239651972
20200 312.75698797580827204
20300 299.31095206282628851
20400 312.89902402488411326
20500 320.94229205731903676
20600 317.43562183197025206
20700 304.12783615247570879
20800 302.2339201570605951
20900 311.2311633767535568
21000 305.43146641787569706
21100 320.64169831796618837
21200 314.54694804036489586
21300 305.47240382548699245
21400 300.2137491213187559
21500 311.2778751669053463
21600 302.68406906350031704
21700 289.41109131335565507
21800 305.84842754882777172
21900 307.42978211791370313
22000 292.01838964112022268
22100 309.05635723402133408
22200 298.74005008820802232
22300 288.8370388623660574
22400 316.20648242335869327
22500 309.02392652510729931
22600 324.05769906667950409
22700 301.19274473286748162
22800 316.60574049810730912
22900 312.18609997080932317
23000 305.11914329592639206
23100 307.58629029646328945
23200 302.91775505943616054
23300 291.39539791599145246
23400 321.2627547852947032
23500 306.25160670126410878
23600 288.11998035184348055
23700 294.19974924790398063
23800 300.96065611723832944
23900 317.41265707563189835
24000 320.3027248732361727
24100 289.81936468117220329
24200 315.84782465957101749
24300 304.82705047604213178
24400 301.52181329282836941
24500 318.43286016132628902
24600 289.61155463362791807
24700 311.33549739102272724
24800 319.42012731264424019
24900 288.63662841656866931
25000 321.83122657659691868
25100 312.80097529455412086
25200 308.20920974527410863
25300 313.0139961051430646
25400 305.23801442153791186
25500 311.03117651993761683
25600 301.07868564268898126
25700 303.33049846209303269
25800 294.2295564534720711
25900 308.64669930375725926
26000 323.29908914803729658
26100 312.7123965455074881
26200 293.4247158160236495
26300 315.84292576894682725
26400 307.77875384683426319
26500 291.11696663264001472
26600 305.46080056828748184
26700 309.11927527650630054
26800 299.41300363697337161
26900 309.30785816046511627
27000 322.26571860576973449
27100 316.27090780890222277
27200 317.59021688305853104
27300 307.72661819277476525
27400 303.9023864951266205
27500 312.35808103170825234
27600 319.38487148924031089
27700 310.05226477944825092
27800 315.44441940591741513
27900 325.43382801737442378
28000 309.55071262378339725
28100 299.9453400925187907
28200 312.54035873074070651
28300 311.31743921045688239
28400 326.88148358782757441
28500 323.17756080280872766
28600 318.26710400557271896
28700 309.63197611269310983
28800 314.26986338873774685
28900 311.00904495902136659
29000 309.18971283428089691
29100 294.68974584603080302
29200 312.29404345910870688
29300 310.71433687810178981
29400 301.54559281125995085
29500 299.57172455210303497
29600 320.55561150880606647
29700 323.06926039590103983
29800 322.72305482877158056
29900 302.97280275564457952
30000 310.31572134185302048
30100 322.99967857713232888
30200 307.17738414839016059
30300 296.36376827086263575
30400 309.48633434139253495
30500 294.75004900054301515
30600 308.2191416629559626
30700 312.87489894056460571
30800 318.91177770614677911
30900 313.39034163184044246
31000 304.8520298954931036
31100 302.10054981045038858
31200 310.47637901610801237
31300 311.28067789758551953
31400 288.98505943155146269
31500 309.74741115744961917
31600 313.22724581452564507
31700 303.45571570017307295
31800 301.13806439680138283
31900 303.40986387467495433
32000 307.90299236390421811
32100 309.89560794276923161
32200 301.80344350793114927
32300 309.27331589276695922
32400 318.24312367418599479
32500 317.4356011912935287
32600 326.5057716151349041
32700 307.56185148446411404
32800 317.48790439779844519
32900 308.13585592811801916
33000 283.33065121895867833
33100 315.2762795284656363
33200 314.31250812312777043
33300 316.34964361257613064
33400 301.85762636015277849
33500 305.44129805118211607
33600 309.50830073541914089
33700 308.2056343073405742
33800 321.66541016096243766
33900 324.5405824062593183
34000 311.49861602382981118
34100 305.74233994344018583
34200 306.51880080137755158
34300 315.57918062161564876
34400 310.09087928245531884
34500 315.3558751476875841
34600 314.92489977648125432
34700 316.34891977930311668
34800 304.03558258770107159
34900 312.70886685474715705
35000 306.53199087363964281
35100 316.25698929490505407
35200 306.14094575505936291
35300 309.47772644476799542
35400 301.62789297905169406
35500 293.41908574278505739
35600 310.12752260386577063
35700 316.68092725102275153
35800 316.2831290101327113
35900 304.61998080459835592
36000 322.96159754208662207
36100 314.8574384299824942
36200 301.05448735826087159
36300 302.05628226128965252
36400 333.44174718355321829
36500 313.38773552807703027
36600 316.22293277658081934
36700 334.25087775523695655
36800 314.10577620187854109
36900 293.53865691630568335
37000 314.62232438454094563
37100 317.4377897754394553
37200 315.38988449592358165
37300 309.0142391912050357
37400 302.35653592263571454
37500 315.89565219896314829
37600 306.05121764787293159
37700 313.25922575987004848
37800 303.20578165479145127
37900 295.95351972762824744
38000 307.98806702292517912
38100 316.64330733992994737
38200 307.32552472610763061
38300 298.54131991485337494
38400 316.66912790377466536
38500 303.20824299353853348
38600 307.03951389683828666
38700 307.52568036541339325
38800 308.57822419801055958
38900 301.69775599013388501
39000 312.21053099002489262
39100 307.99536989839606349
39200 331.69757511907056369
39300 308.32347686978062029
39400 306.63933878960386892
39500 306.06030873980239448
39600 310.14074007172376923
39700 306.83565179075048945
39800 318.27715023134686589
39900 320.05748776899639552
40000 318.54541564490131123
40100 326.44097294555234612
40200 296.72443016917924297
40300 303.6350290938063381
40400 306.40576607159607647
40500 306.43056106095065161
40600 303.23419743684775085
40700 301.48012357511771597
40800 322.89600284424989241
40900 309.41948053246670725
41000 318.31196371827388703
41100 325.41254791007821723
41200 309.81020047944315365
41300 305.65064396594510754
41400 325.33742138131231059
41500 314.82948696231920849
41600 307.78110223136246759
41700 299.77798165210595016
41800 299.19645167903053107
41900 319.95848252488144681
42000 313.06320688982572165
42100 310.12171177563419633
42200 304.52352482596199934
42300 310.38187643444848618
42400 320.94151932658093074
42500 307.09258557305082604
42600 297.05647805127023275
42700 315.19498859518711242
42800 310.46449432314341266
42900 324.31964047648551741
43000 320.63695452740074643
43100 318.05957254733715445
43200 321.03482772622908215
43300 306.87235776505309559
43400 303.45526282288022912
43500 310.79047309933503129
43600 317.61647826475467582
43700 317.41067933001113488
43800 311.36342626196130823
43900 310.09814683887759656
44000 310.72613382001441096
44100 321.47215688537130518
44200 305.79787119196856793
44300 308.74518932108736635
44400 313.88606256544250073
44500 317.0716319833156831
44600 305.66232510017925961
44700 314.4848035177252541
44800 307.60895847573868878
44900 314.53622847607391577
45000 309.0840726852543412
45100 316.07462773712001081
45200 314.52913224653627822
45300 299.91502383826207279
45400 312.87178819649562911
45500 314.59394601880075015
45600 324.29733840323098093
45700 316.17946034991325632
45800 305.81639865749480123
45900 303.18144449573134125
46000 309.87116871021942188
46100 322.71613509006351705
46200 309.09653036740024845
46300 301.35358611285863617
46400 317.3639572887583995
46500 324.41778212292001626
46600 311.22880023085548373
46700 292.45880360566741274
46800 297.70577008413414433
46900 312.25253314515953207
47000 314.99778965970102718
47100 301.98648247447943049
47200 310.06055789409799672
47300 316.75790370161570308
47400 312.98192841034864387
47500 314.66071673191703439
47600 317.63092155963971663
47700 305.21296637563335707
47800 323.72805301198286543
47900 316.65399029597267599
48000 297.47907534457408474
48100 310.17050110311788558
48200 321.95839360004345053
48300 328.98854558556217853
48400 321.453714048349525
48500 311.43240374674650184
48600 332.53946501541759062
48700 302.26696646886415465
48800 303.0686984624866227
48900 302.63157274673017127
49000 300.85481940228794429
49100 319.53279985924041284
49200 298.9238725678204105
49300 307.74784696269017559
49400 302.59325494015598679
49500 317.26117221501306176
49600 320.36223489690252109
49700 297.35758612188413963
49800 299.46369818821546005
49900 311.63581378598064475
50000 306.54386428552328425
50100 310.85256085696181572
50200 311.77297151744022585
50300 315.29728698728837344
50400 294.44493325043885079
50500 307.36505156326978749
50600 306.11386574787769632
50700 301.95886478362609751
50800 288.38000682692415921
50900 314.58489370949706654
51000 315.30104761825811011
51100 305.83241750935826531
51200 303.26404538465254745
51300 317.25451719424694375
51400 303.0508772915511031
51500 308.09715189645538658
51600 324.96605928050166767
51700 311.67462306155437091
51800 303.58101689868692574
51900 323.33657437219312669
52000 312.97965058216692569
52100 299.5958807823297434
52200 304.74311457136747094
52300 313.07891202688608701
52400 309.38917956967310374
52500 307.50291152787127658
52600 309.64090402247597922
52700 312.19751095472685165
52800 307.17218786907403683
52900 307.33311043459127632
53000 297.84257003258193208
53100 300.3693773179696791
53200 314.38137042030570001
53300 303.83645506118705271
53400 309.84676962407417022
53500 305.21244659246355013
53600 311.06173946469209568
53700 318.26533028292118388
53800 316.59048169802224493
53900 309.30363347360099624
54000 318.58789424580180594
54100 302.20239144761904981
54200 313.64201202508223787
54300 322.58203974899583955
54400 310.67756784518945778
54500 321.26540448280729834
54600 308.23790262451308308
54700 322.38553721695143395
54800 309.73005468516089422
54900 289.96095307900196758
55000 308.0644701118990838
55100 299.07628847867675859
55200 300.92382086350505688
55300 314.05005449873573298
55400 311.25295110809446442
55500 313.18574694211741871
55600 324.18245426993223646
55700 308.01505399066058999
55800 315.93953182872684238
55900 309.10108189375785059
56000 306.38686520610548314
56100 312.32979872286199452
56200 310.8176391361403148
56300 304.22937943700333108
56400 305.95018371022172232
56500 302.27533558815144943
56600 303.14490334627413404
56700 298.76089392121474475
56800 306.58944705701350131
56900 307.54184600699687735
57000 315.89966754649333325
57100 317.36910604650915957
57200 317.74102589589722356
57300 301.21726114208922809
57400 315.69763120097479714
57500 335.94181729349014631
57600 306.25618974596665112
57700 314.11800387218295327
57800 326.44298036551049336
57900 320.13162025446933967
58000 308.28428227946852758
58100 302.05968896256200651
58200 308.8077072845756561
58300 312.61711021753063733
58400 309.34268500529856283
58500 317.84314574652398733
58600 312.7852903715676689
58700 314.45451005029048019
58800 315.39906946764097029
58900 312.56199831048024862
59000 306.23899691765092257
59100 325.39485245938379876
59200 321.95324261958273837
59300 313.46204550183477977
59400 297.1469108597798936
59500 308.4204494604942397
59600 303.01769086251522367
59700 306.76990459479191031
59800 288.08045973246913718
59900 312.38489868172433717
60000 311.79433759688805594
60100 312.52911702868334487
60200 299.25974549741687269
60300 305.45425570885242905
60400 308.93302660997034081
60500 288.12760171710726809
60600 313.20669135079771195
60700 313.43048162068924967
60800 304.37840684812186964
60900 304.56255627136863495
61000 312.97848975870033428
61100 300.61265130771818122
61200 295.50293322024975851
61300 304.32826029301850213
61400 307.24738326796398269
61500 305.8591916093272971
61600 300.87171940011285187
61700 305.72632433190284473
61800 310.00589242763766151
61900 300.11932569464687504
62000 295.99807368336973923
62100 312.51419679055641154
62200 303.28143545409676562
62300 303.40533030164795036
62400 301.92762256605004723
62500 307.12129347134936097
62600 306.191862411727584
62700 301.9515549424756955
62800 320.93177345726491012
62900 308.7766525326474607
63000 314.02680188847108411
63100 314.56037903983389015
63200 298.28795748305600455
63300 299.16830419011199638
63400 312.33559461246119326
63500 307.70439806839601715
63600 312.07922084741284152
63700 313.03065171102275599
63800 309.01875211682141753
63900 287.4391058017680507
64000 299.63868264487700799
64100 318.83833170959837844
64200 308.71280236428657417
64300 299.80747003905793235
64400 301.96495580298665118
64500 324.64048695435161562
64600 312.38406535696452693
64700 301.60513429825152798
64800 309.09583122649297593
64900 312.72159482885598436
65000 304.83834553648972587
65100 299.87227999318093907
65200 311.54155979507021357
65300 313.96702868743147974
65400 317.06654695590532356
65500 303.48587651243593655
65600 315.07141329054968537
65700 318.0383581413847196
65800 309.55013795071351979
65900 324.5151730598568065
66000 312.30365632456448566
66100 304.6434859008519993
66200 313.65198609522906281
66300 312.78965693791400327
66400 305.91306213417504978
66500 306.50038876794144471
66600 297.67160875133924947
66700 316.184148688599862
66800 321.64777720966230845
66900 308.64034045767772341
67000 300.00106670626774985
67100 310.04622852676880029
67200 315.09198973979789571
67300 308.76501775760567625
67400 306.10721375165519476
67500 315.96516377777641083
67600 305.49928898800249044
67700 302.12625312031678959
67800 322.04580480148922561
67900 313.58217369724326318
68000 318.98159524151117239
68100 333.63559107888784183
68200 305.76057868926403671
68300 294.22564989076124675
68400 310.59799501225501217
68500 298.54955999223977869
68600 336.75718390930995838
68700 318.86506630745520852
68800 307.46875493070149332
68900 311.85709326801350016
69000 318.48840845265016242
69100 310.26759890348017734
69200 316.64246752644550043
69300 300.86310984107819877
69400 302.3103092054105332
69500 301.36352083471513197
69600 314.3873207894999382
69700 323.19831961822615085
69800 305.74757371902620662
69900 318.64882427664866782
70000 305.68066281424660247
70100 314.12720698455757429
70200 309.1798384947995828
70300 304.25062587227398581
70400 317.1158859599556763
70500 312.85023000130257742
70600 325.9758716298147192
70700 320.36092018382709057
70800 307.98685330959750672
70900 297.9956781593561459
71000 307.24933278601218944
71100 312.78597638870343189
71200 333.68955996261217933
71300 311.06885434932036105
71400 323.79547367340944675
71500 323.50059465413374937
71600 321.26600866559812175
71700 321.14575270387729233
71800 318.66050840984263459
71900 302.23950519304196405
72000 307.04842104401495817
72100 317.92574777181738455
72200 323.54534891487941195
72300 301.83225807285487008
72400 305.29645708473157129
72500 304.33947684661046651
72600 298.08270590933960875
72700 285.56317855787835924
72800 324.77207710064050161
72900 310.02621962639835829
73000 311.28807741585706026
73100 296.77443013314189102
73200 320.13036033119209378
73300 326.26439195277026784
73400 342.60573844558206247
73500 311.25215852798748983
73600 319.89822188641761613
73700 315.19889839499444406
73800 299.50338213665747844
73900 306.95013931198889168
74000 323.08413991833447199
74100 303.11480644188361566
74200 300.89243969170377113
74300 307.78328280715493293
74400 329.6922395293663044
74500 315.43574664272756536
74600 322.0645958840767662
74700 317.4053818144331558
74800 297.02088826333539373
74900 317.86256663992787708
75000 315.81786015974654447
75100 305.75819748101145024
75200 307.87279189963260251
75300 307.35719660296211941
75400 311.54995221201022559
75500 314.90140209497604928
75600 303.41535784152074484
75700 293.83284921867101502
75800 308.83771777763263344
75900 308.14207459013533708
76000 309.08715580642910936
76100 316.4614451214540054
76200 326.64228000643134919
76300 315.98614844591770634
76400 310.46080766856232458
76500 303.83880003445131024
76600 289.23876101729962329
76700 304.96511111606287159
76800 316.18204166655470999
76900 317.46723691893998875
77000 322.19196745168477491
77100 316.49782648402634777
77200 298.76985244745037562
77300 314.66104462376290485
77400 317.31785703877704918
77500 332.67586439967146816
77600 307.20413852779557828
77700 318.71761411348063575
77800 310.7324149076488311
77900 315.49662451014887665
78000 304.54633858955736514
78100 306.72399285448767614
78200 317.57895533767106144
78300 330.82158611881510524
78400 311.46168477102753513
78500 316.85443174594206539
78600 322.84929214319561197
78700 310.46062548944166792
78800 314.64924255609878401
78900 319.44519668325170869
79000 318.80385509039200542
79100 312.58146303468248561
79200 301.55349883763722119
79300 308.08302390243005675
79400 311.44047151177568367
79500 295.80341845600656825
79600 334.67617180799817334
79700 314.69177943547975929
79800 311.86542653306617012
79900 323.40443363602560112
80000 316.71870433070205308
80100 313.49324081869229985
80200 295.20443397051553802
80300 315.94760421550734009
80400 317.28625451960630244
80500 309.11806395967442995
80600 330.8196684635101974
80700 302.81850682358100357
80800 312.66165220879793196
80900 308.8747831562455417
81000 317.9388042054281982
81100 306.63936057057776452
81200 306.27003233827008444
81300 316.53911829498025554
81400 312.73122088534182694
81500 321.05965663325201831
81600 305.03293817365732821
81700 308.02662723766519548
81800 313.2715876164189126
81900 326.2598478274160243
82000 315.27169310825030379
82100 307.58723005782439941
82200 313.91505422847075124
82300 315.60780961753670226
82400 304.03687340527164906
82500 314.26149612554263513
82600 315.43365877783196538
82700 311.39485991585723923
82800 293.09108368078767626
82900 303.43862560786817539
83000 299.41798096518698458
83100 314.6403536117855424
83200 314.45732133286486487
83300 320.44702924246740849
83400 301.56344816983317969
83500 306.3347342756217131
83600 308.63704925349753694
83700 293.68419364578505792
83800 304.32107900054438687
83900 320.47522292384678622
84000 307.81264991683275412
84100 311.59093357987364925
84200 314.71558413456847347
84300 315.93808979689316629
84400 321.92634072088713992
84500 310.64621764003715043
84600 304.13872833092693782
84700 316.78071421671603503
84800 317.64247669414470465
84900 305.02278345636807444
85000 306.27250308180845195
85100 324.52555061997071562
85200 311.93790810636409105
85300 306.78865010045160489
85400 310.43953823225183442
85500 315.66907177958938746
85600 309.36300565743215429
85700 296.46503439479749886
85800 307.46479944361612979
85900 306.5137830920042461
86000 299.41506995507262445
86100 312.3548977827130102
86200 319.0692576861341081
86300 314.86663542711352193
86400 303.05746073991031153
86500 315.69637021032679058
86600 311.31018825745508138
86700 300.85996136386609123
86800 291.8343861399744128
86900 318.34006808980910819
87000 308.05453660735423682
87100 322.40072850854363651
87200 312.44413422903613764
87300 297.71053841619584546
87400 302.04836430670587788
87500 298.09966763995697647
87600 307.7029701129941941
87700 324.07799885112586935
87800 316.39199158723505434
87900 296.62979012042796967
88000 326.01084350134880196
88100 336.45407227012526619
88200 309.73774528223481184
88300 297.89325114227330005
88400 304.43784732858250663
88500 314.84663283640639975
88600 308.07963961926878937
88700 311.14228725873908843
88800 312.83839268129429456
88900 313.75519806707717407
89000 317.36743037283554258
89100 276.28793559230911114
89200 320.59115031062788148
89300 310.02661938445663736
89400 319.47968572172942459
89500 306.96834530580582623
89600 308.53167674507886886
89700 312.67109065907590093
89800 324.86372976870467255
89900 318.52052867541880232
90000 327.16977464661709973
90100 314.87885650107506308
90200 318.8822461447567207
90300 279.33346076794720148
90400 323.28997351828530782
90500 313.45866346313289341
90600 296.59352195296150967
90700 312.4568198907939518
90800 296.6146468415063282
90900 317.88702370023599997
91000 319.00599990841840281
91100 303.3051245400914695
91200 312.95049560198106064
91300 306.45888294540964125
91400 295.20152812040174695
91500 310.95753536660254213
91600 302.47402212766490948
91700 302.88033451183616762
91800 314.54713725840707639
91900 314.32027946234978799
92000 319.32968705574864998
92100 314.37106331778647927
92200 310.35471998481233413
92300 318.41863841681845315
92400 303.13967990465397406
92500 307.88765947524063904
92600 310.40301752802065494
92700 325.79015138036697863
92800 313.48175484934455426
92900 325.21237042443544851
93000 321.06597620620561884
93100 297.55167215014688509
93200 314.84273420010680411
93300 301.73888602407276949
93400 301.49156528603583638
93500 312.10519298416909351
93600 326.13760039261967449
93700 302.89947495807342648
93800 304.45015929194295268
93900 315.11144169445367424
94000 309.87986622731312991
94100 307.79751556223811804
94200 308.38889235143517453
94300 293.14200187747013615
94400 325.62257101906112666
94500 318.67466725785556036
94600 323.87238353549543035
94700 299.56748246618036546
94800 311.53989298100128735
94900 307.02706074757503529
95000 307.1135652169003265
95100 321.67703510497977959
95200 317.06416735856680589
95300 309.5087617194292875
95400 305.19394663364965936
95500 320.24231509409156615
95600 314.95777486633102171
95700 322.40428987759338497
95800 298.23382513487689494
95900 302.40080624604314607
96000 318.72579662997077321
96100 318.90644222818082199
96200 315.96706992383951729
96300 309.21098802803891203
96400 302.88673245102097553
96500 311.69371124636774084
96600 330.29417132124149248
96700 312.42168316476625023
96800 304.97844055435763266
96900 305.84997297437996622
97000 299.8458578364423488
97100 297.04814444862586242
97200 321.13864510184731671
97300 305.3964796708060021
97400 307.73939668748369058
97500 322.3118683914864846
97600 307.3051879944635516
97700 302.02888923365543405
97800 324.88721279698648914
97900 314.26493451608314444
98000 320.55913325664556623
98100 318.43959764427160053
98200 307.72268783075651299
98300 318.6520036627005652
98400 316.38110305490050678
98500 320.41024991136225708
98600 312.88263702713373959
98700 307.62137256512443173
98800 318.16940570236010899
98900 313.92715028075866712
99000 311.3834984308018079
99100 312.79580012251716425
99200 315.26570788151195757
99300 302.65545429980414838
99400 312.37976244896657363
99500 302.50085556933186126
99600 315.5342613227678612
99700 319.84201777031984193
99800 307.7227972712726114
99900 297.95275047394551393
100000 304.42455468454409129
