# Fix print output for fix printTemp
0 309.99999999999994316
100 311.08025200751586681
200 302.97140057542071645
300 317.26109850119559042
400 304.89876109321647846
500 314.2620714082626705
600 317.82794385665636128
700 303.67943366226836588
800 316.83410884211878056
900 319.22282323187226893
1000 308.13171632852299808
1100 298.94645164752341771
1200 305.06735157599268859
1300 312.73990783687673911
1400 299.30629313779905942
1500 299.76183088324944492
1600 311.60967059353833974
1700 295.02657237773911447
1800 296.26124251823125633
1900 319.86783116723302101
2000 292.2481154315203753
2100 311.1476126831566944
2200 321.90496753201358615
2300 315.64178616418695356
2400 322.9089701767732663
2500 313.15077278556947249
2600 296.19282540792340797
2700 293.6386615627845913
2800 317.73259438960479883
2900 317.60776184631373553
3000 306.63235289859443355
3100 305.56156624474272121
3200 311.50654291943288854
3300 310.44419473007320676
3400 299.83598786690441784
3500 299.26544286328567068
3600 308.76929665719103468
3700 294.09685993903997314
3800 298.35128763814753938
3900 296.87039514997388778
4000 297.37252622069348718
4100 320.53553546880215208
4200 323.29114126864743639
4300 323.24604664135415533
4400 308.044261626945854
4500 294.77315862786218759
4600 285.07357345330183307
4700 312.9776179292310303
4800 313.19625429183571441
4900 315.9288850626201679
5000 286.98793857108751126
5100 303.80047998816019117
5200 313.14003020809013833
5300 308.35115559116485429
5400 304.73986153410965017
5500 300.47074636282621896
5600 303.04074022744777039
5700 294.14528949877643527
5800 315.04181892419211408
5900 309.66988743717615762
6000 316.39155523541467119
6100 311.27765955680354182
6200 308.80093890607594176
6300 303.05262908440852243
6400 298.90020890739805282
6500 317.56152220653058293
6600 302.95531671369309379
6700 299.60900173210421826
6800 326.93835797146033428
6900 315.73353702766593187
7000 295.72496797568499005
7100 311.51456717521341488
7200 315.10876916079331522
7300 291.73789469813772257
7400 307.33014640611980894
7500 306.72213046317034468
7600 314.76488864793003586
7700 315.47964730420562773
7800 296.07926214715513424
7900 310.90267872353598477
8000 303.33966064517613859
8100 297.94045046509233998
8200 309.78277124958867716
8300 298.42261090295028225
8400 318.45512950367651683
8500 320.04459159864813955
8600 318.44760165554907871
8700 317.74645679853466618
8800 298.07287088955791887
8900 308.08310511668059917
9000 316.10374331049933971
9100 311.34313169238276942
9200 301.132197868176263
9300 319.18123550654087239
9400 321.03730264659697013
9500 313.97771429639590224
9600 297.30495311672382286
9700 308.12956992393588962
9800 321.69629213193803707
9900 303.23001095518571901
10000 316.75225685466040204
10100 306.80962739206381684
10200 306.97719577864609164
10300 304.76938334370646544
10400 318.1376383580966376
10500 323.54751830670045365
10600 313.20305398775218464
10700 308.44537563423665461
10800 297.52378204659578387
10900 314.48613372273388222
11000 315.64405758567482962
11100 304.00475895764634515
11200 315.91137454822018071
11300 316.05468169353360963
11400 312.44699352573724127
11500 322.99518810958556969
11600 311.60668224293397088
11700 290.88037732215593678
11800 322.28181427511697166
11900 324.81188741732574954
12000 301.81711342672718956
12100 336.53337767382384982
12200 315.59497677641564906
12300 301.95824892947990747
12400 323.4501817204588292
12500 312.49500872771579907
12600 312.78773275069909232
12700 312.02981389344864738
12800 306.00746849876111355
12900 305.46638414502615433
13000 322.25595475018735669
13100 319.13780367665003723
13200 311.95294602101427017
13300 311.52710050076370862
13400 322.14800457907557529
13500 321.55259853384285407
13600 303.65897170024783236
13700 306.2038319549014318
13800 320.11154898734264407
13900 300.60181242507809429
14000 303.54299303396663845
14100 307.53831399477638797
14200 322.57236738419112498
14300 309.7127008829809256
14400 310.82377548406122969
14500 310.77775340390951442
14600 328.55557770783059368
14700 311.2593890224899269
14800 304.68741853471095737
14900 317.59405999668086906
15000 318.93860306017847961
15100 292.76644812714795307
15200 308.71869832099116593
15300 309.75945939396763151
15400 299.16434672522160554
15500 305.20360844974698011
15600 307.36745688232792872
15700 320.32185823897140153
15800 298.86863828835129198
15900 300.78230468204463932
16000 310.81922768382952427
16100 305.59668024727608326
16200 311.52282492392197355
16300 327.539812183327399
16400 308.68714273677926485
16500 323.35379790139256784
16600 314.37400724153468445
16700 309.9462461007484535
16800 312.51743329018273698
16900 316.05135483727815426
17000 320.14129899907527488
17100 310.73816493893986035
17200 305.37602875459464258
17300 310.87480746111452845
17400 311.8005655228077444
17500 314.58470314134473256
17600 309.7306116845331303
17700 313.78848435539106276
17800 303.60392920984673992
17900 308.50120170639866046
18000 306.03082947176477546
18100 287.03178847551191666
18200 300.71263318718297342
18300 310.59691549310514347
18400 316.21538756306716778
18500 313.53346483450752658
18600 311.15904415327599963
18700 301.47503902536675469
18800 293.20800915039075107
18900 307.2221016854670097
19000 324.32768511974052217
19100 322.11226613134419949
19200 307.82371523116529488
19300 315.33011956678114984
19400 302.72637520457624305
19500 301.54368959675235828
19600 299.22272740620718423
19700 302.16978720366387279
19800 304.67447705425536242
19900 309.54071879705401216
20000 309.00735386881382283
20100 307.03578266606382385
20200 320.63044498391752768
20300 302.38559942647538037
20400 292.48286418337585246
20500 301.64453663375832093
20600 320.65492128496413216
20700 318.73387496528931706
20800 308.05962851493046628
20900 315.78072471253511821
21000 313.38881174853219136
21100 310.54187940424935732
21200 318.70773163337054257
21300 313.00172465765888319
21400 292.05829220930564816
21500 320.49334415015977129
21600 315.14617874111985429
21700 316.24977244552854927
21800 298.12668823198185919
21900 298.57276550797081427
22000 310.98829074347747792
22100 304.4145402671233569
22200 310.28204204372917729
22300 310.96984276466133679
22400 311.14671715425947696
22500 311.15741734677192198
22600 314.87274117649207028
22700 319.32323806842543945
22800 312.82795216058860888
22900 303.45425603779392532
23000 308.3083432003209623
23100 317.74606877781076264
23200 303.63207511461234844
23300 291.7145954115336508
23400 307.3337958360445441
23500 296.85997534480890181
23600 335.87755629356848885
23700 307.17435570804764211
23800 313.55728793959366385
23900 298.06975770702433692
24000 315.55653319016010983
24100 327.59117483106257396
24200 313.85056880732588525
24300 306.15837288241505121
24400 308.09045321990362254
24500 307.91001564145375369
24600 316.65947161605015481
24700 310.11268144922075862
24800 301.90172695416742954
24900 306.32575263523847298
25000 327.48690438324359775
25100 312.52709487819925016
25200 313.3168283526967457
25300 310.74533580416186851
25400 309.30902598239100598
25500 306.96213712694242304
25600 317.55099661795259181
25700 322.60319707333519546
25800 306.0535141340939731
25900 306.36869171142552659
26000 295.96537632829955555
26100 303.79142100894642908
26200 295.16811125996247256
26300 297.94454118654886088
26400 310.15877703149158151
26500 311.14259809922441491
26600 326.65844204398729289
26700 307.4969292892900512
26800 304.77719856135149712
26900 307.52370099413451499
27000 302.99300014197211794
27100 306.52982126438985233
27200 310.36338501087465147
27300 306.65372771796558027
27400 298.50613460539892685
27500 296.82436039374607617
27600 316.89121546513223393
27700 306.47776181916532323
27800 294.87015889789336143
27900 305.13296887677438463
28000 299.9277068596337017
28100 305.76363971585141144
28200 303.2150629954123815
28300 304.42468864482219715
28400 318.42448271604007459
28500 319.7306244644673825
28600 303.51104605437768669
28700 301.47029372255320823
28800 309.79530300469684789
28900 295.03131914821773307
29000 310.57819354969939241
29100 298.12118385276926347
29200 309.42774823934684036
29300 314.42483367476057765
29400 315.78236182428878465
29500 320.2344774964062708
29600 309.55036979138117204
29700 301.10286028945256476
29800 305.73902105582664035
29900 309.15083854925273954
30000 308.72363458089603228
30100 305.26630179709184176
30200 316.1491746033886443
30300 303.36001111411667353
30400 311.20107741259465683
30500 311.00198425762857823
30600 323.7163130515060061
30700 312.64919060683803309
30800 304.86960607792366318
30900 312.18711091463637786
31000 323.76222973255113402
31100 298.66643082106133988
31200 301.50456300801749876
31300 320.11199525851787939
31400 313.51268589544611132
31500 302.85250728331249093
31600 327.63592952894060772
31700 311.46067326708669043
31800 300.01601410670269843
31900 310.94060951386092029
32000 318.47253294710401406
32100 299.99386009173355205
32200 311.38384359733197471
32300 328.72685519415432509
32400 318.86193475956514476
32500 323.58956340419604203
32600 313.86953924957879281
32700 320.06044149566957913
32800 317.39676483731653889
32900 312.30077866529137509
33000 329.40431721544854327
33100 315.62082182426280497
33200 298.41130798779630595
33300 316.33679114557031653
33400 301.07774471996339116
33500 323.23372711701483695
33600 320.38077770233201136
33700 312.59585508576094526
33800 299.92551452647995802
33900 317.85153390768749659
34000 317.50951455108651089
34100 299.37252905049723495
34200 314.89236333321019856
34300 303.32468996824269425
34400 323.77417391742784503
34500 307.87860298957559735
34600 327.60692729036389892
34700 304.65217912871054295
34800 299.70360210307762827
34900 314.25898179676966038
35000 311.52911092450517572
35100 323.20721966180298068
35200 316.0879773322761821
35300 303.63617072757136839
35400 304.1060852679847244
35500 298.86111564254815676
35600 314.81474522333854793
35700 293.11220647874461065
35800 314.86592491354167578
35900 320.20083995503819096
36000 308.90855712293165425
36100 314.27872431702650147
36200 316.02365474136627199
36300 308.51652170904958439
36400 321.78804997868900273
36500 318.18276491925172422
36600 321.28391007872846785
36700 319.66895878045704649
36800 306.42091053929891586
36900 308.44173924519600405
37000 303.45780811933326504
37100 311.94949288944167165
37200 320.60945266220238636
37300 316.92104174543652562
37400 317.93325793146738079
37500 343.54890649958622362
37600 310.05309659706119874
37700 305.14768659453829969
37800 317.81495196273090187
37900 312.83121940619327006
38000 296.26341078964748021
38100 314.38427081685705389
38200 309.04743207315874542
38300 302.66036010568490155
38400 303.19033671096815397
38500 308.92117051909201564
38600 317.94453592982586088
38700 310.90771016960030693
38800 306.48876226050037985
38900 317.1889247352596044
39000 326.21907516188531417
39100 300.11446697628514357
39200 305.29586645350730123
39300 314.81358128983339384
39400 307.75065183378671918
39500 314.76289021616008768
39600 330.45602056142047331
39700 319.14414294055978871
39800 315.64384269721762166
39900 324.71025277940270826
40000 296.68861386833776805
40100 311.74734595455021235
40200 312.81346746666287117
40300 297.96586047679386411
40400 300.998405110603926
40500 312.58910642983636308
40600 319.75017844447484094
40700 323.17648052233965927
40800 327.21783070288029194
40900 314.76640093799500164
41000 299.69227951149861155
41100 312.39864385420122517
41200 306.97855809235119295
41300 319.39589952815344986
41400 324.05414371152323838
41500 321.04012957342922618
41600 321.11467999701432063
41700 315.06730517450392881
41800 306.05815855468478048
41900 313.4897073849118101
42000 302.19714312712574156
42100 300.93108395943187361
42200 306.28175128008763295
42300 301.76639251189925517
42400 295.10948764162850466
42500 300.61250955893478931
42600 302.65558826741920484
42700 310.98658629328934921
42800 303.12409878351979842
42900 306.87708016533116506
43000 310.56084959677292545
43100 306.92884585241415607
43200 297.00648659649880301
43300 313.03199565390968928
43400 323.80746179285478092
43500 315.02875221835824959
43600 316.75100708619748957
43700 295.76438134359824517
43800 305.79615318978704863
43900 293.1183975079216566
44000 322.97951011912084596
44100 313.85958979740848918
44200 304.96515210431971354
44300 298.54415681348217504
44400 311.87532656988162216
44500 319.58107960656440127
44600 309.88952029674749156
44700 313.7473131425720112
44800 305.98487137587267171
44900 293.50876175827528414
45000 304.25776028892170189
45100 303.1305575428289103
45200 325.9420608223009026
45300 308.83499216456885961
45400 296.8380502034506776
45500 290.32511435425408308
45600 314.77261701101298286
45700 320.83879229566394997
45800 293.71255834500226456
45900 302.82525162388259332
46000 315.58709167429009312
46100 307.91638656515851835
46200 297.41242253156724473
46300 309.38056674548738556
46400 326.90621116889712994
46500 320.68752316920426892
46600 302.09401184965338416
46700 299.99235837052560782
46800 304.68200678260376435
46900 302.22768581770435503
47000 288.0912393172889665
47100 307.81176316314832775
47200 305.25769440981679281
47300 301.34769633877340311
47400 318.28836112494514055
47500 306.39472342795642135
47600 301.53819238133144154
47700 317.21309587780945094
47800 312.05846659674665489
47900 311.69879982063605439
48000 315.47846879498052886
48100 285.43650459780428719
48200 312.36736082270869019
48300 312.68661331444729967
48400 308.39296361006074676
48500 300.22603452977961069
48600 312.43105943199282137
48700 295.0280152618727243
48800 311.91363555744618452
48900 301.86143927489041516
49000 307.98333581721601604
49100 317.65205176316794677
49200 302.54615210587070351
49300 314.37879678491719915
49400 306.08261544984287639
49500 310.89967322060255128
49600 303.77831491186111634
49700 305.15432691775191643
49800 310.17955693704715259
49900 310.14107086231013
50000 305.35156574768330984
50100 299.36227523365698744
50200 308.38287257508540051
50300 320.04880994341419864
50400 312.33545005857405386
50500 296.25958247494804709
50600 305.7508116419191424
50700 319.93297688566201487
50800 321.38947084393765863
50900 321.71383626840218994
51000 298.55056623958273576
51100 297.81163743786493114
51200 314.9486304482735477
51300 304.1158656044050872
51400 302.35559755465737908
51500 297.27374329781235929
51600 309.41748700277037187
51700 306.26041245998050044
51800 321.33975534848667621
51900 307.37434078388326952
52000 320.37811948782859872
52100 309.98342922261156218
52200 291.93110084009509819
52300 299.76156781741229906
52400 300.05147988587566488
52500 308.93405591558013157
52600 311.0813990102869866
52700 310.17804492587367804
52800 323.655227115102889
52900 305.926111234300663
53000 304.71916317332318158
53100 318.70160335650069783
53200 321.56490558599659835
53300 304.66281394821373851
53400 291.98100165907743531
53500 303.94494571753267564
53600 307.23434436083368837
53700 303.60227169315913898
53800 317.45123845348780378
53900 309.86138152662073253
54000 309.89392871278027997
54100 316.53606796311777316
54200 308.8234623283746032
54300 309.30250713703645715
54400 321.26910526225179865
54500 315.29265326045543816
54600 298.68542439239246278
54700 303.93211133066273533
54800 297.47595437837009058
54900 307.09497534344325231
55000 312.13305611150093455
55100 309.41851394568419664
55200 313.26717053728771134
55300 327.9637253870969289
55400 316.37460429664713502
55500 302.7894939408593018
55600 314.98023140376716356
55700 306.60903814388473165
55800 308.40287238043475782
55900 308.76296489327540939
56000 309.21136069769164578
56100 303.62196675210452668
56200 327.63356600930200102
56300 316.70173010762408694
56400 302.0637219033171732
56500 303.57705747094922799
56600 309.10386058118649544
56700 310.73299165221453677
56800 323.26199209418933833
56900 305.4238609004220848
57000 313.08648514464709933
57100 313.93784379365490622
57200 308.55230570101520016
57300 330.56710261261025607
57400 301.38570970043662101
57500 309.90789800418622235
57600 307.55528411132888778
57700 292.15939267280822378
57800 303.02512508491872723
57900 310.80057648067651144
58000 326.96615588896611371
58100 316.85502507666450356
58200 302.76414846297319627
58300 299.72043670070837607
58400 311.83918162957729692
58500 299.15157914604890266
58600 312.57850063356022474
58700 317.02383768608859782
58800 309.24950644388394494
58900 301.73294307449509688
59000 308.1464716291979471
59100 310.10219419385606443
59200 309.06956954192247622
59300 311.18853858482913211
59400 302.96611965266691868
59500 305.43922802364153313
59600 307.8702532842677897
59700 323.42866650224942759
59800 315.90508963366710304
59900 303.90581337536644924
60000 304.18322853947285012
60100 314.52029257519700423
60200 303.13588888914756581
60300 294.32768897560970345
60400 305.72025601789044913
60500 290.37454191485545607
60600 312.23021704321411107
60700 308.59226305083393527
60800 304.87748784035869676
60900 305.91167870025515185
61000 302.40823204270316182
61100 314.86399537157080886
61200 298.09883772591649631
61300 300.24512748660083616
61400 311.50346108417363666
61500 301.58288404257410775
61600 321.06835353611450046
61700 316.32607861063195287
61800 305.96963434249158809
61900 322.67340609661283679
62000 305.40740757736767819
62100 310.52327929005332408
62200 309.77586476162809959
62300 305.77439448811128386
62400 314.38658641292636275
62500 306.81388928660425108
62600 296.51828660339788257
62700 302.66113485758955903
62800 314.16648830940368953
62900 310.43528434635766189
63000 315.08477525729028912
63100 321.51653942022466026
63200 307.15905302037646152
63300 305.78723449980736859
63400 311.46973638306604926
63500 307.36089959812278494
63600 318.31258038836216429
63700 313.56781609295546787
63800 316.10591685032972009
63900 325.8247623711231995
64000 306.09587118016168006
64100 310.42742891079763012
64200 313.52337180660913418
64300 302.99657633718430816
64400 313.67768064572834419
64500 308.61312312924599155
64600 309.49603351133470142
64700 312.51276884712933679
64800 308.73862322590622398
64900 314.26941339769365413
65000 295.56362154139281984
65100 307.03966911538577733
65200 316.11381943014026774
65300 314.06369313453524228
65400 310.88332657459625352
65500 310.43077951539584092
65600 305.78037970648813371
65700 302.23799377297558522
65800 307.41748987634611012
65900 327.5778719576264848
66000 319.58424003094194177
66100 297.95523780345479281
66200 314.03965028865712839
66300 310.03060887380706845
66400 304.41373183563359817
66500 314.6625074114795666
66600 311.92948866502143801
66700 308.92278103617314855
66800 320.88580937491229861
66900 311.35364664248118061
67000 299.79485572317304332
67100 313.65691485216331102
67200 326.71092098294900552
67300 312.93051168385613892
67400 305.88619722572894943
67500 305.26306695617097375
67600 318.11033493290028673
67700 291.96997951493654
67800 310.05397080588056724
67900 318.14543670826793687
68000 312.95027759222875829
68100 309.87492757876594851
68200 310.42862120929817138
68300 312.66466277571333876
68400 318.30608511177570108
68500 310.26560501879504272
68600 309.74042837618674184
68700 293.94186079919859367
68800 309.95697205468712809
68900 299.23860672642280178
69000 307.42263507225834474
69100 311.33501741662695395
69200 313.50547520887994324
69300 315.58737390395293687
69400 284.13137790771992286
69500 309.06904348221951295
69600 318.66003196212204784
69700 299.85499172878928675
69800 330.23872776292978415
69900 319.2539675973868043
70000 316.93124263631494841
70100 299.16461324249831932
70200 312.85043280187045411
70300 316.0353629053039981
70400 306.76259035084592597
70500 317.63101167248464662
70600 323.32230436592396927
70700 314.2792958116230011
70800 315.37810526746341111
70900 311.49979648980803404
71000 314.62785952516571797
71100 321.41881360386685174
71200 311.07980005960621384
71300 307.64949898179736465
71400 308.83824810656119553
71500 328.48782951344253433
71600 310.77803647560580202
71700 318.04182072318644714
71800 315.13308269138548212
71900 330.67536774377828124
72000 312.53065698002774297
72100 322.08567813231883292
72200 317.9565032538990863
72300 315.19262948614220932
72400 300.61004915691370343
72500 304.20590439817846118
72600 318.22099308608289903
72700 323.17190010919068754
72800 312.77186354010757441
72900 316.24327579431263757
73000 307.50261517132742028
73100 312.39628361900844311
73200 312.79866567557621693
73300 316.58816135324514107
73400 307.64390053756198995
73500 302.85813580981141513
73600 303.57531013489278848
73700 315.04127776397507432
73800 307.63941491366637138
73900 298.0066124920645052
74000 309.08829241018662515
74100 308.16045168554194333
74200 290.08702538287121797
74300 302.08761304567480011
74400 304.30987334468454719
74500 307.60857915631970627
74600 319.09126711191902359
74700 308.56063003643100728
74800 296.25783622007611484
74900 313.38134226089823642
75000 314.6048379760400735
75100 307.69033205076988224
75200 312.0339840300415517
75300 300.67440752387204839
75400 308.80549643735537302
75500 304.69332270291289433
75600 288.87865217095418302
75700 308.34374385889105952
75800 307.91089343213877783
75900 323.63130136637727219
76000 320.84010803953378854
76100 301.06419250332248794
76200 303.45585989318874454
76300 322.02108671977362064
76400 301.66277111411397982
76500 302.48864457369461434
76600 314.96583861328446119
76700 323.86994083873736372
76800 321.15669641340082308
76900 271.33607333932627625
77000 307.79326067402570288
77100 318.13742208125842126
77200 309.76557495661364783
77300 292.18577948333791028
77400 309.41490424536897308
77500 314.00361163150569155
77600 302.32710572590514175
77700 323.82626097482614114
77800 311.29713980979289545
77900 316.95446618805772232
78000 309.02354718671568889
78100 297.56449618780243327
78200 302.60894068205953999
78300 314.71538597659520065
78400 300.30443279596624961
78500 303.05871620197177663
78600 318.65560334322020708
78700 313.42481312478327027
78800 313.80172190375827768
78900 313.92393900758156633
79000 300.69508379171310253
79100 303.28602440910577798
79200 320.77600085254402984
79300 323.34470098912981939
79400 309.92395684157753522
79500 316.55845648911781609
79600 306.56296344503977025
79700 303.67436266707170489
79800 305.48973639300044169
79900 306.43632788082061325
80000 319.2347550154204896
80100 305.11001307171153485
80200 297.69474289261245303
80300 322.10294164573946318
80400 318.04252425352285627
80500 305.85824039964205667
80600 300.10479675017268164
80700 317.91541210703206843
80800 318.24040025344976357
80900 307.49093259102016873
81000 303.38690770898114124
81100 307.34332913445530266
81200 315.22822663531712806
81300 324.37227091123457967
81400 314.11157046969964313
81500 303.91778829228331915
81600 317.67362302346896286
81700 316.84871365767349971
81800 314.7490939134267478
81900 317.64708411543512057
82000 317.65497995029102185
82100 313.4791244200937399
82200 304.22703082840342859
82300 305.74309623409226333
82400 309.86867047548435039
82500 300.83869446815964466
82600 314.60951865352683399
82700 318.94229920460747962
82800 312.17087180136007873
82900 306.96655427932597604
83000 304.80780137225644921
83100 307.99166733279918162
83200 319.89388251432768584
83300 308.14335034271385894
83400 311.86881429414023614
83500 316.98515753158318375
83600 313.18276062036170515
83700 310.79096304197048539
83800 306.50291860373323516
83900 312.34718988433240838
84000 330.74949290034783189
84100 303.9992352469770367
84200 304.51575820422596053
84300 316.5197369520300299
84400 310.59829352832531413
84500 305.28020722338146697
84600 313.26949915585458939
84700 301.15283026386885012
84800 290.34195162945371749
84900 301.17537298799925338
85000 309.35002434947915617
85100 323.63786534555248409
85200 319.70922375772278201
85300 299.54412347099429326
85400 290.16200703193055688
85500 304.99312481423862664
85600 311.52220833510699549
85700 331.65349873585677187
85800 311.27964088260006292
85900 298.08337397121357526
86000 290.20619655084414035
86100 311.28052960470841981
86200 324.54909575196580818
86300 323.68289206943518366
86400 307.92334220449669147
86500 307.12962038403782117
86600 301.86615141406531393
86700 320.09803909513669851
86800 303.90959604094456381
86900 303.23973802243148157
87000 301.54172347669725696
87100 320.74958192999906714
87200 324.8245780165715928
87300 321.11206550192480336
87400 307.24178841372292936
87500 301.80641685445050371
87600 310.73006830759283048
87700 325.45542015528684487
87800 319.14622067458537913
87900 304.46245036862387678
88000 311.22231570969262293
88100 315.08266178052468831
88200 306.00273536215223658
88300 304.95978490534452021
88400 307.32731704070721435
88500 295.08751305790781316
88600 306.669943542025635
88700 307.74638037506912269
88800 292.06765443571060814
88900 299.35118750234272511
89000 304.41877801903592626
89100 303.10885523999172619
89200 306.53791522824144522
89300 305.3951162491353557
89400 310.53016595879972783
89500 296.39101220734039543
89600 311.80447611220324688
89700 312.59351432998488463
89800 315.82016827858495844
89900 300.30981552800665213
90000 298.16569886349748231
90100 325.99653322534442168
90200 311.44928644429415954
90300 322.03822736060982379
90400 316.39172855560980224
90500 309.25189422768170289
90600 313.48844755896033121
90700 324.69732572796397108
90800 309.63575380608034493
90900 299.51015720917592944
91000 316.85401749708023544
91100 310.26792949594056381
91200 288.31950356527784152
91300 308.18556856520103793
91400 307.67819446998061039
91500 304.03109062095273885
91600 301.92298207636093821
91700 311.01964224403189974
91800 321.84834040367223906
91900 320.02823609090802393
92000 316.05903893922334191
92100 291.24713135096084216
92200 293.45440087940943386
92300 311.50575253327372138
92400 319.39067306333583929
92500 315.35830562454270876
92600 298.4919638687878205
92700 319.91206357784221836
92800 299.18324062269937258
92900 299.97798967208240128
93000 305.39662326190364183
93100 287.91634803230908801
93200 313.13198595524403345
93300 315.20044387028013944
93400 308.37598362567916865
93500 298.24635485399778645
93600 309.22297905855793942
93700 307.9428330284328581
93800 294.88212521005226563
93900 311.89330608695451019
94000 313.63914267043742257
94100 305.10703128072469781
94200 324.42497535611073545
94300 311.69659843908658559
94400 303.94517181199705647
94500 309.60007770333356802
94600 300.95165449121469692
94700 290.3117306782175433
94800 309.58104083492526115
94900 305.21972023492890003
95000 327.30533625360629912
95100 305.63483086371451236
95200 303.25842747146748479
95300 301.02828206646995568
95400 296.4442067294314711
95500 312.92764782792858114
95600 308.47830194375410429
95700 297.86795678700320877
95800 301.26857555968274482
95900 301.58312196243139169
96000 330.34153533591279484
96100 296.90807469317002187
96200 306.68535070252602281
96300 312.23539539222008443
96400 320.56097681123139864
96500 305.58172135660396407
96600 313.09443103880113313
96700 316.76878085956781206
96800 293.08126951323112053
96900 310.30958060200038062
97000 304.1882747573684469
97100 303.28581245448981463
97200 309.019947021800931
97300 312.40505450363951923
97400 300.20098879460840635
97500 314.07108716662185088
97600 300.0154485750231288
97700 297.86346055137590838
97800 328.17667332945455883
97900 308.17434154476416097
98000 306.87409808148896673
98100 334.28035868622492899
98200 309.70971534672702319
98300 305.73753841547460297
98400 294.14709683745519442
98500 296.47750179968812745
98600 316.8036203006003575
98700 328.64164781930020354
98800 300.43235293248960716
98900 304.71240562790745798
99000 316.06900105869709705
99100 315.76962666874726438
99200 312.06931304158854346
99300 303.78883364956584501
99400 313.4912293999223607
99500 322.33606310360448788
99600 301.77845021193712682
99700 310.82300593496177044
99800 317.7488939202244751
99900 318.08927933960654855
100000 317.21528976234549191
