# Fix print output for fix printTemp
0 309.99999999999994316
100 312.14203394139400416
200 296.57101169338682212
300 315.91998600413182885
400 305.93305081628943753
500 321.25381811789964104
600 312.3852379627795699
700 317.17451196239125011
800 313.07626772552146122
900 311.32403192017511628
1000 298.58582062288445513
1100 305.73283111059816974
1200 319.64582222341823581
1300 310.94023899808479428
1400 300.98710759305043894
1500 293.27406531612786011
1600 308.60308328322554416
1700 301.44230965363544783
1800 301.03360391060550683
1900 307.9107064444522166
2000 313.40644774104447379
2100 307.79790379467920047
2200 312.510441172815149
2300 300.23227262787298741
2400 310.09931574433130663
2500 304.72061334714686609
2600 323.78343238855336494
2700 322.08771641081602866
2800 308.42057104880569796
2900 308.69242625439545691
3000 308.56446469110898079
3100 299.57745322920510489
3200 291.11559094282750948
3300 308.95307391399978769
3400 298.45948200113696203
3500 306.00773340439781123
3600 314.3923929800629935
3700 309.31238394738204533
3800 296.37766158971083996
3900 304.90034144690866924
4000 289.62177028635960596
4100 312.04244267561938386
4200 319.04376093011097737
4300 309.36827541644424855
4400 309.73595082136148449
4500 295.79885050188960349
4600 311.43431860152526269
4700 331.22656243333562998
4800 313.11329514747421854
4900 309.90403537421121882
5000 321.7516961303390417
5100 313.15006613090116616
5200 328.37011126514579473
5300 325.18850086617692341
5400 314.0626669298076763
5500 292.26433892083866795
5600 300.45236444420191901
5700 309.08046175307026715
5800 320.01040281495454565
5900 313.19425232347856536
6000 311.32425284596553183
6100 311.33973751786948014
6200 322.03236681927540985
6300 320.00049905852779375
6400 293.52609170495173885
6500 318.69319974672214357
6600 309.52341296543107774
6700 295.28698272717048212
6800 312.70856132655706006
6900 313.56953269843199905
7000 301.39236459634355469
7100 308.87911980660385325
7200 317.98732332470859774
7300 308.44830776873692457
7400 300.71020502236717675
7500 311.07627158819099122
7600 305.43774223980813076
7700 319.40414470832223515
7800 301.39617173077175494
7900 317.40286606934171232
8000 300.87220918089661836
8100 299.18293706416142186
8200 313.62193504586724657
8300 312.08657673380309916
8400 311.73337622928323754
8500 315.00827213975912855
8600 295.84764395875538412
8700 301.66092624519353649
8800 309.51833668213248529
8900 319.27453290021986732
9000 313.99021253386200669
9100 303.15217264874399916
9200 298.99552879415091411
9300 307.78495691043923443
9400 311.94901323519854941
9500 320.99191870989091058
9600 314.32751340555398656
9700 307.50697664899462325
9800 312.52077871608861415
9900 319.45242527104704777
10000 296.98610178783866331
10100 313.87881510120666917
10200 292.30522371561869477
10300 288.50379222137178203
10400 307.448089905973859
10500 322.95000281571009282
10600 304.56834065871845496
10700 306.03924068240360157
10800 308.00356408929707186
10900 333.3664735600469271
11000 316.27654160685062834
11100 299.66911037873921941
11200 310.24668130032119961
11300 313.9785270148478844
11400 316.02939168685350069
11500 322.61574754458661118
11600 326.79610815325719386
11700 301.79439381708539258
11800 305.46768400336605964
11900 304.33485324551463691
12000 299.68676745126970218
12100 325.44902639446826242
12200 309.80776999125157545
12300 298.15776130374143804
12400 307.17879710207381549
12500 310.06491032630702875
12600 314.22571263483865778
12700 313.31871562814490062
12800 313.99589803038060154
12900 315.4320401346992071
13000 316.7185428726364762
13100 313.19467778366896482
13200 325.3944838822057477
13300 293.74062835034078489
13400 306.82219409535065324
13500 308.37876930859101776
13600 312.04991848403767563
13700 310.64993896426187803
13800 307.52009457522405
13900 311.69960526062016015
14000 323.09542731870919852
14100 308.3704005043887264
14200 314.76174391950326026
14300 322.98379401833255997
14400 311.28281883341333014
14500 314.3032386300988037
14600 329.99347128255635653
14700 312.5183935764933949
14800 301.64717411415523429
14900 316.07228818587947217
15000 310.88500369841659676
15100 307.84840924339954427
15200 307.20398606693925103
15300 291.76022180194502198
15400 300.23679156549206937
15500 308.4754784725272998
15600 307.95923872756918627
15700 311.28281645372322828
15800 314.35517612021794776
15900 316.86796487018017388
16000 295.54972244287233707
16100 317.62584531038783098
16200 315.66330812636243763
16300 315.95227471912272676
16400 307.10677792168513633
16500 293.06930293201344284
16600 300.13263982119798357
16700 315.24176478330900864
16800 302.98382931117100725
16900 293.25057952217514412
17000 321.82919267688959053
17100 317.21723871598561573
17200 309.32425006231687803
17300 301.66830766385322704
17400 310.7905452533798325
17500 311.4704531826675975
17600 315.36284955580077849
17700 317.13605271063897817
17800 305.6246395687619497
17900 310.10795013439292234
18000 323.29923338967881818
18100 316.17900655116079633
18200 314.727277219535722
18300 302.82963840504191921
18400 309.28954205627155716
18500 313.87601568182139999
18600 297.81678775940832793
18700 312.02610904532008362
18800 330.92404901268389494
18900 300.84035682904999476
19000 299.5475910934576973
19100 326.13603032149552519
19200 308.49986368380405111
19300 304.1959716018723725
19400 302.05698739262106756
19500 312.10638247916330101
19600 320.31542462102504487
19700 288.23126019016626742
19800 318.77298204199894371
19900 313.61928629991911066
20000 305.06598946521916105
20100 293.89286774918377887
20200 312.17767348201687128
20300 319.0435642057374821
20400 328.45456485528251278
20500 307.74404844857571106
20600 313.87648359770588513
20700 316.57239780273386032
20800 315.15706576497444757
20900 306.11347651075823251
21000 292.11186818700548429
21100 316.19358811122060615
21200 311.39536578435826186
21300 299.36818802530672201
21400 305.2837931633122821
21500 308.82809715213556956
21600 311.32883468752612544
21700 318.02658347450551446
21800 302.04504658685851837
21900 302.82053788116047599
22000 299.63909092902355269
22100 298.75301273617219522
22200 306.09675177343478936
22300 320.88449238825722887
22400 306.27653995355632333
22500 310.29796928714375781
22600 312.15323758560413125
22700 321.16646613622202722
22800 315.90833069888952878
22900 321.39836820828281816
23000 327.16804499760422686
23100 308.88528319164225877
23200 301.45829063816233884
23300 306.75292981152693983
23400 304.59830617538500519
23500 315.23182260974670044
23600 329.46986029247671013
23700 302.30044779153030277
23800 306.63890168814475601
23900 321.74364158098211419
24000 324.57339024368167202
24100 311.87173811385315503
24200 308.04983501996275663
24300 304.49801944991469327
24400 325.08561926082262517
24500 322.63886860662569234
24600 315.21571227194630183
24700 320.55495996130730418
24800 303.91655418637236608
24900 315.13954865053813137
25000 317.98066567715005704
25100 320.26902319686894316
25200 309.02945142291542879
25300 297.74648527502824891
25400 316.5536040462385472
25500 334.31019843565252359
25600 316.60555829988311416
25700 314.50550760660689775
25800 305.43837396076952473
25900 306.29694152780979266
26000 325.17566553535726825
26100 314.48447253363349319
26200 301.05470785409659129
26300 318.40397309530567327
26400 311.48926981033542916
26500 314.73862033687572648
26600 311.10247846163366603
26700 323.83434138816807035
26800 293.7005905379885462
26900 322.71054175048448087
27000 325.73383401514877278
27100 296.79419251137841229
27200 311.36168408853041001
27300 300.25641799476437654
27400 333.0077965014074266
27500 299.75833273495771891
27600 312.01428095847290933
27700 310.0279165432418722
27800 315.64262646329564177
27900 320.56975504018618039
28000 306.56980278968080711
28100 314.54687625015031927
28200 309.35131232945639113
28300 301.75458771713397255
28400 316.44830078201943024
28500 319.18713438397418258
28600 319.22495227657566375
28700 302.31023138034316844
28800 328.17073093445452514
28900 325.67725900027244279
29000 320.2499487872599957
29100 317.77623312268048039
29200 319.7672780280107645
29300 296.0567195996803207
29400 302.0415331632062248
29500 303.41630913799644986
29600 298.89072307491204583
29700 320.45742605664230496
29800 320.28153565371570721
29900 308.75239332134395909
30000 325.48692347341903996
30100 309.21107173267120061
30200 295.60311445527207752
30300 303.82759576306443705
30400 317.38239090847912394
30500 322.34486651404591839
30600 321.00614962354615045
30700 308.67726876431572691
30800 310.67639791882623967
30900 302.76874496785825386
31000 313.79304107191114781
31100 316.69633096613654288
31200 302.3073581299295256
31300 309.91452526338264306
31400 310.6721147439797619
31500 320.46868825968442707
31600 322.54484239411465296
31700 313.83838390455025547
31800 291.73903455975448651
31900 312.50462403363081876
32000 312.1421656830603979
32100 303.07407395392743865
32200 304.63257175396415732
32300 313.48506020917312753
32400 308.28869834259830895
32500 297.28286996394371045
32600 322.40256387884710421
32700 315.95712568065221149
32800 314.80224074631610165
32900 301.46940716107633307
33000 327.9942910792859152
33100 324.85717986428380755
33200 317.34606765460785027
33300 304.06663654658507312
33400 318.81011166953032898
33500 313.34694981105059242
33600 308.52254852856992784
33700 313.03670956969659755
33800 318.23029653858134225
33900 308.73097017735074132
34000 335.26149647487898164
34100 306.94697636844142608
34200 301.17526480138150191
34300 314.44603870257350309
34400 310.13977341832895718
34500 323.72096573221585913
34600 323.994419565764872
34700 313.20960656088720953
34800 321.20958396366319221
34900 304.68190442468204537
35000 296.30500530673776893
35100 303.67456989363915909
35200 304.83600949587929563
35300 327.47564001378844978
35400 319.13752125597073928
35500 309.1204389208462544
35600 308.61517300266825714
35700 326.10251346778443349
35800 309.49040979908897953
35900 321.03124506405242755
36000 321.83956345797213316
36100 311.88834868668931222
36200 294.36741549404212037
36300 310.61773557277206237
36400 310.16596837359168148
36500 304.89591036527997403
36600 316.75813472038635155
36700 318.28587323139930731
36800 301.22394791455144514
36900 301.11802532936957277
37000 315.5521085499954097
37100 311.50892449154474662
37200 294.4747628002712645
37300 304.6589404642354566
37400 319.20404664928560123
37500 316.37397209051607661
37600 314.26913088610638169
37700 312.55047186501326451
37800 308.70813245042592143
37900 305.45027900220947004
38000 295.93534809438358479
38100 310.8161784626250892
38200 313.0106367595378174
38300 287.48446665448483373
38400 313.80090221566791797
38500 314.76412943702644043
38600 306.66743573418796132
38700 318.60164967451692064
38800 318.04977713251571458
38900 328.31643490848233569
39000 307.21938646934268036
39100 316.83146849461229522
39200 323.10033443874658587
39300 310.15923071166378122
39400 300.6820429105367225
39500 300.37130861750608801
39600 312.72757203217190636
39700 316.49555738035792274
39800 314.55830817996917403
39900 301.15084819526441606
40000 318.13054336186343107
40100 315.18139211957850421
40200 309.6590882077596234
40300 301.02909726887992292
40400 311.8701291341926094
40500 310.30451460473545922
40600 310.29239717275930843
40700 303.88453289717654116
40800 316.80312227950656734
40900 316.15530327293288337
41000 319.62838510721974217
41100 316.83908992618086131
41200 321.2785575656729975
41300 304.79793448378183029
41400 307.65310649111478369
41500 312.64214609368889342
41600 324.87699701874987568
41700 306.22465037015479083
41800 304.00646748119680751
41900 303.20526021258183391
42000 305.5129612634308387
42100 307.70819371454138036
42200 313.70419616210631375
42300 305.30669604994398014
42400 314.07398575044857125
42500 326.80492529959661852
42600 308.82434413874324264
42700 302.04301051817202506
42800 293.81689550857959148
42900 311.59516764990553384
43000 323.44662856549774688
43100 309.33048313586294853
43200 299.24606034825251299
43300 309.32231125431945884
43400 307.08173596800315863
43500 319.81089954290126798
43600 324.37041635772413883
43700 307.15603276013149525
43800 306.54091404328966064
43900 306.5727460006339129
44000 296.82101989837588008
44100 308.4342741445927345
44200 298.87716036640154016
44300 299.56685889051277627
44400 313.65113935988864569
44500 306.19676211675516697
44600 309.60226745349535804
44700 317.40841080012080511
44800 318.53360958940908176
44900 325.94520850639275977
45000 308.89162871382171716
45100 317.60937439694407658
45200 291.46811924258884119
45300 300.33017134686468808
45400 322.55140947578644273
45500 302.01617353656649811
45600 307.26068864303238115
45700 315.1285430027346024
45800 318.91405108581898276
45900 329.80513081178668244
46000 321.38413495880735127
46100 305.72859036966553958
46200 294.23443094927597485
46300 310.7017488796710154
46400 309.20751189784840562
46500 272.22342260472998987
46600 318.09242522203152248
46700 319.77163065887083349
46800 308.69570649653843475
46900 312.76859175888967002
47000 319.48152227411293325
47100 320.88938395192133157
47200 291.16318341300103612
47300 315.61373700549813748
47400 303.16583570995476293
47500 312.70913989077462247
47600 315.85238624555637443
47700 305.98505382452719914
47800 292.77768315119385534
47900 302.00195918033597309
48000 301.80555092524747351
48100 303.85229329491204453
48200 327.04192896568179094
48300 308.76249864052999783
48400 303.25758825567493204
48500 304.18185423787548416
48600 309.83629527850115437
48700 306.12822142748996157
48800 301.40516949830220028
48900 314.49630710095863151
49000 310.96175984710237117
49100 319.09075180417880802
49200 300.64003680779154593
49300 310.41598632022549964
49400 308.35982938583219948
49500 315.7721533078059224
49600 310.31991181529497226
49700 319.66168403543804288
49800 310.90947751543490085
49900 307.19927047713559887
50000 302.32545621971286209
50100 317.306735875820209
50200 312.46445798625455836
50300 315.88610417771252514
50400 296.33066275713139248
50500 304.86023426118589441
50600 308.0293685355441653
50700 335.32267324692770671
50800 310.80690083866289797
50900 292.48598965976606223
51000 308.17603598442246948
51100 313.12215387638457287
51200 319.64002898565996702
51300 300.08161315144093351
51400 308.77959042804968703
51500 305.6133544361915142
51600 301.43538464073316163
51700 305.17264763535263228
51800 300.6084570036989021
51900 325.89773180523707197
52000 321.33238374117883041
52100 311.11526835265954105
52200 300.02301905817745364
52300 305.40287236664380544
52400 332.21071212076884649
52500 309.1003794202009658
52600 298.80156274948546979
52700 325.27603015847194001
52800 313.18619742089106239
52900 300.19848647213763115
53000 294.3317471259457534
53100 300.19894905597971047
53200 311.72005297860914652
53300 305.78450629168401065
53400 301.74147859489761458
53500 310.10607335729247325
53600 322.82357521755790231
53700 315.6244603304629095
53800 293.19926463256575744
53900 337.068719265569257
54000 319.20730165108278698
54100 305.98714614231477071
54200 289.85561157487614992
54300 309.40973988845803433
54400 314.38388245645796815
54500 306.52720048354046867
54600 319.93523674442644733
54700 299.40020009699941284
54800 302.60254420494879923
54900 300.58715686252463684
55000 306.68850302837131494
55100 304.90995368249980402
55200 298.47439910535388208
55300 309.29223736731825056
55400 300.86884491976809386
55500 308.69004725717434212
55600 296.04095537582634279
55700 311.43892931932509782
55800 313.28113432998645749
55900 312.19164817001143319
56000 301.33640318209546649
56100 300.97227508942671648
56200 296.65796047527908286
56300 310.87823146510004335
56400 309.84549847117853005
56500 304.79905824643873302
56600 316.9644761516930771
56700 309.60144127631167521
56800 308.09660946948844185
56900 309.63495206943872518
57000 304.27394036570024127
57100 315.03219324872856077
57200 311.04071655531765828
57300 309.4557169041496536
57400 309.94803132346783059
57500 291.54614757759588883
57600 307.92575732047339443
57700 315.2155960188691779
57800 311.79233193302195559
57900 318.05457604153514239
58000 299.674583859954339
58100 311.57169272425090867
58200 313.34835911720335844
58300 305.43928924687219251
58400 302.91455906980684176
58500 306.16359434328461475
58600 331.36580837772402219
58700 314.85565181306043314
58800 307.3968114816606203
58900 308.43453663179622026
59000 331.40171699398217697
59100 314.24375561819454106
59200 312.38476012760366984
59300 323.10676355370048896
59400 322.07527014731010695
59500 310.08947112034468319
59600 316.28880741297138002
59700 301.08275450136102336
59800 310.24893944191711626
59900 290.96238475461768758
60000 314.63397559285499483
60100 314.87011977135477991
60200 293.4043980491156276
60300 306.5959458107553246
60400 315.50246614620516539
60500 306.87518651500636224
60600 316.2570622844904733
60700 321.17813573010039363
60800 307.07258544442601078
60900 297.05679813479770246
61000 318.64222460585011731
61100 299.37520148323739022
61200 311.51507819952547607
61300 314.78278495942930704
61400 292.37800922066503517
61500 313.22760355746748928
61600 313.18887334260659827
61700 303.15698836797088234
61800 302.55676490124409383
61900 312.04878150550428018
62000 307.1601135916391172
62100 302.95145676801280388
62200 302.77478165419262268
62300 309.57440527357772453
62400 308.92013976596803104
62500 314.44221234753990757
62600 308.30055054236908063
62700 304.77961108241316879
62800 315.04627816772551796
62900 300.53759639954290606
63000 301.5496978485695081
63100 316.03807354171391353
63200 320.70480086097603589
63300 313.14462658477725654
63400 308.04910698581784345
63500 309.43112370582105086
63600 306.42640351342561189
63700 301.00672411397874839
63800 313.61245909420574662
63900 299.07421436283794947
64000 308.7916341117642105
64100 319.02817856170395316
64200 296.61563214861104143
64300 296.65394738286443044
64400 317.79151657014000421
64500 320.40572728678966996
64600 310.3142394889725324
64700 299.53750368537004078
64800 306.4908966784728932
64900 314.84026882295148653
65000 301.98232835126430018
65100 312.39245568731791991
65200 310.89268860534895111
65300 310.30580113980101942
65400 311.89342944799824409
65500 311.32092905580913111
65600 299.97817996683096453
65700 318.46059008450004058
65800 327.09852219229316006
65900 313.84197937455797955
66000 305.67710570460712916
66100 319.31575308715849815
66200 320.95767005992598797
66300 309.37767171913031916
66400 308.25413810466869791
66500 308.80442799205849269
66600 300.96920806889721689
66700 320.03358499739101717
66800 309.60041808245182438
66900 305.4023472886426589
67000 308.93065873612800942
67100 307.85724958496751924
67200 316.31449145582291749
67300 312.89415485138493978
67400 329.92552586479058618
67500 305.03264672719632244
67600 306.36162701082923832
67700 303.14409922090220562
67800 303.45644407892052641
67900 319.96283003694117042
68000 326.47567087734898905
68100 319.85036558115081107
68200 316.79486482242668899
68300 330.34901737504702623
68400 294.63090320611394191
68500 300.2342252408405443
68600 321.26962989996872011
68700 327.37002866257540745
68800 307.93195966758923987
68900 304.98747610275131592
69000 319.9270961167763403
69100 314.12212829506438538
69200 299.60928239258066696
69300 304.21978566962366131
69400 314.4774220938408007
69500 325.75761182042049313
69600 301.9872729881880673
69700 309.32019591824507643
69800 316.29977722183201649
69900 318.0547566275898248
70000 310.65992641755877912
70100 306.55660589885013678
70200 308.4465806726128676
70300 312.9193456182947557
70400 315.78648272274961073
70500 297.84566101400173466
70600 307.99959090198831291
70700 313.85250984247784345
70800 321.99957062162764032
70900 319.93373382679709493
71000 302.93225167526793484
71100 306.99057752489483164
71200 295.07736804632963867
71300 308.72668696403064814
71400 316.9212938977751719
71500 303.22772351049752615
71600 308.36599901544792601
71700 298.64471531085655442
71800 309.29904275426395088
71900 318.12787107454522584
72000 306.76984590439326439
72100 316.72140162629312954
72200 315.99311303845070142
72300 310.89532977934271685
72400 323.0249329587316538
72500 303.97170023814476281
72600 306.48869338641844706
72700 318.45718085718556267
72800 304.41043206057946691
72900 330.31113277819349605
73000 309.14065410280210244
73100 324.82101449569165652
73200 305.11339427875054753
73300 305.54513500653860092
73400 323.45213065656281515
73500 317.26984166173184576
73600 299.73280069211978116
73700 311.73947295804481428
73800 301.7578470333140217
73900 296.99803357424781325
74000 309.81000260690012738
74100 325.66640064353731532
74200 315.90805471853934705
74300 314.78455876027931026
74400 327.65160282680102455
74500 310.34001908781624479
74600 298.10887019286622035
74700 305.12859054818170534
74800 292.99249216421776509
74900 311.19928837876625494
75000 296.39171654173128445
75100 306.62046763267790084
75200 324.2184913773796211
75300 311.52515884685948322
75400 309.3085039262877558
75500 299.44812918488429432
75600 312.78319595541927356
75700 321.41164615036024088
75800 316.969847904672406
75900 305.04576952572193704
76000 319.08953163904340045
76100 310.05262438416048099
76200 304.73997095626231157
76300 299.81777537678743784
76400 293.27548538925424282
76500 296.17044221493273426
76600 321.45397655054506458
76700 310.67045058487650522
76800 303.2289800329089644
76900 310.74516532830955384
77000 316.50845518736355189
77100 316.08602070109503757
77200 311.88050337549060487
77300 320.63396614505745674
77400 316.64936765537419205
77500 328.79669281385349677
77600 318.20444501178275232
77700 311.78604837717642795
77800 307.44768203016366215
77900 309.44219797014255846
78000 296.17107451335789392
78100 324.75857721977439496
78200 325.76055302715826656
78300 310.75686640922089055
78400 307.45289476427666386
78500 298.31408332831830421
78600 312.00941002054383944
78700 299.68225167831377576
78800 295.20661178988035545
78900 319.1046570633658348
79000 325.0753534726022167
79100 304.12218242594855155
79200 314.38588460012817904
79300 297.51443931272842747
79400 313.35044389426172984
79500 309.93457548529488577
79600 319.55325699211186929
79700 302.06667093723280004
79800 320.32625326335647742
79900 312.3779108933781572
80000 301.89131513490553971
80100 311.97122371439166955
80200 307.88601595630353813
80300 309.61610856829452132
80400 308.40625614779281705
80500 315.11756710640332813
80600 298.7275844895211776
80700 303.514307832308873
80800 330.20888500164124935
80900 317.90811188481552563
81000 319.30457178816737951
81100 312.25887129652073781
81200 301.88831764929039991
81300 302.89109758583765597
81400 322.32110798099705562
81500 324.77193852138788088
81600 296.06959250742460199
81700 312.03594369284923005
81800 321.58059561844078189
81900 289.48586460975559476
82000 317.65555061149893845
82100 314.73791328920214028
82200 307.13019957776765523
82300 311.37264664453812202
82400 310.07281231848673997
82500 301.64854397975346956
82600 300.01967692881095218
82700 310.6895727084634018
82800 299.17667837303554279
82900 303.76695709083458041
83000 291.35586825145003331
83100 308.31941259938145095
83200 305.50300650524781076
83300 311.85616121699706582
83400 314.69030681899516821
83500 320.79089041418916395
83600 317.44486865823660082
83700 307.61452497889746382
83800 318.95217286961866421
83900 314.86610874022852613
84000 299.01024151684947583
84100 298.58027237434009749
84200 306.93549458430675259
84300 326.05148686354579013
84400 327.12707315167057232
84500 322.24780514007255761
84600 307.29559787785109393
84700 310.71024464223609129
84800 323.21370994887377037
84900 324.2019520812114024
85000 324.55437464400864656
85100 314.40437205697242007
85200 321.28355210765465699
85300 300.32601347419648619
85400 312.5006794579265943
85500 313.35580480672791737
85600 310.5575672150837363
85700 308.25794030619277919
85800 305.77155996480041722
85900 326.27735702952463726
86000 307.54885163237281631
86100 299.82377466253893772
86200 298.96745416743101487
86300 310.93743086294608702
86400 319.31845042486799002
86500 305.06865394077522069
86600 317.68560834414887495
86700 308.73794538449050151
86800 310.99794038465262247
86900 312.69184320826821022
87000 300.38242857344368986
87100 306.29092725752786919
87200 305.45956918058124074
87300 308.98376539983547673
87400 322.95711140755145152
87500 311.32251925262505665
87600 311.29207931574103441
87700 319.114553817833837
87800 318.46737794556202061
87900 323.51265348685979006
88000 321.64339370657859263
88100 310.80832078052765155
88200 320.50432943608234382
88300 315.85683630329089056
88400 308.52302860352818925
88500 317.80950172894534944
88600 312.55903668056930655
88700 311.69498052712316394
88800 303.71742474256745936
88900 319.44781258276759672
89000 326.90009524453222411
89100 305.90054732972470219
89200 309.53300965101709608
89300 296.77763834437621426
89400 305.06681097506032074
89500 313.03019105090760377
89600 317.81628399513778049
89700 322.79507553601428071
89800 307.32340690656360493
89900 309.73057435641584334
90000 314.54519792961474423
90100 296.44083064957277429
90200 304.66890479244278822
90300 307.51943985845213092
90400 308.39633423135575185
90500 301.7483432866728208
90600 313.63065401732592363
90700 309.36505127536133841
90800 314.73934705898585662
90900 328.28501696375371921
91000 306.61945986393055819
91100 310.94611255905482494
91200 306.31002643718545642
91300 321.16290898857653247
91400 323.92404139629019255
91500 322.34413061744254492
91600 308.25371620349210389
91700 294.66567372828973248
91800 304.12938671254346445
91900 304.16882588913625796
92000 303.09721973530031391
92100 298.45615663580366572
92200 292.01416021662731737
92300 313.19111532934027764
92400 310.03278151143229024
92500 308.54508393146841172
92600 299.88084106966988429
92700 316.08961000334096525
92800 307.63129809229207012
92900 294.89643061698780002
93000 308.95990769068538384
93100 316.57306334053026831
93200 301.71019667042463652
93300 296.17843627198965351
93400 309.47656107546936255
93500 297.32613670756688862
93600 294.29708488063539562
93700 306.83344034009110146
93800 305.61174139091383495
93900 314.54201983579918078
94000 314.70072496493423841
94100 293.59078498164734583
94200 311.11855184321876777
94300 304.27696310581978878
94400 312.99263674662864787
94500 299.35075576032159006
94600 299.12973414951125051
94700 312.84119192235061746
94800 316.23321294449323204
94900 303.68549076864655945
95000 303.60962470328468044
95100 304.82545341569880293
95200 299.93747493453122388
95300 304.59089454563797972
95400 315.87201021822181701
95500 278.67300080170872434
95600 309.16567708285941762
95700 297.62115451092938656
95800 306.41317845599093062
95900 312.09815066435942299
96000 311.76103348431496443
96100 322.87618899248252546
96200 293.38339543692103462
96300 301.51230026254950189
96400 323.1000232923000226
96500 324.89936055631471845
96600 311.66375812119662214
96700 302.72430022919508019
96800 303.05892797994124521
96900 314.74945586738164138
97000 311.40641094520111665
97100 312.14266590782301591
97200 310.58555929817242713
97300 311.81017295110387977
97400 302.61490955199838027
97500 309.90979204168422712
97600 300.2733758905218906
97700 285.14828667450149169
97800 315.39465727451369048
97900 313.27054273183267696
98000 307.78581236950549282
98100 328.91411107936966118
98200 311.14043129075747629
98300 306.73977236532653023
98400 300.64820467486958933
98500 311.25146024812079304
98600 318.54838335346983058
98700 308.88787381671079402
98800 330.11218008209249319
98900 314.31500523368993072
99000 306.52678367855827446
99100 302.15216839159779738
99200 309.33693734890425731
99300 319.26558497810111703
99400 332.26524624703517929
99500 327.04883782584846585
99600 306.61203393534481165
99700 304.25051506802930135
99800 350.18101208339987807
99900 289.17976293874784233
100000 302.49141095408731417
