# Fix print output for fix printTemp
0 309.99999999999994316
100 321.52811570675464736
200 303.60403587611824605
300 321.10273259060079454
400 308.06173095900197723
500 305.85100919496113647
600 316.22976634018493769
700 300.84279319279590936
800 308.70840828993647165
900 305.81887188643452191
1000 321.62554494361398838
1100 309.27173762558379622
1200 305.8416124086879222
1300 306.03015751693016
1400 320.84510468308110376
1500 309.00773820497033739
1600 321.2028440006588994
1700 296.87838723385624462
1800 294.14326380476808254
1900 311.21495430201406407
2000 292.60349232469906156
2100 301.89088937496114795
2200 316.65091036225817334
2300 314.13768841376526098
2400 312.79476905115313912
2500 312.92861251377746612
2600 312.95415058932991315
2700 307.78201004699138821
2800 307.97830389392731831
2900 299.94923663679423953
3000 318.93695060071115677
3100 305.3193242748341163
3200 305.44734744305901586
3300 316.26659409511478316
3400 315.65569087017536276
3500 313.61628409090752712
3600 316.20741697278612037
3700 304.69430386250132869
3800 312.7677525284600506
3900 302.11110143989861854
4000 316.7826111909565725
4100 318.79097941662826088
4200 303.30010504780454994
4300 313.98008996658666092
4400 336.66676135740272002
4500 302.12764800417926381
4600 305.03066742349369633
4700 303.12795905895615078
4800 299.78472924472157501
4900 309.89851468843357907
5000 325.72434678142309394
5100 316.66310396322955967
5200 315.09196234655979652
5300 323.41280545068991614
5400 312.7549566036957458
5500 299.7866092829375475
5600 307.39115574549174426
5700 331.10215269426953455
5800 303.7419284926616001
5900 291.24608583020329888
6000 304.76113151195795581
6100 318.29517868099770794
6200 317.88219491667598504
6300 305.8365517340093902
6400 310.09290408143579043
6500 323.45335726092997675
6600 330.58668547776261448
6700 304.91524297974598312
6800 308.11514983774515031
6900 319.30338584890768061
7000 299.25205413317513603
7100 298.49377050152764923
7200 306.7151709120306009
7300 305.63058564629778857
7400 315.99727729146860611
7500 332.6244306190733937
7600 299.05801492056502866
7700 291.19948997743654218
7800 314.2721758451160099
7900 310.97540371586046604
8000 298.98901337998893268
8100 300.98230009932893836
8200 309.60592764566030155
8300 305.45308979907207458
8400 314.27356369670332015
8500 306.98548154129093746
8600 308.03923635170565376
8700 312.6563417113747505
8800 311.96063192083994409
8900 314.11705464948505551
9000 304.24757228488175542
9100 309.58070990123843558
9200 321.90433517937077568
9300 312.55587230958548162
9400 295.75486967964275209
9500 306.81307696161519516
9600 328.91177156885441946
9700 333.11794170083004474
9800 306.84927728472098352
9900 309.52026485010583201
10000 321.63268552663680566
10100 305.01799309403054394
10200 320.00690507038041233
10300 309.42151835152009198
10400 293.08009676132661525
10500 307.24765424491431531
10600 296.97601048672703428
10700 306.07879813038886141
10800 304.1176633407409895
10900 308.71702102090216613
11000 319.133136002288893
11100 317.94780614950843756
11200 311.52525648355901922
11300 298.62689402991122734
11400 290.59874168532905969
11500 311.15773120749514646
11600 312.69278695507972543
11700 328.91802740717162123
11800 304.92072401350594646
11900 312.77921175941850152
12000 317.27284360439688271
12100 305.97213318402600635
12200 294.95170151451924312
12300 307.46465704146606868
12400 306.92612392600204885
12500 321.26183812215845137
12600 316.3274070005824683
12700 295.97710552629285985
12800 310.82255971235468905
12900 310.348253830434885
13000 307.74880320612635387
13100 293.08168615197826057
13200 305.95360074527991401
13300 311.01945881735690591
13400 307.86166260691527441
13500 304.16246849951841114
13600 291.57644199137956775
13700 308.45357804349498565
13800 310.86227840880525264
13900 298.38155925594656992
14000 313.99165605091229736
14100 313.76213000226624672
14200 313.5574450526960959
14300 301.18023316268084955
14400 300.74749644160738171
14500 309.39288552356219952
14600 309.74673996573687873
14700 331.83674154803617284
14800 312.90223769165743306
14900 311.38637427056204388
15000 337.24526156443408809
15100 308.97001965781112176
15200 316.12121774224272031
15300 312.99612188599775209
15400 329.22821306211159254
15500 299.31828772690312235
15600 314.73912196698665866
15700 299.37379909871259542
15800 312.6220711604531175
15900 325.51748248925974849
16000 311.3880635265055048
16100 297.35401395963640425
16200 307.56621498732647524
16300 309.83456248768129626
16400 306.98195736854268034
16500 321.05700418257163165
16600 326.0423026441308707
16700 303.80550972679083088
16800 305.16280415404941095
16900 313.35883086822406085
17000 312.95672007807166892
17100 313.10279786721235951
17200 309.91773157616876233
17300 304.81990269643239344
17400 304.67712215325497027
17500 295.52578086988205541
17600 302.98327391714667556
17700 308.54136510017957562
17800 316.13480887139678543
17900 327.96125671516426792
18000 303.59998209103230238
18100 295.15920322021980837
18200 309.27895389929267367
18300 309.00340987001732174
18400 322.72015375299048401
18500 320.56527294092211378
18600 312.03163240838910042
18700 321.04699354563854286
18800 325.59155168256347679
18900 310.61234262473720946
19000 321.12302243391332013
19100 289.05439649752310061
19200 309.27079274047758872
19300 318.93501800038916372
19400 319.04362642869489264
19500 322.39413006720928934
19600 309.9660072309543466
19700 306.92440615840928331
19800 319.48587164448531439
19900 294.27291480729729756
20000 301.04016278148696983
20100 306.54011052612833055
20200 331.47904264407651453
20300 329.12566230237655418
20400 310.7919217309730584
20500 303.10608312483907412
20600 305.80193286522415974
20700 309.446828567163152
20800 305.58844591641064881
20900 313.05225905219288052
21000 323.95566555148792531
21100 315.42462875296484981
21200 312.57278506796109241
21300 303.94880441728696496
21400 303.25733683106562921
21500 328.08079112912429309
21600 303.96495535469847482
21700 312.44993654416805384
21800 320.83688397191986041
21900 322.48545092025301528
22000 333.80992588713507985
22100 318.86911769593729105
22200 312.49379496884790797
22300 329.5722723775711529
22400 310.92316914840392883
22500 309.49925562548219204
22600 306.60227472184868702
22700 306.74826660572210812
22800 322.81296806771450747
22900 319.73554365632088547
23000 288.82317838620792827
23100 302.81509059332660172
23200 304.53954685490032261
23300 309.54295026062072793
23400 300.89952148109540531
23500 297.82214723212013041
23600 309.34074445799922159
23700 309.64614841090769914
23800 306.74859898563801153
23900 314.70781187251066058
24000 326.7671600083129988
24100 321.18832372494102856
24200 298.48708238248224234
24300 305.99139885554325247
24400 297.87928812762504549
24500 309.41084504619908557
24600 318.30288047309932153
24700 311.91888800404274207
24800 306.91113244152984407
24900 315.33655967048269986
25000 324.23248745894733247
25100 313.4476679408921882
25200 306.64694989243383816
25300 313.66842043589150535
25400 323.87888901101814554
25500 314.97454767911943918
25600 300.70381619734979495
25700 304.21972171017847586
25800 315.57622613429259673
25900 318.62586371230844406
26000 297.04888662664569665
26100 309.09958010468653811
26200 316.27696974352340931
26300 299.97118101662931622
26400 306.40280128222900657
26500 304.48134767818442015
26600 315.90858848882362508
26700 307.64809377292925774
26800 311.07680017750436718
26900 321.97060791514275024
27000 330.44406280574713719
27100 298.8654309814556882
27200 298.32308617795263217
27300 317.94560799965393016
27400 313.1993686062627944
27500 305.8369657035484579
27600 306.4520857276511947
27700 302.5083290431987848
27800 319.82064251589338255
27900 317.82142270457347877
28000 300.19871262628623754
28100 299.71902124577638915
28200 315.72470206069976939
28300 311.51673377593152736
28400 324.96224356555347867
28500 306.43243372154842064
28600 303.40018942940747593
28700 307.13227696835264169
28800 305.74863493634285305
28900 315.62403715493701384
29000 315.54197415842901364
29100 299.53367313258422655
29200 304.22472690152903851
29300 320.99631652441985352
29400 314.94594329852623105
29500 298.78681316943931279
29600 311.84011496000022134
29700 306.20493924783784223
29800 301.69260885434840702
29900 283.50594096780685049
30000 304.60511220232672258
30100 297.01944314688529403
30200 296.95165757389833061
30300 309.69227151201442894
30400 325.5870373360718304
30500 308.99329063448766419
30600 309.78631497891291247
30700 308.53714730264414356
30800 321.72243650186004515
30900 323.50199738967938856
31000 311.46175282139142837
31100 314.70567373451649473
31200 307.08055970132568291
31300 301.92086283918359868
31400 316.50503561205431424
31500 313.36933468391657698
31600 314.81094265378737873
31700 309.90513938365415925
31800 323.15785288421955102
31900 312.4485892768354347
32000 314.05624920640559594
32100 317.32285944379418652
32200 304.7216500229666849
32300 312.1053118700054938
32400 321.01437761276469018
32500 321.57263910778647187
32600 306.6040688691498417
32700 289.55594329012859589
32800 313.38440154887257449
32900 319.30773726611812435
33000 296.8047072454646127
33100 304.47091821826825253
33200 304.77813157829461943
33300 316.09006694927302306
33400 315.76529835364607379
33500 303.33818214829040016
33600 317.75431309702901217
33700 292.45690458981448501
33800 305.15395752117791517
33900 306.32670952499881878
34000 311.03342460102362566
34100 317.95860880940290372
34200 306.85363493980673866
34300 294.44226657877317166
34400 303.90947754249162926
34500 292.56734887816247692
34600 317.087837634371283
34700 313.71857712507818405
34800 300.2751997693735575
34900 328.18768491108465923
35000 318.09433622768602845
35100 307.82145226188208653
35200 314.72850434968540867
35300 328.26514993130996345
35400 308.80537150998088691
35500 303.64982888429898367
35600 302.37940299756974127
35700 315.74948500065914914
35800 287.93246844653759808
35900 299.79854509328299628
36000 313.17825814372218929
36100 289.65371665540010326
36200 305.8236116084680134
36300 316.83797431021019975
36400 315.54698469177088782
36500 315.7181561784663586
36600 310.83167610501948275
36700 309.57841664342140575
36800 302.41902662995335049
36900 329.15542000143784662
37000 325.7288269483887575
37100 310.83837981078511348
37200 321.81847508217248333
37300 324.7305777638717359
37400 307.52182873386828987
37500 309.41191275386654524
37600 322.17414732695448265
37700 301.04977555834364011
37800 314.14517128168819227
37900 296.32105813895856272
38000 308.07670749958265333
38100 330.6342223594360803
38200 320.23916491992491729
38300 297.2527813644841217
38400 300.15480938367562658
38500 309.71847141507578272
38600 323.39689453382430884
38700 317.44868967577747298
38800 312.93668402959775676
38900 315.39434670794094018
39000 304.15193111538178528
39100 318.33265465550908857
39200 319.20069876913044027
39300 330.2918362109715531
39400 312.25063926506317102
39500 308.22686874598969098
39600 309.56000570269304717
39700 309.9868986185596782
39800 302.44608556524849519
39900 302.03476417214670846
40000 315.84634757591010157
40100 305.61667607702349869
40200 328.48962610506453075
40300 307.89716260080587062
40400 311.14281692766451215
40500 290.75800937686494763
40600 299.92066716581001629
40700 313.64413468441546229
40800 311.80983549533772248
40900 304.35486618702032047
41000 313.14698515843571158
41100 326.24315643442616874
41200 328.27409782793495197
41300 308.21945660491945773
41400 303.85802503587774481
41500 310.7778111160298522
41600 307.79362319319170638
41700 327.58598163015176397
41800 310.20564279012899078
41900 311.31414820397594667
42000 315.42727997829479136
42100 304.56158907984240614
42200 303.89698818647178769
42300 299.76210634476967698
42400 316.96066583581261966
42500 312.88704099957107019
42600 316.80602096054821004
42700 296.31755153650317425
42800 313.70778758441269929
42900 308.47942287330846511
43000 301.53449855258924117
43100 306.10981540942628953
43200 304.75787705389137727
43300 313.2967132727524131
43400 310.3629807029760741
43500 320.26968823549066201
43600 318.02846603093200883
43700 318.51799565154385618
43800 311.07761675246331379
43900 317.15052201261136133
44000 302.58549019796129187
44100 306.83841034459635466
44200 297.47853059811342291
44300 313.6539535853736993
44400 312.70514460582006677
44500 322.50334020579708749
44600 312.82523725504051981
44700 321.42008742178143166
44800 310.51137313449623889
44900 294.66521047398015298
45000 304.14804381276036338
45100 315.94626061359156211
45200 304.5936108850924029
45300 313.7347708505694186
45400 302.22534463210479316
45500 302.41162243792513209
45600 305.62889511338551074
45700 316.62010940563703798
45800 319.04156512246999
45900 314.88213041979099671
46000 305.72025428973466887
46100 316.64351997100601466
46200 311.00379318144200624
46300 301.26286889630335963
46400 298.80837793283603787
46500 318.07519088307788024
46600 315.79407413312475228
46700 308.01771794495164158
46800 311.90938257608706863
46900 307.84755162038021581
47000 302.44118222972213061
47100 309.81506314626449239
47200 314.14605833591031114
47300 293.53493719445060606
47400 311.69773680560524554
47500 313.07028038469388775
47600 320.03603774329303633
47700 321.84840391699333395
47800 297.55657955426858052
47900 317.13006404358145573
48000 325.83553638439190081
48100 323.77193717592854227
48200 300.37123643856074295
48300 310.83428950197401264
48400 301.41471633342530367
48500 314.05187603513627437
48600 325.27585061162920965
48700 312.7525332317613902
48800 323.17141286325619376
48900 325.2393407397458418
49000 312.32091101374851405
49100 309.69973170936884799
49200 310.07800390777811117
49300 315.97615913367968687
49400 320.99889674180315069
49500 296.90179144737396655
49600 314.22164261698810606
49700 307.57330250701710384
49800 310.1941002155272713
49900 310.66908289097824536
50000 314.42638767522811349
50100 322.31403291020643564
50200 317.71652314242260218
50300 319.23930934637297696
50400 309.22260816510026871
50500 298.66328834187959274
50600 301.49794626971259959
50700 288.29173880324583479
50800 305.42352073297547577
50900 316.89944953900368319
51000 314.7258130587296705
51100 305.59580976151784171
51200 299.66601234997426673
51300 305.06514301244607168
51400 291.21742183497497081
51500 293.95453098515258716
51600 310.69079978225687455
51700 304.84996899839075013
51800 313.8075536635179219
51900 308.99106065928793896
52000 305.5369114128129695
52100 322.40707572803103176
52200 309.0025706243476975
52300 297.81647013457217099
52400 314.61078135407365153
52500 313.95919998102289128
52600 321.07156210345698355
52700 313.64428276801476159
52800 320.82075583353270076
52900 316.49623062894858094
53000 288.33474129013507081
53100 305.27943278885334166
53200 314.08762894640108243
53300 306.30905478252225294
53400 312.70140807806961902
53500 305.91593659946812522
53600 308.28657933346698883
53700 318.59131149462291432
53800 313.99770331039820803
53900 305.75694972281047512
54000 320.16990513274424757
54100 322.68438860072978969
54200 322.01941344527068622
54300 307.32330215779671789
54400 306.42158928768634496
54500 294.06869934153394297
54600 311.63216993614730654
54700 320.5667955519599559
54800 311.09893001157212211
54900 309.26487167548714297
55000 298.12910448881302727
55100 302.22650452891292616
55200 310.36086257962506352
55300 309.51198834778108449
55400 316.84368508797336972
55500 302.9691510086239532
55600 300.20741693116269744
55700 333.86810660788046334
55800 311.60030903182331485
55900 299.7506977291199064
56000 304.5898839212664484
56100 318.28185952978094519
56200 307.47021967543889787
56300 297.70405961220581048
56400 298.91019736319719868
56500 297.91383221080218391
56600 310.53767709537953579
56700 293.18095383336611803
56800 293.5588001666755531
56900 308.18901749386486699
57000 296.74656739164328201
57100 296.4548760719764573
57200 320.23582869397546347
57300 296.75135672966388256
57400 303.43816539713924385
57500 325.88275028469990957
57600 314.02938522403957222
57700 307.86480305507433286
57800 291.95022184473901916
57900 338.32420875119913717
58000 315.42457489003595583
58100 310.61163328867331757
58200 316.65511200102412204
58300 315.26605636091221641
58400 301.4015969340351262
58500 305.63643996655463297
58600 309.53630491389850476
58700 314.79195297381500041
58800 320.51590619884206035
58900 324.41854450313837788
59000 315.54957874777807092
59100 311.97417349011834631
59200 313.804140353904927
59300 310.33649472689540971
59400 306.63786309236417083
59500 300.03657483185952515
59600 305.27442128447194136
59700 308.60652821590190342
59800 309.8276053861908963
59900 310.74624733654025022
60000 313.01378377479812798
60100 312.41981452596320423
60200 309.60798710689539348
60300 307.1136202772296997
60400 303.8675631185265047
60500 314.08701389398368065
60600 313.87320648973889092
60700 305.94706943097116891
60800 298.65557962056851693
60900 299.60614730520603644
61000 318.3306846799192158
61100 315.27531033243587899
61200 321.69056405431820167
61300 312.45330962244707962
61400 310.41067444021109623
61500 321.32901807929567894
61600 307.91405500787749361
61700 326.54302421313974492
61800 323.91658969480164387
61900 322.41650531675907132
62000 316.96877723487455114
62100 311.33118143184617566
62200 310.75972968503322136
62300 310.21498781952129775
62400 309.94016471807071866
62500 308.41432341195968547
62600 326.08512392307113714
62700 320.54805279779765215
62800 308.0713688753909878
62900 296.52587066704865038
63000 332.75028511782511487
63100 320.62445154170183059
63200 304.25560754021256571
63300 321.36735868882601608
63400 307.96434547088091449
63500 313.51578317147465214
63600 295.93828776081056731
63700 309.33147088375642397
63800 315.12040074575730841
63900 289.32485737561790984
64000 316.21511815765956044
64100 330.96313678840238026
64200 307.69530418464114518
64300 300.83716774048770048
64400 298.8437988269691914
64500 305.90286915872803775
64600 313.11681130198877554
64700 299.4487962368896774
64800 292.97359244104933396
64900 306.71854854531898127
65000 294.01615455645753627
65100 297.44361635625415374
65200 311.25617190142247637
65300 317.39647594456863544
65400 314.84767531847626287
65500 316.7683036930602043
65600 308.34833117777696998
65700 324.02299999711954115
65800 302.63216996758347932
65900 318.40109221549727181
66000 306.14312063715198065
66100 311.05072390466460774
66200 317.96537514247563649
66300 311.51068394248517279
66400 296.85399017649694997
66500 313.33852875161835527
66600 311.63172522139944931
66700 301.41325625921621167
66800 298.64986866342798066
66900 315.48741046368422758
67000 321.83164108668120207
67100 291.8777219442116575
67200 305.79582780873602132
67300 311.80609503810626393
67400 292.23657863414422309
67500 303.71826813539644263
67600 312.62686506786189966
67700 311.62088023243671842
67800 296.34938765710489861
67900 310.78154413542097245
68000 313.90044884207731002
68100 304.82484259246814418
68200 309.451376662680957
68300 299.28757609640950932
68400 314.60668990270920631
68500 309.93042369161213401
68600 286.27547499391164365
68700 292.72781566243077123
68800 317.94541330118153155
68900 325.10384184550946429
69000 310.12337577289895307
69100 304.76986586072104046
69200 323.78160858720997339
69300 321.47961475532423492
69400 314.42502222793467581
69500 317.29679591405380279
69600 311.80104289511859861
69700 298.15597950585163289
69800 312.33680364734522072
69900 286.64830005458190954
70000 305.25584323308800094
70100 310.95434629432969587
70200 316.71451113631138696
70300 308.31707369200188396
70400 307.7526997076937505
70500 293.46811567891080585
70600 315.38829559177582951
70700 319.45781887458508663
70800 312.20179581481613695
70900 314.93913175350400024
71000 304.72554920422061286
71100 309.62838737118130439
71200 323.40561772212834057
71300 315.94006796948241345
71400 303.51826131068673931
71500 311.05767435422671952
71600 310.05244632897847623
71700 302.20601662827652945
71800 305.20968059301350195
71900 303.48608014562836388
72000 311.68791034510525151
72100 328.01205561170166902
72200 313.93745557188560724
72300 305.83646087281908876
72400 310.70134122745128025
72500 320.14231154653731437
72600 309.81078188376807248
72700 305.83826588066699514
72800 305.34209954176975543
72900 317.08488755665672443
73000 314.23521000014443416
73100 316.56378050069787378
73200 319.64878232319119888
73300 307.35641778396075097
73400 289.57024404890603364
73500 314.69891895809178095
73600 298.47802691766838734
73700 303.28106767135597011
73800 312.35468862617028662
73900 304.89189321082636752
74000 308.29265882789991338
74100 303.07779811136231274
74200 313.82635124476018973
74300 308.05441575337141558
74400 311.95045582562772779
74500 316.986271201615466
74600 295.80777999634841535
74700 308.56140619034306383
74800 329.22214105883313096
74900 309.94969901269450929
75000 308.5009286349679769
75100 298.46787215579433905
75200 325.1184607222357954
75300 322.25474745372889629
75400 311.69607400162072963
75500 306.91035349030647694
75600 310.86982487601295588
75700 305.14431046143789672
75800 300.80438325113829023
75900 300.79366027867126832
76000 310.99987862376968906
76100 317.34733124340976929
76200 304.46974842175217191
76300 300.90876827541831062
76400 295.70207556927289261
76500 312.67838348533496173
76600 322.42327645194421848
76700 316.256248159495442
76800 297.74493087556686532
76900 311.78091398455717353
77000 321.64001950142846908
77100 307.75132149472477749
77200 312.18427089861262402
77300 315.27363734333704315
77400 310.49571218535140815
77500 308.78377825767273634
77600 293.16226181886969471
77700 308.47535486355741341
77800 318.72806939039560348
77900 310.73935780245625438
78000 289.37983060156778947
78100 315.72918750528214105
78200 302.32235835098407506
78300 308.58013159188811869
78400 293.00769326264043002
78500 317.09568381959462613
78600 312.23518481547574766
78700 309.87265830021158308
78800 314.85371835662755302
78900 320.31868879897706393
79000 318.19748502748211649
79100 294.56515489195493274
79200 304.15447988098293308
79300 302.72122766043156616
79400 316.615839168419825
79500 295.76024507997067303
79600 297.73473125926267357
79700 311.06029593137765232
79800 306.98289836838125666
79900 294.53078379551971011
80000 305.86585304704982491
80100 314.37886898368287802
80200 306.06163854509736666
80300 291.41504332888115414
80400 319.21542505398514322
80500 310.82914876422296402
80600 310.03926437735850641
80700 303.0938375584449318
80800 304.64549515911949129
80900 308.36129802979144188
81000 322.84434524832528268
81100 313.07725222764634054
81200 303.29585614549824868
81300 327.79768841403625856
81400 311.6902735897087382
81500 290.21230953383258111
81600 316.6615690669285641
81700 324.20069903621867979
81800 325.8865620463748769
81900 321.09819552466979076
82000 311.71657300155237635
82100 305.71770933231482559
82200 294.1939916984436536
82300 312.56571441366872932
82400 311.98155548469918585
82500 311.17232864209461241
82600 320.40629931148674814
82700 322.10529862661417155
82800 313.52481154306906319
82900 300.89064697044369723
83000 295.66078045502308669
83100 311.51207833194683872
83200 322.78134063313353863
83300 293.10593616223781055
83400 302.79921602893813315
83500 319.50580703604350674
83600 317.77251264589261837
83700 297.64481766243568472
83800 311.30111233918785274
83900 300.85915568000433495
84000 282.7859120025585753
84100 319.83018657169668586
84200 327.39877133166208978
84300 319.2873284900121007
84400 300.42336581394874884
84500 308.35385015614627946
84600 324.69027785132419694
84700 302.88149757999866551
84800 303.46387097555970058
84900 310.01473077999332872
85000 313.50146210326050777
85100 324.07557042267569614
85200 298.64884821849506125
85300 312.59552335998165518
85400 317.22018197573174803
85500 300.62145515349254765
85600 310.42779988153210979
85700 316.99805522206128217
85800 326.95542304970103942
85900 319.92073479213831888
86000 314.33834001023484461
86100 310.78815366351523153
86200 305.82637136401319822
86300 309.44271809021944364
86400 315.28912521632310018
86500 310.66369324671074992
86600 317.28304288199450411
86700 301.29987001020816706
86800 298.4485695861574186
86900 302.92641694760357041
87000 314.76076971202121513
87100 318.08862334164246022
87200 298.15536957798502726
87300 311.47082136441758848
87400 309.96515767045048051
87500 299.64545509736183249
87600 315.26639807457104325
87700 304.17265195729532934
87800 323.0755835387475372
87900 320.96384891618635038
88000 302.01811406920370473
88100 305.71201954158124181
88200 302.99973919577200832
88300 313.07966644481268759
88400 329.77577698076913748
88500 311.327603269548149
88600 310.77262055485385872
88700 289.34087231908495141
88800 322.12327215198985186
88900 320.38388803102526481
89000 304.66459468674690925
89100 305.59152576595039363
89200 328.42478232725113685
89300 302.35770589090913063
89400 314.56983870936267067
89500 322.50822898323804111
89600 314.0208647393860133
89700 293.6542394448218829
89800 299.75868708404021845
89900 319.45318246318117872
90000 324.66751699994318869
90100 297.4565871572318656
90200 303.4294646375599882
90300 305.09931488313804948
90400 301.18827690864895885
90500 310.03897907238297194
90600 298.54815846604651597
90700 315.93551527707535342
90800 321.11611424256193459
90900 301.97771353664273875
91000 302.17796195899808254
91100 317.38434615104830527
91200 306.80800299311420076
91300 316.84218550583511842
91400 330.62527080260258572
91500 304.71033584971769415
91600 308.46992436354605616
91700 321.65518820766300223
91800 312.95848112149116105
91900 301.65674423806007098
92000 305.77133845830019254
92100 306.4925854595581427
92200 307.97399432896156668
92300 303.79432948461260366
92400 303.71020857444034391
92500 305.87260069744786506
92600 299.8414017331258492
92700 306.12280059367412832
92800 314.72951473607253092
92900 302.8955479187187052
93000 299.49991134498759493
93100 305.02688132568130186
93200 312.88966477339027961
93300 316.55710160530639996
93400 307.92610494494317663
93500 310.49976220041349961
93600 310.07990820458195458
93700 312.64692565699044735
93800 300.11920762694239784
93900 309.1935112186497463
94000 314.44793711835853856
94100 300.11852683367794725
94200 313.42636467409278112
94300 314.88006556137463576
94400 312.27162854029290884
94500 290.54955716164403157
94600 308.33879489317314437
94700 312.99746504297121419
94800 321.42583400512614844
94900 318.97283159387285423
95000 319.96922058169889169
95100 281.53594094117266877
95200 309.86780793092020758
95300 311.65576175810298309
95400 309.95162229077459415
95500 291.38509440350094337
95600 307.45882688268659422
95700 306.73468417629180749
95800 309.91290478854909907
95900 301.88984053065530588
96000 298.78921188155544542
96100 312.94234428187121466
96200 307.76523554113754244
96300 307.89155645047702592
96400 319.22891972318666376
96500 298.55399124659089694
96600 300.90541516765858887
96700 303.32393974246161861
96800 306.96133064758606679
96900 314.17092194603361577
97000 306.92794910719698009
97100 302.57835451962716888
97200 312.32944748997510942
97300 321.08818194362686427
97400 322.21909915399982083
97500 315.51917955670484162
97600 299.8892697656754649
97700 314.48521576962082236
97800 307.18075745768862816
97900 316.51358752281242914
98000 316.50560569188098725
98100 312.95061733339105103
98200 324.64566070176744006
98300 318.64015182869263754
98400 315.27930635778267288
98500 299.54568988822325082
98600 312.21494869792979898
98700 303.04113456068182586
98800 327.59213629119403777
98900 303.19293770284764378
99000 315.76302860235409753
99100 323.13431772424718247
99200 309.09225754223245985
99300 307.93904869819488113
99400 311.36462236324740616
99500 321.048657846153219
99600 311.77070183861422947
99700 306.42205327268567316
99800 311.71395136190659514
99900 314.9435605143538055
100000 309.16735395299883749
