# Fix print output for fix printTemp
0 309.99999999999994316
100 303.65694344930437865
200 307.99035120848458291
300 318.50841288933418127
400 297.02728844622066617
500 300.84719447201672438
600 311.55058973025154501
700 305.67979937893511533
800 315.07908766123745181
900 318.05286659503661895
1000 304.36235859445463348
1100 306.64941865946275357
1200 304.839972644240504
1300 309.4456415636618658
1400 312.46502371515748564
1500 299.38729932520544708
1600 289.95818364397734967
1700 313.32692649847939492
1800 320.45971489044489999
1900 339.21217235487961261
2000 318.73997374019393192
2100 297.77903701687847615
2200 299.32749947912429889
2300 304.0189145169827043
2400 311.73777353008620139
2500 302.44428911977234975
2600 297.14433782622899116
2700 304.63328034874655259
2800 312.36144912480716584
2900 329.84903052416990477
3000 299.46612239715443593
3100 308.27457063808259363
3200 313.90441224275076593
3300 320.57649504416627906
3400 311.49689073968767161
3500 308.31791981135171454
3600 308.97664961186279697
3700 300.07596291628868812
3800 327.60746944850586715
3900 308.03509950725373301
4000 285.3532239868473539
4100 297.97841335673228969
4200 326.09739259557949254
4300 304.17315541069041274
4400 319.54829977107220884
4500 313.16968262910046406
4600 304.20119383501963739
4700 313.03434725259921834
4800 305.88750018231445438
4900 314.28654097563668302
5000 297.20248465832617057
5100 302.45481311661228574
5200 313.68711807095780841
5300 334.49829547874173841
5400 307.21112195381783749
5500 314.83941598600364387
5600 301.00631722962918957
5700 291.03164491102501188
5800 306.51690178556310684
5900 308.87055068454145612
6000 326.91093499240923848
6100 319.71653088561896539
6200 310.71949929306987315
6300 297.95232290306819323
6400 311.38852460608740103
6500 312.30206788635098292
6600 314.40180975467484359
6700 318.09088107679201585
6800 301.79812381386585685
6900 304.09973196575396059
7000 308.80169039037093626
7100 336.33968368082986444
7200 326.16431401303577786
7300 325.7282764713605161
7400 315.67549773749766473
7500 297.91369001381423232
7600 316.91617785380617534
7700 315.35239098571673821
7800 306.61595291908361105
7900 309.88586465548769411
8000 298.43159371883109543
8100 310.27067877073255886
8200 319.95453697701645979
8300 315.13860682416634518
8400 298.41335656014746291
8500 295.49053935587681963
8600 311.85765895532853165
8700 309.0330775878603049
8800 308.00231528687857008
8900 313.22982949045825762
9000 308.16582109054036209
9100 320.68296236356911777
9200 307.98258095804430923
9300 307.12073376333006536
9400 314.16376486463769879
9500 303.99107534340242864
9600 326.23323702122746681
9700 316.05482281535518041
9800 277.70384005477910705
9900 313.59603665460298316
10000 320.51692081029642623
10100 300.12023749458876409
10200 317.48703344043133256
10300 305.4049238262094832
10400 310.85247292349509962
10500 297.67578774006364029
10600 300.6743692652347022
10700 308.7719909285066251
10800 317.63803177405867473
10900 309.71209275582492637
11000 308.74169264526091183
11100 315.57103506183551644
11200 323.15811647344634139
11300 290.59198256458455489
11400 313.2870933367258317
11500 311.50061968367930376
11600 300.34145973045480105
11700 298.42799971705733242
11800 313.49696941967198427
11900 316.47473691410061747
12000 296.75945841609899389
12100 286.68088199794357251
12200 302.74811301146354481
12300 302.7227952298121636
12400 311.97483666527330115
12500 326.84826882127640602
12600 311.7284446844742547
12700 320.90828626649494026
12800 311.69746966186409054
12900 302.58264450612773544
13000 313.30016664892366407
13100 323.80682958478746514
13200 302.5282853476804803
13300 308.85035132440839334
13400 310.55181276179052929
13500 306.96116382368217046
13600 314.01388551440174979
13700 314.8752770345506633
13800 320.14624292186977073
13900 307.00412178398278229
14000 298.41837336508694989
14100 321.0224907974397297
14200 324.11994613734265158
14300 309.84927150520957184
14400 311.04176524506186752
14500 317.07391069728276989
14600 321.99496487821687651
14700 318.49431384664046618
14800 294.69842374172407062
14900 293.0740978185115182
15000 304.2911326534674572
15100 322.8938053485547357
15200 320.51810662417034337
15300 316.74998296490150551
15400 310.23720977290503242
15500 316.54822824029201911
15600 307.45666901456331743
15700 305.49178439854966882
15800 306.30899602465143516
15900 308.42987317491969179
16000 311.14248751289164829
16100 303.89326983381005221
16200 314.39165856338865979
16300 302.69934033873585122
16400 296.18305143085217424
16500 304.14491508139502685
16600 302.34149808587932284
16700 298.34145304582523295
16800 303.03487468120573567
16900 299.71582654358240916
17000 305.81556470694602012
17100 312.21414361455481412
17200 307.51640397528075255
17300 295.65349612655495548
17400 304.59867159471889408
17500 310.50750339692456237
17600 294.64921960710461235
17700 314.10600262051656273
17800 319.27882898390760147
17900 323.30634328479897022
18000 310.52091783265700542
18100 310.3183326588791715
18200 306.66597367984508082
18300 311.6642131513840468
18400 298.02665239289370902
18500 312.62987462122339366
18600 304.10735855087523305
18700 298.82906291028018586
18800 317.49476298302641908
18900 325.15454031081389985
19000 319.17515473751802801
19100 315.18264841211589555
19200 318.85190940034760843
19300 304.43764141315233474
19400 296.47843654268802993
19500 302.5287472332313996
19600 340.78961215724717704
19700 311.5092522904812995
19800 308.17456326481800488
19900 317.59584060974486874
20000 303.23728103971575365
20100 307.13318499647164117
20200 315.21408639866172052
20300 308.46764134119661094
20400 313.11461851070879447
20500 301.775422364138592
20600 322.78689148651204732
20700 319.46137349801819028
20800 308.93099562094499788
20900 311.73210402892260618
21000 312.87637471023191438
21100 298.81935356687046124
21200 318.48790428021379739
21300 314.12200957310750482
21400 312.6545977166481407
21500 304.24719868554132063
21600 295.90561946471814281
21700 293.8587373970523231
21800 311.78278272453763975
21900 314.75598148071969717
22000 305.03492536612969843
22100 321.3309256813971615
22200 312.9735393294813548
22300 302.91078737173182844
22400 295.10179095624948786
22500 300.15097768949488
22600 307.95634449494639284
22700 304.58926157160425419
22800 307.45163545849851516
22900 305.18497720943241802
23000 307.77542543699308908
23100 309.16290058935931029
23200 299.28341322491650089
23300 306.33796542754384973
23400 323.2686470685544009
23500 318.77866593724127142
23600 317.94787106496602291
23700 307.20025686588201097
23800 306.60402354360269328
23900 309.92679452811876217
24000 324.14259587949368324
24100 314.48218977486800441
24200 299.796454009659044
24300 318.8642763473437185
24400 314.2866809207201868
24500 298.92379533204143627
24600 316.74638055696408401
24700 315.61343870904840969
24800 295.22018137646392688
24900 314.24380278654780341
25000 322.67067995832343286
25100 314.11453548561246407
25200 313.88479998172215346
25300 321.52589704568003981
25400 325.66766148416542137
25500 303.55917841313959116
25600 295.39395447683182283
25700 292.84021140435032748
25800 295.99997442791533331
25900 311.06225644233558114
26000 317.13060319036549117
26100 300.80159471359723966
26200 303.30811222010669326
26300 287.33110306327114358
26400 307.74963480967238638
26500 296.50477784502538725
26600 305.73768694023010539
26700 315.82999113352110498
26800 325.08109472500132142
26900 316.31336232398535913
27000 314.01744969231839377
27100 312.04336287388116489
27200 313.56274932686687862
27300 319.62595643274408985
27400 313.35687956693323031
27500 294.76036513863067512
27600 306.66283231239907536
27700 310.91676005997527454
27800 305.75271887399492243
27900 320.73137575255543652
28000 314.97956410315549647
28100 331.12965446450209583
28200 310.88599508699854823
28300 296.70027647594969267
28400 300.43342119390052858
28500 328.46180728180019059
28600 313.69508222500883221
28700 304.88326021149794087
28800 306.8344828171140648
28900 300.78040554360836722
29000 302.70453474950659256
29100 336.85384897217477373
29200 314.3065738034425749
29300 317.15833167106956125
29400 322.04348988528687414
29500 308.44779691266052168
29600 291.73496418612899106
29700 328.50626181072607324
29800 298.23352143682058113
29900 315.12513895556031684
30000 309.48372879068790553
30100 311.43706840051595464
30200 300.37793891579570982
30300 308.24367082675183838
30400 318.80135058631111633
30500 319.24325096957676351
30600 314.60774665519107884
30700 292.52982282725673713
30800 311.49318973204100303
30900 301.75289281016119958
31000 300.06153791596813107
31100 302.70322228951920351
31200 315.94883602783386323
31300 312.09834091065579287
31400 295.391860498613255
31500 324.7775339552278524
31600 316.01539806549192235
31700 308.42073817730346263
31800 300.39652681969965897
31900 328.07300140714846748
32000 299.83614855166871394
32100 306.40355949347372189
32200 310.61015030055040143
32300 296.93808745221451773
32400 307.60136412290682983
32500 299.36602486749933405
32600 303.69250776784451773
32700 304.67615148324762231
32800 307.69467435703643332
32900 304.31230429053618991
33000 281.53604082718464952
33100 321.13959018478283269
33200 312.95567247114428255
33300 289.88457418450343539
33400 320.0958906342812611
33500 303.30976241005686234
33600 300.02823410805081039
33700 319.33985730076238951
33800 312.19152919613259201
33900 305.03584784611496161
34000 307.15512412255856134
34100 313.51696038679114054
34200 319.95358550674012577
34300 307.02550782913579042
34400 317.13141177818039296
34500 329.75165798816158258
34600 307.03493973983250953
34700 309.69686075009622073
34800 308.9032682730723991
34900 297.10175612517133459
35000 328.7214303078049511
35100 315.22177849866341148
35200 320.86670401862488688
35300 309.8649421050756132
35400 314.30795021515575627
35500 314.77949951597202016
35600 319.23326670297620922
35700 311.43398431338272303
35800 304.6604985938110417
35900 317.82419713004793493
36000 314.43129079305674622
36100 308.36764589227408351
36200 308.58000702673098203
36300 311.23149444109844808
36400 316.54262346097931413
36500 313.75882712519472761
36600 316.12078786803868979
36700 299.16292231359921061
36800 324.48293577316758274
36900 308.8227015903632946
37000 298.55405127321597547
37100 313.55881325939168391
37200 322.96563272415954771
37300 312.99660028174599802
37400 306.56077707769321705
37500 292.60571279739571082
37600 303.16579684739525646
37700 302.4345159774565559
37800 321.12559221793594588
37900 320.27870143258712687
38000 315.28363190806322791
38100 304.89864604518930946
38200 294.25983840437470462
38300 294.9828736286539197
38400 303.46865439095154215
38500 322.60650317949824739
38600 317.93549950634786683
38700 319.15227017461501191
38800 301.17550108958232613
38900 322.60007217601952334
39000 320.88097047386918348
39100 309.69342475185783314
39200 298.54473571177999247
39300 289.76124929996939272
39400 315.29235746659992401
39500 317.92908198275148379
39600 300.25087595252381334
39700 304.07586206025422371
39800 315.0379767819412109
39900 318.7163976374360459
40000 299.82459189181400916
40100 293.45937873435724441
40200 305.80800538333460281
40300 315.62399305754439638
40400 310.10457174006194236
40500 320.13736185191254435
40600 297.37551789029663496
40700 299.04778342431762894
40800 311.46453863461886158
40900 333.97764171151976598
41000 307.40336004901092792
41100 299.43914687472619107
41200 317.25330714050119241
41300 310.53766290360465518
41400 303.87284328902052266
41500 302.32397121362703274
41600 314.52064880676374514
41700 319.62223877405546091
41800 309.98616923398907375
41900 317.30879250186944773
42000 305.54499197591991333
42100 316.15861599060309572
42200 307.90169481418632813
42300 294.21195680836950714
42400 328.2252960953951515
42500 311.41519712580782198
42600 294.5050142314094046
42700 310.95105131999298465
42800 305.40993894357410454
42900 314.69370828551234354
43000 313.49044941837638589
43100 313.084268238867935
43200 306.56248372636792965
43300 321.20630143184473582
43400 320.57776434670580556
43500 309.1291009523640696
43600 324.95391608534515626
43700 329.1823552787426479
43800 307.16489542482440811
43900 312.493331033449806
44000 313.96465159706133363
44100 319.55277113374290821
44200 316.98009197478205579
44300 307.71000814465162421
44400 327.86430054674747225
44500 308.56848936790044036
44600 312.51002825916708616
44700 321.51236815791526169
44800 328.80446079575398244
44900 312.83517284111053414
45000 308.78913277590697817
45100 308.17612991634382524
45200 295.93737639019411745
45300 305.73428554926863399
45400 298.34481003056936288
45500 314.77873743837784559
45600 312.96654498985014925
45700 315.56074154049156277
45800 304.72619776088987464
45900 301.07597269430192455
46000 308.07862165864736426
46100 297.96460901657189879
46200 304.74164376509497743
46300 308.87121835670973269
46400 318.09196475031421869
46500 320.40363641872437483
46600 319.20202227174718246
46700 306.36430671400256642
46800 309.331449411989297
46900 312.96673538331242526
47000 308.69825549775038098
47100 319.91832546038500595
47200 315.66146074744523276
47300 305.35563890818883692
47400 303.00058180707708289
47500 306.8917843732823485
47600 293.63509145190329264
47700 298.10164048701386719
47800 316.34089106371010303
47900 326.46326693871594671
48000 323.44007170936322382
48100 308.69193621645018766
48200 313.67222160869619074
48300 299.34892646012940531
48400 311.19718091708921293
48500 320.86886814166251725
48600 308.65220362292421896
48700 311.32123109232117031
48800 321.27387097563484986
48900 320.86387603516465106
49000 314.3146870519700542
49100 307.19689669305944335
49200 307.19081384735744678
49300 304.58260751792840892
49400 303.6095099007080762
49500 307.90687454582712235
49600 316.14458921337757147
49700 309.30128618790030259
49800 320.24839530693645884
49900 315.71907628683811708
50000 307.13864708063039188
50100 311.94853807434708415
50200 306.28916249368427316
50300 315.89767438374883568
50400 292.52903622812181084
50500 286.60833852585130899
50600 308.57463211460287766
50700 314.25451360379088328
50800 334.96447482129838136
50900 316.61009307542707347
51000 331.22904621839342099
51100 305.86001394806396547
51200 290.19412221471338853
51300 303.39568086905461541
51400 305.28758020436509923
51500 315.31915978963456837
51600 314.06220745525337179
51700 322.53682954845902486
51800 316.03384269072603274
51900 301.90098965653635332
52000 303.70261642282486036
52100 308.77083367273445447
52200 303.63542562467307562
52300 308.92128957144831247
52400 325.05157770311484455
52500 312.72836026234966766
52600 306.67125216025033296
52700 316.49686053099520677
52800 321.89808764054538415
52900 302.45339494472426622
53000 312.25792622507987062
53100 305.28593999025673611
53200 309.89216532981845376
53300 310.46444472369614687
53400 314.59160558882115311
53500 322.21302876687548178
53600 318.9430928557402467
53700 306.65149166309191742
53800 301.69373696513099503
53900 317.2398525696983711
54000 309.22996633477549722
54100 297.78156195282133467
54200 330.04408191894628999
54300 308.15133918690054315
54400 311.81338762879920523
54500 308.90096348319747221
54600 307.31833825417851358
54700 298.96217337816472082
54800 314.28284602146504767
54900 312.52276153316137197
55000 322.5287364224740827
55100 316.91171146192465358
55200 317.21100327501324045
55300 311.99544719921834712
55400 309.39946470731541694
55500 300.37546445940876083
55600 318.35286160549497936
55700 318.50401936210380427
55800 296.40058363313619338
55900 302.5155963680844593
56000 293.51002064129920655
56100 309.74652813339150725
56200 309.685128707938361
56300 321.32637504100489423
56400 327.42162482492244635
56500 320.76221464126132332
56600 306.00287794899429628
56700 296.4703142954272721
56800 295.71436620884247759
56900 306.60762995842378587
57000 319.89087489677143594
57100 310.82903091123574768
57200 307.84125294700743325
57300 302.28521783923730482
57400 310.94239781642397702
57500 326.34900020957451261
57600 296.7290238515826104
57700 310.79686741077745182
57800 315.42342699393617522
57900 314.18145364247720863
58000 326.39193770588872212
58100 312.89122323095267575
58200 324.44873677735944284
58300 312.29367485246359593
58400 296.78732414047061638
58500 314.98890104068146911
58600 320.12928874573771054
58700 318.51093772575325147
58800 307.05687090847385434
58900 319.09334912591020839
59000 328.9549259162981798
59100 300.75795727919273759
59200 315.23888474033390139
59300 305.6797870054152213
59400 304.83898270757447335
59500 300.08306374258177129
59600 308.47476084008053476
59700 313.77433475791178807
59800 307.69378378929968676
59900 308.73117537374338326
60000 313.58376096549471868
60100 291.51539930995437544
60200 324.44351042664607121
60300 317.03117618983299053
60400 317.45003442880545208
60500 309.19462034072029155
60600 294.88127803445149766
60700 305.9540037535377337
60800 304.41592939117379046
60900 290.4779315501565975
61000 312.58882206932935333
61100 312.97604953284417206
61200 298.3405002762661411
61300 310.37053041105212969
61400 323.19654840816980368
61500 324.91702641630774906
61600 319.56904141310661771
61700 309.83817284985030938
61800 309.58867292481590994
61900 324.64047241406001376
62000 293.22969425919472997
62100 298.72672650498168423
62200 301.33587323594935015
62300 316.86362966721867451
62400 317.22731040200341113
62500 312.3304101636864516
62600 304.91406612119652664
62700 295.39741753434248039
62800 307.80675313739260446
62900 314.04827731080706599
63000 301.04368734338208924
63100 311.95587331263283204
63200 304.40387778895677684
63300 319.61155399717046066
63400 327.98347612692998609
63500 316.0633336283309518
63600 308.02900948878311738
63700 310.51296664099515965
63800 300.55190235518961117
63900 301.37926627292665671
64000 314.91081320627318973
64100 337.1640306315896396
64200 318.28743229235601575
64300 324.20572008737605074
64400 311.56004173389271728
64500 304.02131436615451321
64600 318.00256473671510093
64700 299.98656438366032262
64800 302.35749924545467593
64900 304.05254914316407167
65000 311.69744544053685331
65100 310.37774569800689051
65200 316.390522482148981
65300 326.72410992099963778
65400 307.79136908731373978
65500 305.229922705603542
65600 299.7398678646385406
65700 313.04216708725823537
65800 318.22638577143220573
65900 308.27932635937753503
66000 316.99166780510813624
66100 314.52653198466998674
66200 308.86217328223409595
66300 323.75512293990487933
66400 314.83786076788572927
66500 299.84867332051049971
66600 301.49487881930144795
66700 309.79854290755940838
66800 301.94781335691095592
66900 298.77175006593290618
67000 311.61622671528641604
67100 319.74071742135163277
67200 299.35277282955968303
67300 296.72652352222695527
67400 306.99984879614561351
67500 310.38794736052432199
67600 311.74230792490249087
67700 314.50280516937925768
67800 314.66460044045567201
67900 315.69682462426658276
68000 316.22088182266065814
68100 293.91304178045959361
68200 300.97612153633696153
68300 311.42614683168187639
68400 313.41596515045659999
68500 328.7362208585095118
68600 298.30000414211207271
68700 312.77205172627310503
68800 302.09825517308991039
68900 290.94106994293582602
69000 310.66297594560455764
69100 309.65110177930102964
69200 309.26945152287140672
69300 293.33249616454173747
69400 310.09630057769362566
69500 307.78761614079803621
69600 297.92721508376484962
69700 299.55363265066489475
69800 305.26819778572843234
69900 312.88055814822155298
70000 310.02266865524114792
70100 297.41232858647282455
70200 301.32086773248852296
70300 311.77051022512591771
70400 294.07099449567067495
70500 302.80644090798773505
70600 329.16754827114482396
70700 313.87152519930322114
70800 300.85032573126187572
70900 299.61877906376076908
71000 294.11682665996596597
71100 319.46796623214339661
71200 318.25670651365260255
71300 309.99902298804107659
71400 303.21817003140392899
71500 317.57444282373529632
71600 303.46831063298174058
71700 308.91952742506759932
71800 317.04879439268790975
71900 302.45053076309829976
72000 313.48728252970789754
72100 313.25429008068869052
72200 310.28747951396036342
72300 309.73375964674227134
72400 302.46353731456537162
72500 311.74246491669401848
72600 318.69419764634841385
72700 309.07805547401255808
72800 313.9250143579481005
72900 321.73410069528210897
73000 314.82746183588017175
73100 305.41043428950632688
73200 300.57628716458953022
73300 294.59888632635352224
73400 305.79472193024366788
73500 303.01715463349842139
73600 306.02675157735279754
73700 328.46329376741800843
73800 316.28419976223477761
73900 302.70551557718118829
74000 297.28138589002196568
74100 308.9381159596992461
74200 306.64822728370558025
74300 302.7985576053278578
74400 319.85527777817748074
74500 319.14749559902423925
74600 310.03005644086266557
74700 324.62534846969981572
74800 306.05938540104136791
74900 301.42512815308469953
75000 310.1037946899246549
75100 312.8132650143818978
75200 307.08195759718370255
75300 324.49101213573385394
75400 330.28283362985280291
75500 303.32212749649494299
75600 316.41314480400626508
75700 307.19675420181340542
75800 299.73415133880070016
75900 307.44466735640185107
76000 308.69090012705459003
76100 293.87273930758414053
76200 296.23871474933764603
76300 311.51138234494675316
76400 309.26997231810213407
76500 314.926801832723811
76600 301.77389429180408342
76700 312.14158564218735137
76800 300.38909218592078787
76900 326.6152471851246446
77000 319.12288430385251559
77100 312.42243007572756142
77200 314.7513105995673186
77300 303.50404282866213634
77400 310.91883579394499293
77500 311.33495884330818626
77600 315.79464539768974873
77700 314.83758565645342742
77800 314.48040443483006356
77900 311.38628995660849341
78000 301.92697660205573129
78100 315.06172273718340193
78200 324.04102088238391843
78300 311.8415568891666112
78400 313.86789655551086753
78500 298.98968948659609168
78600 297.16131522028723566
78700 296.46464204206176873
78800 310.5327561986690057
78900 302.61780202062078615
79000 300.17479990689304259
79100 300.61687339712267431
79200 302.83419231872790078
79300 309.12317846688267764
79400 309.43801529738266254
79500 334.7442714289899186
79600 309.41157124827299185
79700 310.44426003282330839
79800 310.1664172053417019
79900 324.22134627151842778
80000 307.12279855351215474
80100 289.16944249183080728
80200 306.0680834944197386
80300 305.72489911664143847
80400 321.54631313486180488
80500 303.7551162490036063
80600 308.50231229249874332
80700 321.17841485219435071
80800 311.87357365994023439
80900 314.28928933894309239
81000 287.92888827588296863
81100 304.39139901440410085
81200 316.46576990926371309
81300 314.1015459746651004
81400 301.03935233114310677
81500 309.51306758017227594
81600 316.40448739446986792
81700 299.70082511841235373
81800 311.65694128054133216
81900 301.12534893517130286
82000 314.80665560151385307
82100 309.44831558100361235
82200 310.91318084181040149
82300 301.51894204007442113
82400 300.77833787088735562
82500 317.53234337213751814
82600 311.62523510330152021
82700 301.86549090011197904
82800 294.89194353124082681
82900 294.02052652466892368
83000 315.51663625721056405
83100 303.37362973557225132
83200 304.56869579172570184
83300 314.56824196704570795
83400 313.26003912234210702
83500 295.96053642153492547
83600 300.96147226201253488
83700 311.56370789063998927
83800 302.95240492394157172
83900 297.71321223404709144
84000 317.08030479050279382
84100 302.21793151763040441
84200 305.20656741133558398
84300 316.7239332401531442
84400 297.03575384937772697
84500 318.65031318755558232
84600 298.79226941779734261
84700 320.41460101605764521
84800 323.23153358878352037
84900 315.5425972829337411
85000 313.03651203976556872
85100 296.78726699692202828
85200 317.09999551042210442
85300 307.87608035461767031
85400 318.1616128901156344
85500 315.02123348826376059
85600 324.79930133568365136
85700 331.62100234189864523
85800 314.8890052188047548
85900 319.87811888163304275
86000 319.24932260721720922
86100 312.04755244458868901
86200 317.96134444460142277
86300 306.55403733014418322
86400 293.53278152608652363
86500 309.18525615447742894
86600 313.85923287848783048
86700 308.85248932209412942
86800 320.2733488482492703
86900 318.18018182495296742
87000 304.07971015563606443
87100 294.62493494785769599
87200 313.08044566524273478
87300 307.0490853544462766
87400 299.16511614938133334
87500 305.91927871057379207
87600 316.24684931898946161
87700 318.6035403054663675
87800 305.5078618642520496
87900 319.62291977618002647
88000 307.21135331492070009
88100 308.73013320823594086
88200 310.9181197218351258
88300 313.84591247947378179
88400 308.43562450919159801
88500 305.48813074591225813
88600 303.87167464930598726
88700 314.66077785357293806
88800 318.57176868148695803
88900 301.33637422618153323
89000 301.81894224343199085
89100 312.21581569151931035
89200 294.45275920967691263
89300 324.87878143059259628
89400 310.30261836301781386
89500 320.01097638341406082
89600 308.61852085220004938
89700 304.70724934685392782
89800 315.63483766967732436
89900 301.8541557704254501
90000 310.36234565650715922
90100 310.34233813535428226
90200 318.89439176916664564
90300 312.17490534780307598
90400 306.69432381887543215
90500 319.81640096055605227
90600 313.54600883985858673
90700 296.99233306830080892
90800 302.400743078408766
90900 290.75738568313005317
91000 308.40919519890951506
91100 318.69488702154399107
91200 307.44865672601036977
91300 309.57749382324669796
91400 327.33574430354468632
91500 319.54306791957793621
91600 307.00359194993279743
91700 301.91700259068107925
91800 296.38187955970130361
91900 316.95395983308736731
92000 310.54364534565320355
92100 300.35674761719519665
92200 304.17035962285677897
92300 314.73261537144861677
92400 312.51621538827754421
92500 326.14050447535396415
92600 305.60289747818723072
92700 324.41339623474976861
92800 315.36107710965677597
92900 308.68295451785053274
93000 293.22565126141046221
93100 306.06409805003852398
93200 325.85843462746777277
93300 322.09631390109694848
93400 313.50693290992279572
93500 305.32044458197890435
93600 297.33137739019520041
93700 306.69601057627238561
93800 301.59328725395516813
93900 319.66942289298435753
94000 315.77975447787247276
94100 298.99174379222858988
94200 312.73417635686416816
94300 306.85752242737618189
94400 312.63900158932932527
94500 306.14628977191733838
94600 313.45853392801188875
94700 307.7721128007592597
94800 293.22977682758198625
94900 308.55082888498526472
95000 320.88251106983096861
95100 306.67086360749306095
95200 316.75783942082472322
95300 314.23372903590183114
95400 305.15063783829265276
95500 292.60109095859218087
95600 295.07864492515591337
95700 302.63393056561199046
95800 313.02208610633317676
95900 291.60197824272688649
96000 301.0171925831220392
96100 306.25073647148707323
96200 317.44436529907147815
96300 310.57358206235392117
96400 309.29023347710199232
96500 305.10731326590598655
96600 319.28858521084470112
96700 310.2019405198344657
96800 305.21155645612390117
96900 320.32008423600353808
97000 312.68557875116334799
97100 316.17070766632321011
97200 307.7064834456273843
97300 306.71700692735379334
97400 297.82626116968094721
97500 325.80525715682955479
97600 311.89333162265108967
97700 307.23552183938232929
97800 315.02651299277653152
97900 309.64429343474796497
98000 294.43383987138514613
98100 317.11953193769738846
98200 319.92940096279471618
98300 313.14746968081459499
98400 315.15029281375694836
98500 307.52555852833603467
98600 316.64565353642768741
98700 328.35998078043911619
98800 312.57306417119031039
98900 295.84029046063955093
99000 302.60769541685061768
99100 296.34095073435798895
99200 309.43807306454488071
99300 313.98391328790262378
99400 308.40388792845425314
99500 316.17141970547669416
99600 314.29364481190174274
99700 305.86108021728279027
99800 304.55973229980173755
99900 302.14294784980609165
100000 324.78809743129215803
