# Fix print output for fix printTemp
0 309.99999999999994316
100 311.9593990110651589
200 298.44164321540193896
300 325.52401282745859135
400 298.07758322050193556
500 295.73494611297934398
600 310.56380364270279415
700 319.10443113194980924
800 297.4402576832457612
900 327.67828660187331025
1000 305.69224519965217723
1100 305.08117876996874429
1200 288.55855833527328969
1300 314.54090582141651566
1400 315.63788768887792457
1500 299.97071774582758508
1600 299.90480689926670266
1700 303.78965827093691132
1800 308.70036591235555079
1900 309.40448686350754315
2000 307.93816136601964217
2100 302.07239580691151559
2200 319.6889084801109675
2300 306.59191681387960671
2400 309.04136245155535789
2500 309.74180732094038149
2600 306.48994118350003646
2700 324.13026467600849401
2800 311.7995130787682001
2900 305.65528747774851581
3000 301.45926004188066827
3100 305.24650096009565914
3200 302.98614320658776933
3300 317.60674431412854801
3400 304.44413504802423631
3500 301.76636217365370385
3600 300.4722133244191582
3700 293.13289713009379511
3800 311.5670487368903423
3900 311.8285578195317953
4000 307.75168552849288517
4100 317.55987694938863797
4200 304.57677461213683046
4300 331.38941815363330079
4400 322.28749964026599173
4500 315.02241211117740249
4600 296.78881507357090186
4700 306.10090017049884636
4800 298.926597700930472
4900 320.60389437429438431
5000 317.06328793783973197
5100 323.10259169571054372
5200 303.05909729089097482
5300 311.37317209867308065
5400 334.11738618619369845
5500 312.86283634798274988
5600 293.98892487675982466
5700 326.33983981776088967
5800 306.96604746892370486
5900 300.86348082621100275
6000 318.40769026589566693
6100 309.09622271536255766
6200 311.28268780464873089
6300 303.86784498010194966
6400 301.17438112722135202
6500 316.16402064107626302
6600 298.89820549357034452
6700 304.19320357918314812
6800 308.84634006938728135
6900 300.45576879360140765
7000 301.82742617357195059
7100 315.39253144656919403
7200 298.2926902380871752
7300 306.60639343939300261
7400 318.53529828455344841
7500 316.09564810219200126
7600 319.09634740053490987
7700 324.15316937496953642
7800 324.81657109553930241
7900 302.70976996065201092
8000 298.04635537763095954
8100 316.12374215358340734
8200 303.06100969746802321
8300 307.35985864538201895
8400 295.0476194834322996
8500 311.46664099532063119
8600 316.78343489317342119
8700 316.90323824192512348
8800 311.43025361337663526
8900 309.72806452316410741
9000 315.94780098395705181
9100 312.00797062732402765
9200 302.7600023321301137
9300 301.11650925983184379
9400 316.371889130392276
9500 314.49574293792625213
9600 307.22884940851156443
9700 295.38875723607446844
9800 315.34710831036488798
9900 315.77330451750583507
10000 312.04233716777997643
10100 315.4631650686261537
10200 302.02492959164817421
10300 299.75968600102902428
10400 316.90893427291683793
10500 316.96720511378657648
10600 321.40375119193817
10700 315.69707567686862149
10800 302.79361452270825339
10900 308.68481758896552947
11000 330.28099380447690692
11100 322.23429306973810071
11200 320.1540785998499814
11300 317.31174287285546143
11400 289.83291179348339028
11500 310.30570432616667631
11600 317.56225062414574722
11700 318.42685174955130378
11800 297.91684828827254705
11900 319.16824984571502455
12000 312.22673395739548141
12100 293.46602337551462369
12200 306.11821611586628933
12300 312.17522282544530299
12400 318.85008174020362048
12500 322.11965032972267409
12600 326.61476992893813076
12700 311.36060579553526395
12800 309.50140538557008085
12900 310.31590129845397996
13000 304.5421792395240459
13100 305.2407048901271196
13200 304.26612980166362377
13300 306.95822078296367863
13400 316.16437312336262266
13500 308.5961848456445864
13600 300.34178092443642072
13700 302.78233374630133312
13800 302.75513109527207689
13900 315.8537293310355949
14000 305.71364688692108302
14100 297.1600624714610035
14200 310.16380993576774472
14300 313.15157573465455698
14400 313.80262346904703463
14500 306.16354407820864481
14600 309.350031779863059
14700 330.25885899679400382
14800 305.76479981333989144
14900 307.82651890109195847
15000 290.29129752831261158
15100 308.82018577347747623
15200 311.82829683253368103
15300 322.48655040304163322
15400 318.83279354819256923
15500 306.87716475956528939
15600 292.93661543940629599
15700 312.50925268210795593
15800 308.24759596165483799
15900 295.3888463062657479
16000 299.42708791254142398
16100 308.17394869154577464
16200 303.34201853765688384
16300 298.52587658375335877
16400 312.78531864954703678
16500 318.76747002292336219
16600 314.09182981175155192
16700 316.26135526299594858
16800 303.0362759155524941
16900 307.49392953996135702
17000 321.07522030882262243
17100 332.93772423147817108
17200 289.9263903596054206
17300 308.20555356834751137
17400 323.8701418418635285
17500 305.99638436265132668
17600 317.65497020521098648
17700 320.94053235106559896
17800 315.12212402675169187
17900 316.42247908117929001
18000 296.69300813328123922
18100 296.62978041442318045
18200 299.94501712798341941
18300 305.79111267511279948
18400 310.81466046141872539
18500 325.33694309239041331
18600 311.47642494202005992
18700 311.58299275189233413
18800 306.22899578162133594
18900 312.90213762239977768
19000 328.75784135637394456
19100 321.74764066434488541
19200 305.86249717138457527
19300 304.13576340236960505
19400 332.87613662845285489
19500 321.50285807795120263
19600 312.55675624746817221
19700 304.39218983346842151
19800 305.70639640526832181
19900 310.31403216560363489
20000 331.13405156974812371
20100 322.47765090152654466
20200 318.287725864106676
20300 317.53622180184680701
20400 315.43566025018537857
20500 307.6542843735801398
20600 314.154369747118551
20700 303.45002479110678451
20800 296.33126548433813241
20900 296.78964287032482616
21000 309.67957752301185792
21100 323.19189980358834191
21200 302.39462430762091572
21300 300.44780321229552555
21400 314.84181880681768462
21500 317.09985518608561961
21600 303.51828394345494644
21700 308.39799942221969786
21800 309.62773584352714806
21900 312.81116578786532045
22000 292.56321726426875784
22100 302.43337260586781667
22200 309.88461099395527754
22300 320.56693506644404579
22400 300.74079892438470551
22500 300.08461061681572346
22600 311.8800792544548699
22700 319.00006257789482333
22800 301.96479855852220453
22900 297.01863818599639444
23000 307.96229954460778799
23100 308.88128382153803386
23200 316.27133569303919103
23300 304.42227253580665547
23400 297.53121965647130764
23500 307.15835948754187257
23600 301.73099264877890846
23700 323.16417715596509197
23800 323.58670517732105054
23900 316.432727399398118
24000 300.04228761215489385
24100 322.79539359254226838
24200 313.60201239732373324
24300 307.60467865836034207
24400 287.89280432986288361
24500 301.07295381179574179
24600 317.82040018157476879
24700 293.6235551117116529
24800 311.37613836259413347
24900 315.05784415351683947
25000 303.63266312412895331
25100 294.95812645213095493
25200 307.7372790835402725
25300 316.63423193357311902
25400 322.70682291789802321
25500 312.82586254875161558
25600 300.03760373823149621
25700 298.43138463924873349
25800 312.16062559615272676
25900 314.03545717942142801
26000 305.63956306395607498
26100 298.01048070617559915
26200 293.77524269833338622
26300 312.691009727835592
26400 317.13240231150797399
26500 299.29209610784545248
26600 300.08758803529377701
26700 300.1560424613556961
26800 310.17213036012185512
26900 320.04800522874552371
27000 309.86491014698412982
27100 302.84018633040909663
27200 315.76359633632119994
27300 300.74787094201940363
27400 300.24878422837394965
27500 312.10612960637450897
27600 328.15586729458260606
27700 307.35046437236491101
27800 305.99139259595062867
27900 314.87358798789858838
28000 310.74621233984248647
28100 310.61643792416640508
28200 305.96608556359097975
28300 313.29036373142827188
28400 313.41889816155406834
28500 319.97810875986760948
28600 292.4537387383514897
28700 312.56762275460198452
28800 315.85689083017354051
28900 308.83738517697167936
29000 307.18144373248082957
29100 305.97409956875992521
29200 315.60233044161503813
29300 322.59887975313262132
29400 328.09246425036246819
29500 311.84300056026404491
29600 311.44955832676896534
29700 315.18313705848203199
29800 304.54879304154275133
29900 321.096367290231683
30000 315.41385446205202925
30100 317.76955241601348234
30200 303.60110675536196823
30300 309.35463567495918369
30400 314.50509081017361268
30500 321.70153733356016801
30600 317.39227656964760627
30700 305.41755558588232589
30800 305.62401769807746632
30900 302.85577087739227409
31000 301.4342774471764983
31100 312.31657736630177169
31200 309.24122240454852317
31300 323.56777204047824625
31400 316.25136369565115046
31500 300.75589846268798055
31600 314.66544327070641884
31700 310.91949018583989073
31800 322.16012436511641681
31900 313.37181837924424599
32000 316.55855785481764997
32100 321.36695145472964441
32200 308.12499804493984357
32300 307.84168776019402003
32400 307.2788583734351846
32500 314.6009067055132391
32600 327.80964610579445662
32700 317.82241818172951753
32800 320.45656093560910449
32900 308.75346143518913777
33000 311.15705628145639139
33100 315.68801673867454838
33200 310.36308066927358595
33300 305.06921825055252384
33400 311.04072794624568132
33500 309.92933085213184086
33600 303.0431052793995832
33700 294.16354426500998898
33800 311.47463515099474307
33900 311.1346302712781835
34000 324.57776100661834562
34100 320.91399921611088075
34200 300.16135942534998549
34300 313.01739385551161376
34400 315.93557651083523297
34500 314.27045036862750749
34600 309.93246468569253693
34700 296.78063510431815075
34800 323.39609614284205463
34900 326.77344517467946616
35000 314.53422092480758465
35100 294.98578633569809426
35200 316.31000292947010166
35300 314.45265473384034749
35400 306.91469138572580277
35500 311.68752126473907538
35600 315.12095054413953221
35700 319.19640345385096225
35800 312.51900439613802973
35900 306.26813910095410165
36000 307.93995896210390129
36100 310.07450903121764441
36200 317.4078492404137819
36300 303.75098802219002891
36400 309.63345354832762268
36500 316.50380966120093262
36600 314.39813407060989903
36700 305.28145807345759977
36800 306.33895033507451444
36900 321.37345185636775113
37000 301.30550775010789266
37100 302.51839159068612162
37200 313.02564004059382796
37300 306.55810950501000889
37400 326.96313537640992308
37500 308.66467085795460434
37600 306.08456897887703008
37700 324.79765806142773954
37800 306.84733811803045
37900 303.2453776246122743
38000 308.45197508932886876
38100 317.75251205336184057
38200 301.12522284264957761
38300 305.18420837571613902
38400 302.49238981119816572
38500 322.88277335563293491
38600 327.97045876328701297
38700 309.41106127106911572
38800 294.95151745736387738
38900 320.00295922400908921
39000 316.21564390264592248
39100 311.5251027354524922
39200 305.14341294458677112
39300 291.62036130120463895
39400 310.68560322551428499
39500 310.25895799945863018
39600 295.05162727516454879
39700 313.03204177565453392
39800 306.73232880350332152
39900 297.14452275956404037
40000 307.2541092171506989
40100 309.42152959753127561
40200 307.98796386568653816
40300 313.90847523808793085
40400 320.60960267425042503
40500 315.63234430689414012
40600 297.97514882660431113
40700 311.49590004500572604
40800 321.40136189034558356
40900 319.84321982002160212
41000 311.05863811704023192
41100 306.68953756344302519
41200 314.09520059720307472
41300 297.73950092400571066
41400 300.52324755576267989
41500 310.1538349559050971
41600 304.11343608519865711
41700 322.98965209013204003
41800 315.24890289488814688
41900 301.47447509053296244
42000 309.10965936674409704
42100 321.18470969391341896
42200 318.42435961099948827
42300 316.66001372796273472
42400 330.22414051226877518
42500 298.77317760264895696
42600 309.24360245481307174
42700 308.09543118416542029
42800 299.28186126243986109
42900 322.29868500879950943
43000 318.59409969618440073
43100 304.59944431994881597
43200 308.20214462630286789
43300 308.46976916062436658
43400 313.14620746288670716
43500 292.0629195396741693
43600 313.75036532652273991
43700 314.1263383890758405
43800 300.43491572318106364
43900 309.57124845113793299
44000 307.51760731563666695
44100 308.03816064369482319
44200 302.82190809452742997
44300 312.76329999690216255
44400 312.25618882614719496
44500 318.08441385214212005
44600 318.65046731250345147
44700 301.97269857605050447
44800 298.22433674737544607
44900 301.98972123946600732
45000 317.79057385221193499
45100 308.96671951582641213
45200 323.39624187639623187
45300 307.23276744486554435
45400 300.29082921789034799
45500 323.16653342711072128
45600 294.32810784342143506
45700 298.30217152215158194
45800 299.59538815898059738
45900 302.28168664661836829
46000 303.88036690997040523
46100 307.49781915460914661
46200 313.29548278200991263
46300 308.40843024069494049
46400 291.81196768601733993
46500 311.89350917733383994
46600 307.59251861997262267
46700 336.51362914752877487
46800 300.7991537694289832
46900 302.13408206835032388
47000 313.40694420221819882
47100 326.54196041462239464
47200 303.26932319986809716
47300 302.29588078933124962
47400 303.61570152888572238
47500 323.39673763085892233
47600 310.54499810741958754
47700 316.39024758829748407
47800 306.62440767143044695
47900 309.08880637466126018
48000 318.23066013700071153
48100 312.95182360924286513
48200 310.64546766393129928
48300 307.92863618520618729
48400 300.61367675747351313
48500 299.13046981541339164
48600 313.00889193933755905
48700 306.71964775741287212
48800 311.27116894349944687
48900 319.1314641890319308
49000 314.72170262818866604
49100 313.61434409999947093
49200 302.35650395954576197
49300 319.8299847421841946
49400 308.79981156574018542
49500 312.20838970908999954
49600 303.55375889595495664
49700 294.86800203243086571
49800 297.33454956604936115
49900 303.66613219379649991
50000 303.55448266000752255
50100 297.11203119427312913
50200 313.13556035210251594
50300 321.96123555570324015
50400 300.82947854404028476
50500 306.58129637655332544
50600 322.38878240884548632
50700 298.82559925118835054
50800 302.45657117430613425
50900 317.4066507494698044
51000 306.39609548267242189
51100 300.41354015476611039
51200 303.67690736332559709
51300 326.14291355588517263
51400 317.1168058736049602
51500 324.85811246083540027
51600 308.64811494959849369
51700 296.95514203000186626
51800 307.20100994628836588
51900 297.06572056367457435
52000 311.38509247614820197
52100 309.94805128474860112
52200 324.42299817099507209
52300 310.29954835954259806
52400 316.94194501617397464
52500 321.11106094129900157
52600 292.26576471388398204
52700 301.56003433659242319
52800 305.82883445581541082
52900 317.69282582900291345
53000 307.06382788319479005
53100 288.99472473473474565
53200 304.48406143212253028
53300 314.82185139041769162
53400 322.70582258500161288
53500 311.05878612985742393
53600 294.46730067665652086
53700 306.54420013053152161
53800 311.496744870570069
53900 301.02574773585257617
54000 313.01242012426666861
54100 300.16031992294068687
54200 316.41807418140439268
54300 320.02458477272938353
54400 312.53449340361754594
54500 301.48172773404979807
54600 304.89417267499453601
54700 315.97077432805582475
54800 310.93486189710114331
54900 327.57168814851172556
55000 308.76582929194074723
55100 295.46938073759127974
55200 309.74845928857752142
55300 322.13735636727238898
55400 310.71395638385291704
55500 310.53183567403311827
55600 305.61647778396070407
55700 307.21539464461312718
55800 322.09659089580799218
55900 295.03251312641691584
56000 301.14823075326063417
56100 307.34617175545463397
56200 319.5791110953206271
56300 292.71410529848196802
56400 317.02537794966013962
56500 334.36332316666960196
56600 297.14404910484552147
56700 303.2507847104254779
56800 304.68293884740626254
56900 309.27386554338738733
57000 301.08679482025326024
57100 293.19574378307254392
57200 317.71141418785617816
57300 327.93175688969921566
57400 307.09725093801677076
57500 308.87809816658949558
57600 299.11955911706627376
57700 303.15539349269113245
57800 322.6683682036110099
57900 317.00858640159322022
58000 300.70263553652870314
58100 302.53097429550950892
58200 320.70855230625716104
58300 325.18578132267907677
58400 328.55217039611318341
58500 309.88682905887816332
58600 306.78854617625813717
58700 309.54978341453625035
58800 324.84989223590520169
58900 308.78146703871288992
59000 293.23826139083831777
59100 321.7559859454743787
59200 326.65451903897729835
59300 312.9512972390900245
59400 306.00368420491616916
59500 303.59466818081091333
59600 306.60883252743207095
59700 307.06098896310874125
59800 303.37780635578116062
59900 310.28607583778330081
60000 322.26907779062662485
60100 313.95502482837849811
60200 314.84322409029073242
60300 301.86371140813469083
60400 327.68936569844140649
60500 317.50760043947565237
60600 308.53642484148906533
60700 307.20841666411143933
60800 309.3330212871940148
60900 310.24383540231514189
61000 293.17871477333324037
61100 297.1408391421905435
61200 300.63917700463849769
61300 305.90986544883463694
61400 314.7570995934676148
61500 323.74489079811974079
61600 323.52079574825273767
61700 311.52698017612431158
61800 301.76025231498368839
61900 315.88147836858234996
62000 328.10142645934513439
62100 309.46810576827544992
62200 305.82912613111403743
62300 313.77240348908270562
62400 292.31220670364075431
62500 315.48404685505403222
62600 304.43170019192388054
62700 303.41769593721249976
62800 319.08142368294272728
62900 325.04141408014504577
63000 324.78384245953151321
63100 323.45178683167847566
63200 302.67647014625424617
63300 310.66747814412809703
63400 326.10464226620581485
63500 318.75885625034908344
63600 320.50192964095612069
63700 307.64641887176628643
63800 309.81459177921897208
63900 300.88205063486958579
64000 323.10579208551394004
64100 311.40209804351383127
64200 303.48267478024223465
64300 307.99052685666941898
64400 328.53358402225609325
64500 313.06131589535164039
64600 316.43016086614409232
64700 297.78881374003429983
64800 298.53059008544960307
64900 321.09229694294702995
65000 319.28661263471860821
65100 316.55821850038057619
65200 313.92032165783069786
65300 307.48819378474007635
65400 298.17804159816984111
65500 288.58150229338576764
65600 307.70153998965776054
65700 311.07866980691227354
65800 305.04111501976780119
65900 308.1318642141469013
66000 311.29680317710455029
66100 316.19866317420542146
66200 319.70707179785108565
66300 314.94508612480552756
66400 306.92570824531190965
66500 312.91286744103723549
66600 328.82602550295729316
66700 320.14926505966309378
66800 306.07978594634806768
66900 313.23410891658465971
67000 303.00036784232213449
67100 317.0636159395106688
67200 308.57734950326363332
67300 314.12991523237866431
67400 311.83590458754071051
67500 295.46902331032197253
67600 308.88936441115407661
67700 316.04403373344501915
67800 307.1401098469755766
67900 330.43082649457949174
68000 314.55001651102679716
68100 302.52918958798716176
68200 300.98400980888641243
68300 313.0914651076775499
68400 307.13651419358728845
68500 294.95004558975301734
68600 315.44586626604240109
68700 307.8003486663210424
68800 320.26709955847405809
68900 321.68525697376884409
69000 300.80788745019555108
69100 307.50781563239092975
69200 309.47438588428440198
69300 316.79126098848769288
69400 316.30605376001267359
69500 304.37695274442654636
69600 311.50638543125393198
69700 306.72081136557585523
69800 317.01385182261191176
69900 306.27171996359805917
70000 314.44844411436753262
70100 310.49114575848932418
70200 306.79626114819023996
70300 310.34462246388363837
70400 293.25783779279709051
70500 313.73909155508317781
70600 306.59029573140099956
70700 313.39870282212865504
70800 300.63283348473305523
70900 313.76944389595695384
71000 317.85257438900407578
71100 312.23099582689667386
71200 293.21037690865779268
71300 305.61276429044346514
71400 313.35718680239125433
71500 316.08840138515978424
71600 319.02679793424073296
71700 318.76131138618615068
71800 309.65417684688600275
71900 324.27322776599089593
72000 316.75800902089503097
72100 306.44082160893174205
72200 311.33159639789641915
72300 315.63010034361025191
72400 321.01593093702467741
72500 322.6304272204305903
72600 329.16424297774926799
72700 312.18947262871444082
72800 310.1620932470285652
72900 306.95990739382074253
73000 288.4880432683370941
73100 305.89961419400492559
73200 323.42567360371265295
73300 300.64096110649495586
73400 313.48476417568133456
73500 320.31906026821127398
73600 308.48056254916383523
73700 293.22440329612413734
73800 314.22859657852785631
73900 316.12179802331536393
74000 322.0665149195962158
74100 301.85676860780648667
74200 307.04313125522463679
74300 304.79802530784093051
74400 316.81539329265217475
74500 310.24465263079827082
74600 316.81918611117492901
74700 324.28905872678745936
74800 320.69646661147282884
74900 318.6466765711370499
75000 304.29953927151569815
75100 321.30259723815868256
75200 322.55819697719329042
75300 321.80181008509168805
75400 322.79192398499509409
75500 308.34375753292346189
75600 320.75305414178643559
75700 309.20506430362939909
75800 316.2240495592533307
75900 299.62011414525915143
76000 309.44807737169270467
76100 312.96617173233192943
76200 317.98907921924984521
76300 321.13652940139354541
76400 309.20990902267055844
76500 301.15037280294598077
76600 306.65831079229792522
76700 314.16841983749429801
76800 303.16645750878080889
76900 319.78534190901854117
77000 301.00055450488792985
77100 314.36623908320217424
77200 302.2398837752123768
77300 309.08401016253895932
77400 303.27522940961722497
77500 301.89877878965302216
77600 312.16606934245987759
77700 305.56711040966757764
77800 305.58339083409651948
77900 314.1498376976377358
78000 301.40111460908161689
78100 313.27032163910286044
78200 307.20933001134807228
78300 309.66408307422335611
78400 320.21248873645998856
78500 312.22158375411981979
78600 306.59805078756545527
78700 324.63443917991173748
78800 317.43040560118578242
78900 308.55821271150364282
79000 313.83152086313737072
79100 313.04326661216452976
79200 305.30093446857216577
79300 298.44820773075349507
79400 335.84828330214645575
79500 305.72106425753531767
79600 296.89082383921555675
79700 313.77087258900996858
79800 320.0720442314532761
79900 311.02821044807166118
80000 311.15461784818143087
80100 312.70151544742498118
80200 292.1389095347286684
80300 299.53197025878881732
80400 301.35269995409174726
80500 328.27316904136637277
80600 311.8145924816710135
80700 308.03270628085334693
80800 314.37469252550545207
80900 315.06114254479945203
81000 296.23885211698080866
81100 304.86931254024989357
81200 317.4085528778191474
81300 321.19169357994053371
81400 292.76119736852638198
81500 306.08674859991157291
81600 299.22144240268369231
81700 295.73213316542148732
81800 305.36642450318129249
81900 300.76515256622082006
82000 296.77352644517588942
82100 299.93199534732144684
82200 294.276039214627815
82300 329.42137365835276341
82400 302.89275916022768342
82500 312.08778287909842675
82600 307.30577128918775998
82700 314.47273928427040346
82800 310.04003093342652164
82900 310.01008332599838013
83000 300.07507450819980477
83100 326.81604955863861051
83200 322.56510881347577424
83300 311.26955483460312735
83400 302.30944928717701714
83500 313.93296499023131219
83600 303.90179353292290898
83700 313.81022040113447247
83800 307.06885920658118039
83900 308.08470004629333516
84000 305.29496971370042502
84100 311.92734353031596584
84200 321.82609887687829087
84300 291.64282570780500237
84400 323.34211874173843171
84500 313.06409097078244486
84600 326.6932946502673758
84700 301.51854847864410658
84800 303.34088565457034292
84900 314.89336246795761554
85000 319.45477593182363307
85100 306.20858757738915301
85200 297.84101831362221446
85300 302.61491021130746049
85400 315.91526158460732177
85500 307.75418183905298974
85600 298.60354840700910017
85700 321.34254004905824331
85800 313.54323984411348647
85900 303.03582101380669656
86000 319.63563629499054741
86100 319.67559642861573366
86200 301.79556421743461669
86300 314.93794842200509265
86400 317.44444412923689924
86500 307.0429969950546365
86600 302.01432277669181303
86700 306.41807963792416558
86800 300.12861668525715686
86900 304.0568899573975159
87000 305.04574246228293077
87100 290.53652735517795236
87200 306.76424916749095928
87300 318.55801574353080241
87400 309.69628666237053949
87500 296.42877217916799282
87600 304.85528685155327366
87700 304.31573554515892965
87800 314.28715492780929708
87900 308.97101380316433961
88000 307.02991428424019205
88100 293.98488989680458872
88200 301.95302006977067322
88300 297.83955979395273062
88400 337.1421491127613308
88500 310.0669777526268831
88600 296.5970625365351907
88700 318.85234668188604701
88800 302.44143749795290432
88900 301.5313213972871722
89000 306.34782716433670657
89100 305.104185326111633
89200 325.75624337767601446
89300 312.64985738009880833
89400 293.57336693234594804
89500 312.79556775040299499
89600 310.75111246768233286
89700 318.79337550849021454
89800 300.08440306459959857
89900 297.21550766631338547
90000 306.52402752245802731
90100 316.40324141165126548
90200 311.39791787563251546
90300 314.10841396640955736
90400 300.68787884486243911
90500 305.25960085983018644
90600 312.99793195426462944
90700 310.49636400206009057
90800 311.77940996686038488
90900 320.36222620089125712
91000 307.63812687240908872
91100 311.27029435207219876
91200 314.70811019167717859
91300 312.77350277928434252
91400 310.02953400306671483
91500 307.37216195961497078
91600 324.59469682146180958
91700 303.52739409593038999
91800 307.94723899634198006
91900 312.42153528392901762
92000 301.99197509787018134
92100 316.33470289816858667
92200 320.67839243165877861
92300 297.96790841901400881
92400 308.79975547586832363
92500 304.16168654359813672
92600 283.1540227763796338
92700 302.8194358133268338
92800 312.06188596340496133
92900 320.36490756304971228
93000 309.73771444106603212
93100 315.23596220146947644
93200 317.46132195313413149
93300 310.78411531801833689
93400 296.55936732290990676
93500 310.07313708611297898
93600 316.70234659531479338
93700 319.21536796198159891
93800 314.47189512575283743
93900 314.67548782377662064
94000 332.38607344470005955
94100 317.80673824944739181
94200 305.86611655346263206
94300 292.277174444091429
94400 305.34667933750705515
94500 298.72803886024763642
94600 310.57488888240902725
94700 310.63008649862854327
94800 306.64338869481446181
94900 309.7295692087238308
95000 297.29659279743526668
95100 310.15993639240485891
95200 302.78913342189997593
95300 309.04284854511661251
95400 318.05928002781490704
95500 314.59657494422208401
95600 306.35824497198950667
95700 309.45637609336387186
95800 314.7838143421296877
95900 315.0783556186653982
96000 305.96169320562313487
96100 297.59365337256161865
96200 303.44680158848490237
96300 303.79330107881355616
96400 323.86248902424472362
96500 303.91495777082730001
96600 296.18282897939366194
96700 307.65072380278547826
96800 308.38035550008345353
96900 292.30695124234762261
97000 306.91942759042308353
97100 323.60442884864011148
97200 314.20078832723680762
97300 307.09267055965688087
97400 326.70471793562853691
97500 332.49244311382955175
97600 314.85808912640459312
97700 313.76655723340792292
97800 311.21998292223838689
97900 318.33055226863422149
98000 318.02218090497086678
98100 326.72529942725111596
98200 306.93824226433258673
98300 299.27347371355313044
98400 302.99912553049006192
98500 295.13418014220627583
98600 319.4355572590274619
98700 305.27910208398725445
98800 303.5769502066775658
98900 317.63749830617535963
99000 300.570880800897271
99100 316.23454558394678315
99200 317.64360201740515777
99300 311.5771271683236705
99400 321.93075854954440729
99500 315.12305006153076192
99600 292.44032945980632121
99700 307.22027728642081001
99800 318.77627884156737537
99900 313.2961232802559266
100000 313.13239135220652543
