# Fix print output for fix printTemp
0 309.99999999999994316
100 317.58528719550093911
200 300.90714489419633537
300 320.95754571815717782
400 314.63429907090358029
500 306.74815305517608977
600 327.52624411435522234
700 310.37011618076701325
800 323.06974879718472948
900 313.57052036661235661
1000 291.85525384695154116
1100 307.02577581859077327
1200 310.26797358260591864
1300 313.91800807740247592
1400 310.44189541226592155
1500 321.18642245096918941
1600 309.33628494846141166
1700 286.40234563643224419
1800 301.69868574944354123
1900 308.1261021906015003
2000 318.42359846484418995
2100 301.21480271950144925
2200 304.01082631518386279
2300 311.8704986005600972
2400 315.21719678454252289
2500 316.88362650689145994
2600 297.70847114190252114
2700 298.41540841437699783
2800 311.38130039402722105
2900 308.34947278654504998
3000 309.8432445990779911
3100 317.96342851688410747
3200 301.86356637160906757
3300 326.99492016331726063
3400 321.41850132214068481
3500 316.64700888136832191
3600 317.29350800377983433
3700 320.83741065154606531
3800 311.28341844449965947
3900 303.01818883543899119
4000 308.16409434584551263
4100 322.13363613465736535
4200 296.29358207388719393
4300 313.40037178918754535
4400 301.97328791878231868
4500 309.18059869469396972
4600 307.27634079736623107
4700 318.28868253416101197
4800 304.23790576166106803
4900 307.14696767886647422
5000 311.27159884770503595
5100 297.12625078849782767
5200 312.20356368885592246
5300 311.65545260103999681
5400 308.61537006761551538
5500 313.88902850553444068
5600 315.95554114344201935
5700 306.11795291936186914
5800 309.83055341685491157
5900 296.14950532604439104
6000 320.10407228701450322
6100 306.46236400491142149
6200 305.65505352430204766
6300 302.23355381593063385
6400 307.92176629582957048
6500 328.52340512597493216
6600 319.23187346585729074
6700 295.48129042073639994
6800 309.2882582313588955
6900 300.52931837593462205
7000 305.64008601553172184
7100 318.46512984882423325
7200 306.54250947838266939
7300 298.87103568827677691
7400 312.86607392213568346
7500 324.1558949310473281
7600 298.29805202631769134
7700 317.15904072325645302
7800 312.09789949998730663
7900 302.69304815975266365
8000 320.23503360838577692
8100 309.75368347709036243
8200 297.41744681114329296
8300 302.83140463398621023
8400 319.21796298597251962
8500 312.5753535057690442
8600 308.81180688037483151
8700 308.81075388479229105
8800 310.45434597822327305
8900 319.1211414262420476
9000 324.87192955575818587
9100 320.24856528632267327
9200 303.20139389758128345
9300 315.57728517601736939
9400 333.35324468215748084
9500 314.97875739497999348
9600 327.15811371449990475
9700 311.86701594363358936
9800 296.47949419289096795
9900 308.54042677448018139
10000 309.15609369322021394
10100 283.84889660147382529
10200 305.46116849631482637
10300 292.77867598976251884
10400 292.76852013483505743
10500 308.9660983440529094
10600 297.25165387808289097
10700 302.39678743462644661
10800 307.61416152128958856
10900 310.5980762257043466
11000 317.36356395987729684
11100 319.35384111031731891
11200 300.18820388391111464
11300 301.45556288724696969
11400 302.9061141247855744
11500 313.87084352130773368
11600 316.51315344767243687
11700 315.04771329870698082
11800 307.90653558430386738
11900 310.60335250256395057
12000 304.08686949372480512
12100 317.68539187749087205
12200 314.4454081969711865
12300 311.34317598615001543
12400 306.67326585868073607
12500 298.26562346247646929
12600 309.97041931072311627
12700 306.194997770014254
12800 313.69584211507259397
12900 325.41085157847447817
13000 304.84457996153605563
13100 298.44635551457685096
13200 302.21065544282288329
13300 300.98107842411309321
13400 317.73479539262757498
13500 294.87292188105425339
13600 323.10350320837466143
13700 325.13214792775795559
13800 325.5023264528045388
13900 307.57902965563334874
14000 314.10620811083583703
14100 301.89133108750900192
14200 297.74345204772839679
14300 318.56642501754811292
14400 311.71954510270677474
14500 316.74134961383964537
14600 315.92328616915392558
14700 302.8757939697837287
14800 305.72736049482392673
14900 308.05537633836854639
15000 309.91988906097827794
15100 303.9485383538793144
15200 303.13437781867770582
15300 293.55955381635885715
15400 307.24739280818118914
15500 319.61322635294317251
15600 302.81964374569565734
15700 287.01102441494072082
15800 312.60158012743352174
15900 317.32269330417597075
16000 305.01264333409721985
16100 308.23201670437271105
16200 316.10433147522002173
16300 306.07369723598384326
16400 308.96302708650915747
16500 291.80430695635237726
16600 305.3525231302770635
16700 325.00505632178118276
16800 324.61522870563095466
16900 312.24730019178929297
17000 301.87489973817935152
17100 298.06531111904428144
17200 306.32337478199241332
17300 319.987606456653225
17400 305.87150967738296004
17500 320.20889903855879766
17600 300.55984082006136759
17700 299.82630539352487631
17800 303.84934621154354772
17900 309.70391717003337817
18000 317.78486822949844282
18100 319.02656441843862467
18200 303.85343418080634592
18300 302.74899807753740788
18400 320.12696555291796585
18500 311.52630025642594092
18600 291.87691356253122876
18700 307.88680911064824386
18800 317.34339518282990866
18900 315.81729091046798885
19000 290.55944546396187889
19100 310.00306651869505004
19200 309.77610118774271086
19300 317.36669776416084687
19400 308.10904761950075681
19500 306.78127523188470605
19600 309.20677063160036369
19700 312.2075781813881008
19800 308.10583001686853777
19900 300.9563306413934356
20000 332.39370488976118168
20100 314.09295553101651421
20200 306.15630665125780752
20300 307.62342978182687148
20400 325.40443121564373996
20500 323.20659584725592595
20600 319.36103591794721979
20700 313.62701365936828779
20800 305.52549756438997974
20900 313.34787228141902915
21000 334.20842045801907716
21100 307.70174606214760615
21200 314.95334182077596097
21300 320.06898278155767912
21400 318.90546287107088119
21500 305.90160990913580008
21600 314.85278365194739081
21700 330.31607232369731264
21800 312.93440155676495351
21900 316.55751850107270684
22000 327.27614289194463026
22100 313.17684747543000867
22200 306.13560579463194244
22300 314.66746344190715945
22400 320.38238179840897146
22500 310.34626927879622826
22600 314.12173829649162826
22700 323.11144961315017099
22800 311.05629891139074061
22900 309.15379053371822238
23000 291.50509379124383713
23100 306.91551299397008279
23200 307.66816035728345469
23300 310.8748626204715606
23400 298.19316732220363519
23500 306.6798544524884278
23600 305.79145684155815843
23700 305.80261543407897307
23800 309.02643772862211335
23900 314.58612922187660388
24000 309.5717538135365885
24100 298.07833650763467404
24200 316.91197607450112628
24300 312.64762368022564942
24400 314.13727986560326144
24500 308.37727227361222049
24600 297.75131614912345412
24700 292.73399704168377866
24800 309.54400417156779213
24900 304.28825031558324099
25000 316.65441823028675117
25100 314.64544448249569086
25200 307.32497307236582174
25300 322.94862764096114915
25400 301.44947964460288858
25500 313.55465333996050958
25600 315.59650618696929314
25700 301.19997388604008393
25800 316.1845875580877987
25900 321.49917240800328955
26000 312.02886648366336431
26100 303.52123197536525367
26200 297.05437783838061705
26300 305.59602950377774278
26400 313.87216677130760445
26500 311.3648538173646898
26600 309.03897142216692373
26700 315.85265436777791592
26800 318.48691701658077591
26900 327.57386986701885689
27000 304.19711504919268918
27100 287.09772022143567938
27200 308.22564533779734575
27300 317.59925295145211521
27400 295.09963270609745223
27500 303.38793701283981363
27600 317.32666097252433701
27700 300.69439067919995523
27800 304.06098915739107724
27900 308.7009883336928624
28000 317.14315624605313815
28100 316.32541168035334067
28200 307.82705446696098761
28300 292.98010740743939095
28400 305.09058697631439827
28500 319.80873657058248227
28600 312.4916415044237965
28700 300.06086287790560618
28800 306.80786137709191053
28900 298.79759404342939888
29000 307.49959723483556218
29100 297.87279379807802115
29200 323.59528527228735584
29300 311.1449297322741927
29400 316.09989940638388362
29500 318.72863123910042304
29600 303.3314708096363006
29700 314.23394966661436456
29800 326.46254921211550482
29900 318.3917692540179587
30000 297.03492936494728838
30100 301.33532142761043815
30200 285.86353913871232635
30300 307.83319523197252465
30400 312.78615915657132973
30500 303.97368386052340838
30600 304.47400412251658963
30700 304.29951117234350022
30800 317.14671158077641167
30900 305.29717062007688355
31000 293.90420887473084122
31100 304.70793866202984645
31200 312.83146990547965061
31300 319.53062251000642391
31400 329.28228506107353724
31500 334.73483773829144639
31600 309.4291496399153516
31700 301.45043656494158313
31800 306.36743573560488585
31900 316.95951640652111791
32000 310.76773345039742935
32100 317.99980347102717815
32200 312.34352640440545201
32300 311.22069634314652831
32400 323.99817860003020087
32500 300.46962974052911477
32600 296.89384155769641893
32700 315.25924092393154297
32800 317.56238018311159976
32900 316.47636765453961516
33000 309.8499569502578197
33100 301.75137184584946226
33200 324.66794323083217932
33300 304.55963965024693607
33400 302.50922583435055913
33500 312.21963353855369405
33600 317.25768589355504901
33700 317.92489619248090094
33800 311.20957705871313692
33900 308.78337808526714525
34000 315.32525934319994576
34100 323.86959150850350397
34200 308.48037239191916115
34300 294.52728997888715412
34400 296.24281871421169399
34500 317.5934718431705619
34600 327.18880672693080669
34700 292.29602671689218596
34800 308.67921208401736521
34900 311.15085390213465644
35000 306.88336660677549617
35100 299.74198619258760345
35200 320.65960003266866352
35300 316.55059645042257443
35400 320.75117089034955598
35500 315.17281784691539315
35600 318.40365557277863218
35700 314.50190408247618734
35800 308.7200718573151903
35900 306.43018268116543368
36000 313.68309783702187588
36100 317.85864489327013871
36200 316.31924904356452544
36300 308.66472847952650227
36400 303.23550262917848386
36500 298.2875708152473635
36600 310.3604868798478833
36700 302.68421875776743946
36800 309.60706455288988082
36900 315.98949038642166443
37000 308.94864521588812067
37100 312.25373850378389307
37200 310.03974531333381037
37300 315.29439738234299284
37400 311.17160490396338446
37500 307.88895112496300044
37600 313.9575002890281894
37700 308.80234916164005199
37800 308.34679002337639986
37900 307.45588979353442483
38000 313.44078349170013098
38100 296.29899265219529525
38200 292.2118657598685445
38300 307.72006253273639231
38400 315.93595531627386208
38500 315.9734471120885928
38600 311.48379636699888806
38700 290.98193660207084577
38800 302.45527158871772144
38900 313.44171450495571207
39000 296.32795723040396751
39100 296.93185958059211771
39200 315.24511440860891298
39300 313.67691798641732248
39400 303.10824079955386878
39500 304.23876014645617261
39600 311.21272957024712014
39700 306.55289902970741878
39800 310.04171904476527288
39900 312.03495484613932831
40000 312.51212926466860154
40100 318.91277836761423714
40200 304.45663266226858923
40300 298.3215165142782439
40400 321.63380061055937631
40500 316.72161339080247444
40600 301.46051009063228321
40700 304.91312933984681877
40800 325.68884161821870293
40900 308.79895212175546249
41000 304.39773034598437107
41100 300.75846847158840092
41200 304.60765940001834906
41300 312.53958306489170127
41400 315.27354098005213245
41500 308.46793711578527564
41600 308.04336639661852359
41700 302.59426679085635215
41800 307.01139093643723754
41900 320.00334771999462191
42000 328.34642960668617206
42100 300.98866477020152388
42200 312.03733673662463843
42300 316.71295538594870322
42400 313.83586216517352341
42500 304.12203073807455667
42600 294.31040031714377392
42700 307.50421892791933942
42800 312.30869640793605413
42900 306.05561631343971385
43000 308.04479555614614128
43100 324.81111634560858192
43200 311.43215675070160842
43300 301.91808318784364928
43400 294.30427850919221555
43500 305.93458392354818898
43600 316.78881548631090936
43700 304.711127561880744
43800 319.62426308441706624
43900 307.69951051803258224
44000 301.39863387544164652
44100 296.16210819283492128
44200 300.15897568277711116
44300 315.28166067803005035
44400 325.08852350709486245
44500 309.99280051114584467
44600 313.97627526730320824
44700 313.94497708668927771
44800 319.18441016902625051
44900 313.47328273632962237
45000 297.63907815812837043
45100 304.21192054283261541
45200 317.88446508287364622
45300 320.88762798966422451
45400 301.94653286064874465
45500 317.31684907380287086
45600 314.39823334305248181
45700 295.99596741778634623
45800 300.09326430302229483
45900 316.80079099748598992
46000 317.37929500716285247
46100 290.4315562201644525
46200 302.74059525738272214
46300 311.54357720087153893
46400 312.75506121281523519
46500 314.32157174941670519
46600 328.27510602549631358
46700 315.99687801899727901
46800 318.43577095032190982
46900 317.70552280514266386
47000 302.12344745992157868
47100 300.14113918636064682
47200 290.67068848508426981
47300 310.14952311172874033
47400 310.74892210096317058
47500 306.2508581348753296
47600 311.33279505821815292
47700 322.32300607179615781
47800 299.82421501709325184
47900 308.44588709009451577
48000 314.74512898553660989
48100 313.01966363685380657
48200 302.04929065842009095
48300 317.58423670085301183
48400 292.24209645345609943
48500 307.69266759076668905
48600 310.18525426557789615
48700 301.05008021710978028
48800 294.01284222180225925
48900 309.340157824865571
49000 305.97435067810965847
49100 314.14468525901673956
49200 323.52651236785447963
49300 292.80095010173613446
49400 304.64550995876828665
49500 299.94108389103251966
49600 297.60875201522253519
49700 319.70661983974599707
49800 322.40088800810485736
49900 306.84993995615042195
50000 308.09400294161605416
50100 305.22799932989460103
50200 294.79868123977058758
50300 284.70445211989186873
50400 321.89038885028782033
50500 316.08141279744535268
50600 304.90466265336198148
50700 310.51001940743105934
50800 317.96045542919972604
50900 302.66247466777622321
51000 310.50954774242148915
51100 318.25074633244787492
51200 317.39826346144934632
51300 306.71452893499673564
51400 299.23063154865587876
51500 299.45093299828710087
51600 309.06773744318695663
51700 313.12792342863320982
51800 301.35415126480575054
51900 309.37769438468120597
52000 313.2403008459979219
52100 314.81930114036856594
52200 323.42788218111388687
52300 316.29769819701567712
52400 303.00137771515676377
52500 295.19480304585357544
52600 305.83486233668082832
52700 320.05280597412433963
52800 315.34091064828061235
52900 322.31388693612063889
53000 309.84112232802181097
53100 302.1118455246229928
53200 316.7066893471090907
53300 317.99714920697601883
53400 314.62227509092076616
53500 312.4954521899733777
53600 313.67938320543328246
53700 288.31332670174532495
53800 307.81383127998208238
53900 299.04637152716003357
54000 312.03832352163277619
54100 317.89007871572812292
54200 328.74028416511805517
54300 304.53574741584355934
54400 310.12771538313387509
54500 320.86303282638556311
54600 305.16058152693807415
54700 324.8361832376390339
54800 315.39781566589715567
54900 312.35456867268146652
55000 306.46304351805054011
55100 311.3916924032884026
55200 302.3287654966686091
55300 291.93134507952362355
55400 325.73079233902751639
55500 324.41499531302059722
55600 301.89811058364551855
55700 308.18742174146927937
55800 305.95020320155964555
55900 315.77204008909308186
56000 315.99249158448458275
56100 301.50476618113646055
56200 317.74708280159472906
56300 302.90715992591714212
56400 316.15635972886411764
56500 313.21102485817635852
56600 313.78312996243300859
56700 297.89496231452352504
56800 303.60536299551245065
56900 309.23819357629713522
57000 305.01674748532195736
57100 324.27322210959687254
57200 312.88261900646028835
57300 315.73847758860119939
57400 296.26975837989914453
57500 301.867808200741365
57600 306.84280837895238392
57700 316.18724422820980635
57800 309.70559025117057672
57900 330.95019664567939799
58000 314.24432659165950099
58100 319.57576069920776263
58200 320.534063709868974
58300 297.47457749305402785
58400 297.21840764955294389
58500 316.69508162767539261
58600 320.90396589439495756
58700 299.07269847462174539
58800 313.10071323964609746
58900 303.68481483896340478
59000 309.92227151027663012
59100 313.76348449113618244
59200 307.99766284972861285
59300 301.87177712851462275
59400 309.44470106956003974
59500 318.42678423645332941
59600 329.91735548461764438
59700 317.24760114698705138
59800 309.05244897326633691
59900 310.58767672476028565
60000 319.27001190479762727
60100 305.8296094511936758
60200 303.23254485743677833
60300 302.2555047491713367
60400 303.47718667179395879
60500 320.85328202677885656
60600 308.35229218201931189
60700 312.14120137336539074
60800 307.96485866146088028
60900 323.51749623426212565
61000 309.81554750953529265
61100 297.56551227308796115
61200 306.75408584127950462
61300 323.30109698492020698
61400 319.70818934359675723
61500 312.92695148394687976
61600 319.15760070713173491
61700 324.67431893610796578
61800 301.69233188940444279
61900 307.48445028624092856
62000 321.27594706511183631
62100 311.98315975887993545
62200 298.04870088707411924
62300 296.07887292918422872
62400 317.68172207179190991
62500 311.24010162581100758
62600 310.96114577303387705
62700 308.79437871305270846
62800 308.68214633207014685
62900 311.21430649316727113
63000 306.22311485944868537
63100 302.39799606550451472
63200 298.33368329781910688
63300 308.47945248609812552
63400 313.15873796941912133
63500 307.32806489961944862
63600 301.82496053400240044
63700 309.82351078085815743
63800 321.77733048002028227
63900 320.36367005074845338
64000 303.33382908094608865
64100 315.4654660437636835
64200 315.39745472617119049
64300 295.91869311812007481
64400 309.19267547853519318
64500 307.70252528582227569
64600 308.29204317014114167
64700 314.07276573625648552
64800 310.19019428418670259
64900 305.46672000810769987
65000 318.74810455458981551
65100 307.17571850154399726
65200 312.9680407243145055
65300 308.92379569986718479
65400 308.92849843168596635
65500 298.73004045964739817
65600 295.64625812450111653
65700 299.84842763954844713
65800 305.88222914847847278
65900 310.64854876129140848
66000 316.75037965036966625
66100 327.74166764164840515
66200 310.81146606803946497
66300 300.96378905069298071
66400 299.90877691686853268
66500 321.66298838406845562
66600 316.91315329587570204
66700 315.16249655017446685
66800 315.16165957641283057
66900 319.35622807002499712
67000 311.43629672105720374
67100 313.67090605847226925
67200 300.68517370057026028
67300 312.607237685695452
67400 318.32673148191383916
67500 309.25060398759273994
67600 309.07746300556033248
67700 307.74498939363849104
67800 302.55333266306013229
67900 321.5122987929415217
68000 307.53602192055382147
68100 306.57034369013251762
68200 304.60330383518675035
68300 312.56561887526555665
68400 290.79823020679225465
68500 304.98634381380514924
68600 319.40731222886290652
68700 294.69032171520666452
68800 313.2688841460412732
68900 301.66955283917195629
69000 307.65952054385695646
69100 307.56760995940447856
69200 315.20332231845276283
69300 304.12554306975670215
69400 313.7942151008017504
69500 318.04803343811312288
69600 313.57067010121863859
69700 314.15974795217130122
69800 302.28658961341977829
69900 306.30444849356143777
70000 315.18004299208672592
70100 326.71134030942266691
70200 325.76583326831132581
70300 319.1427059439201912
70400 307.09037465642029474
70500 320.17523218974832844
70600 310.63061524352104925
70700 309.58365033388963639
70800 306.53098268867250908
70900 297.59478364001705586
71000 307.22083368069922926
71100 310.94888464821633534
71200 320.05730926127722569
71300 316.05296052443014787
71400 315.49499513362201242
71500 315.31245206878094223
71600 294.86110598693016982
71700 304.22494780487721755
71800 297.12329824542911183
71900 300.83844538381396205
72000 307.97530219929751638
72100 324.39438919522530114
72200 315.53428129043589934
72300 295.13401809445906565
72400 305.77318625599724555
72500 305.80763530054917965
72600 308.47508325499819648
72700 306.21888753123346305
72800 310.71687187249352746
72900 324.32556303637647943
73000 304.12112020083890229
73100 301.99089633622719475
73200 309.29915268545931895
73300 312.74220558167246509
73400 309.83243288611527078
73500 319.92978402960841322
73600 294.26461958710046929
73700 315.37962277514213838
73800 311.24354100545957635
73900 304.75503207556317875
74000 297.10112902503948362
74100 312.77169906657047704
74200 302.08583201751207525
74300 301.92963094904609989
74400 314.20950899996034877
74500 302.5901711969076473
74600 328.67729923805103454
74700 313.00893923400536778
74800 303.55443026591495936
74900 292.90067523401523886
75000 303.27956846275804992
75100 319.29623473547229651
75200 299.60624494891482072
75300 320.3158103055598076
75400 311.99854731215765469
75500 322.95900274652672124
75600 320.88631095820585415
75700 300.53080533832883248
75800 327.76257034060859041
75900 313.26352102518268339
76000 290.6795864219694181
76100 313.20812398940512367
76200 313.66391070867894086
76300 319.73431801249273576
76400 315.72106404862267937
76500 301.54979616285129396
76600 303.74896784368098679
76700 319.84254293542352343
76800 321.12357784851724318
76900 312.00408383417061486
77000 296.5521160567326433
77100 311.49146697483200796
77200 320.01448193933157427
77300 319.64236825248718787
77400 303.42934639735415203
77500 305.01724080393842087
77600 299.91647019540664587
77700 326.38961456889842339
77800 299.98655620154886492
77900 300.07418889476826962
78000 315.9511306730600495
78100 314.81611706492680014
78200 308.68607115005170272
78300 310.47480004346436999
78400 310.10367787383847826
78500 310.30915891928634665
78600 319.25972135410785313
78700 312.66692445892289243
78800 308.67155238033666365
78900 312.51878136123764307
79000 303.54489523238214588
79100 306.72839036923249978
79200 313.34284186384928717
79300 296.53951212339023868
79400 313.19341763821768154
79500 314.72379787005473872
79600 310.96357693147456303
79700 310.17732839211578266
79800 314.99290556666238672
79900 320.5752748781242758
80000 302.65044098570740516
80100 305.69777458373613399
80200 323.2231554539000058
80300 299.56068086724548039
80400 308.38206634351661251
80500 310.46588232555581044
80600 298.81856076867956062
80700 309.06614927445622243
80800 316.96553119668561749
80900 339.03060316859711065
81000 304.2625679152214957
81100 305.12488282072581569
81200 297.33142916321145321
81300 319.98018687623329015
81400 311.67772449587039318
81500 306.91086376139583081
81600 307.29081272553685267
81700 302.39373712739666189
81800 306.19380491284346135
81900 314.93933156238244919
82000 310.188314140138516
82100 324.37903334146187717
82200 321.26650004290871721
82300 311.0662147929745629
82400 300.30477591711468222
82500 311.06765728923852521
82600 309.29740302712633593
82700 287.40913621813587042
82800 305.27486143533974428
82900 331.6738293635755781
83000 323.17223014274861725
83100 327.54069757663967266
83200 323.90739405652328742
83300 319.76533884891250636
83400 303.79908216100602658
83500 318.44372235154685313
83600 313.30982339200130582
83700 304.99896717551916936
83800 305.64927069391728764
83900 301.38814013226090083
84000 305.46132433184504862
84100 322.44454315930840949
84200 314.38599568788805527
84300 311.46688208304669843
84400 296.14062327528296237
84500 310.67817884818538232
84600 312.62597765923817406
84700 313.46653189793602223
84800 314.70158694332400273
84900 306.67115565041785885
85000 314.52731682315493345
85100 313.46406055323751616
85200 304.99597284356161708
85300 314.61772741057819758
85400 295.69925318383167223
85500 311.02161315656729812
85600 311.91311412971987238
85700 332.12372443480495576
85800 293.62279497484070134
85900 294.96149641805459396
86000 293.62992522731838108
86100 302.63686268940807622
86200 300.28572237483979279
86300 300.20681023826989531
86400 313.38558532966629855
86500 310.62667824509668435
86600 324.98796859068488629
86700 312.49532011431602996
86800 306.11530493563492428
86900 299.90231469241109608
87000 294.27537791388630239
87100 302.9321010141344459
87200 315.18667644991035104
87300 327.70088812251589161
87400 313.61854520734522112
87500 318.54309139658147387
87600 313.48952195181027491
87700 301.13038112530307444
87800 299.93704013369494987
87900 310.35750268173325139
88000 308.1325706697964506
88100 297.28496416146811043
88200 314.22253038273584025
88300 298.50363538500334926
88400 302.75354544133892887
88500 323.33977745793464464
88600 311.18635131768598967
88700 304.05024590241720261
88800 303.37556879763633333
88900 303.46762414990575962
89000 311.86173253846521902
89100 302.86252642676896585
89200 308.47227922311850534
89300 309.90571521099792562
89400 325.28218342119430417
89500 320.03111605626008895
89600 297.18844851715880395
89700 314.62934530882716899
89800 325.81084354781665979
89900 323.63307370610732505
90000 296.01192826388631829
90100 304.80961496082483109
90200 309.1507820280554597
90300 310.62392737091653316
90400 291.53260061979261764
90500 310.49397274836758243
90600 324.36882886839237017
90700 305.09234448624397373
90800 293.53005748147216991
90900 292.51527714866961105
91000 321.80418984064397137
91100 312.70699286789732696
91200 296.02170732218075955
91300 325.37929474295327736
91400 306.93555482567938952
91500 304.54799707929294073
91600 303.51160593863369286
91700 332.7463134476733444
91800 307.0425221070634052
91900 301.72437547708125294
92000 302.85248982760492709
92100 309.94365291726489886
92200 322.01565169235550457
92300 310.90600812326647429
92400 297.34412978350576395
92500 316.76877191669740341
92600 317.14208200723481923
92700 300.14125513283636337
92800 306.19180250475920957
92900 322.22576872054867181
93000 309.24073435976379187
93100 310.63289059901501332
93200 333.44639486614619273
93300 316.83187547957209063
93400 320.13067353538002635
93500 313.21924056197059372
93600 302.23308966510023765
93700 314.26355436975950397
93800 309.47696677163770573
93900 302.57670508270217624
94000 310.15487694332585988
94100 320.51985206637675674
94200 321.68805413381488734
94300 313.1881607482414438
94400 288.71306579734857678
94500 310.35771784920387972
94600 327.44473738472436253
94700 316.04460463483809463
94800 317.44444580348147156
94900 317.37610685553892154
95000 321.31966139646107194
95100 315.04543172595509759
95200 301.19341331643079229
95300 329.95191569690462075
95400 309.12067047103533923
95500 300.74841987215830841
95600 298.44505971884160545
95700 310.6105599355786353
95800 323.80387654199199687
95900 294.86401210907183668
96000 311.7688944585922286
96100 314.3310171934544428
96200 314.82653617576943361
96300 308.68889858121599445
96400 313.29654524365139423
96500 295.62966242807283379
96600 309.47071451090317851
96700 302.53387910411555595
96800 310.0876544703415334
96900 312.41399608938968413
97000 318.54579685373721532
97100 312.64910973669628902
97200 319.86747291975314056
97300 322.77171639836603845
97400 300.96628280930616484
97500 311.19183896253582589
97600 308.72998881836235796
97700 311.85511255427951482
97800 320.93311417893568205
97900 313.10870707411135072
98000 305.61590334764065346
98100 288.48983367043547332
98200 314.53833825026623572
98300 313.15771154576674462
98400 299.75788186740322772
98500 306.38170208886538148
98600 303.30132778953020534
98700 317.32498552734608666
98800 303.44923851042199203
98900 310.88210572666196185
99000 310.78184297820104121
99100 294.00011474667377342
99200 310.13750529340194362
99300 299.93604036100106214
99400 305.89700962991548749
99500 318.58031201520111608
99600 301.93588498964601285
99700 303.74768017692196054
99800 324.39842036303809891
99900 313.05774035726710736
100000 298.74298376660158283
