# Fix print output for fix printTemp
0 309.99999999999994316
100 320.89611455429297848
200 311.54309312063372772
300 326.14724835673183634
400 312.60087141491823104
500 305.8614462607877158
600 318.30273414855741976
700 305.60078864900651752
800 325.29221146141372856
900 305.35444547673716897
1000 301.37987471004726103
1100 299.05442787644261671
1200 309.44191588181888619
1300 320.16486605463887827
1400 294.45032206283474352
1500 303.48562063499366559
1600 313.88658769513477864
1700 316.81647519209292341
1800 321.90266251455938118
1900 303.53318860168144511
2000 302.90092343917018525
2100 331.65476427164628603
2200 326.80913505723822254
2300 301.74185791170322091
2400 316.31955782805323452
2500 322.22929441564042463
2600 314.75125031209228155
2700 323.84055572285558355
2800 314.19576030013865875
2900 302.07324147782719592
3000 312.69467245663139465
3100 314.19262920946516715
3200 319.5507977470882679
3300 321.46928139530928092
3400 308.32336854428172046
3500 305.03577753695350339
3600 307.93740717520302042
3700 305.36287123395231902
3800 297.4298425914132622
3900 308.23366583644298089
4000 313.40160824756264901
4100 309.74408434958792213
4200 302.64529128334777397
4300 316.03175658788302371
4400 316.85525425155486801
4500 312.42360490647286042
4600 302.5516880477020436
4700 311.92509470342753275
4800 325.92859109317208777
4900 319.2028322680989163
5000 308.70103480955106079
5100 306.44565717009771788
5200 316.51933173049536663
5300 316.49204226994339706
5400 307.33594572437579018
5500 313.51610487934124194
5600 326.56335717403288754
5700 313.15307462760193857
5800 299.98946796615047106
5900 306.71686749528646487
6000 308.4071138809963486
6100 321.36794802495649037
6200 324.27954411746844698
6300 314.14291255718757157
6400 310.94988328565432312
6500 315.34915455033427634
6600 305.27159838762520394
6700 297.52226131061627257
6800 308.95865330059484677
6900 323.77656102024673146
7000 315.24744521038934408
7100 307.46979474562516543
7200 305.08143592771693875
7300 310.622088890602015
7400 318.50507143960697931
7500 323.59453891012628901
7600 298.57324753652460458
7700 305.83077843039797017
7800 316.49776258313016797
7900 300.66849587449911496
8000 325.57319397527010096
8100 312.14745929003430547
8200 300.04943251219913236
8300 314.27773590356980549
8400 315.94148380594464243
8500 303.34943362809565315
8600 292.64382410264812506
8700 317.78698808836298895
8800 317.63066099569226708
8900 297.33107584440193705
9000 302.13160236703134842
9100 326.39899509151678103
9200 310.55292893941344801
9300 308.78215533322907049
9400 302.1268626442799814
9500 318.09629826132288599
9600 314.36876872564965879
9700 299.59325204737035619
9800 314.93319528533697849
9900 305.40578076090298509
10000 301.0988157572497812
10100 308.03637161469475814
10200 294.50618017576357488
10300 299.93095716517393612
10400 310.2860822387110602
10500 297.80524931690740686
10600 311.91717348053475689
10700 313.26210274081643092
10800 325.76168232207754727
10900 299.12570060641769487
11000 321.12766416355162846
11100 324.27730490589851797
11200 307.91891750518107074
11300 308.87289072755987718
11400 323.98308877564443264
11500 324.87449277332569864
11600 313.81168782820992647
11700 302.28664807027581674
11800 312.61771830206168943
11900 296.60074621584095667
12000 311.58045071694846229
12100 312.78508771529044452
12200 296.91980610331751222
12300 300.28635550443516422
12400 303.33530627692329062
12500 310.94126112492898528
12600 319.61059219989977009
12700 317.6655809924791356
12800 307.54589617022588754
12900 302.04384894759755298
13000 304.21354456602045957
13100 314.18494301803025337
13200 298.11886969212775966
13300 313.58719248491269127
13400 315.35503673909613553
13500 307.12618600131798985
13600 304.01421743277995802
13700 314.23347361166804603
13800 310.29040752612695542
13900 330.77846142178134414
14000 320.06593372099030148
14100 300.43786620212438265
14200 306.69441233710153938
14300 315.21166246685510259
14400 302.95073054368720022
14500 310.98950387605788137
14600 319.38580504714866493
14700 308.28970287788314408
14800 296.12448029409750916
14900 311.36334233169009167
15000 322.19907348880030895
15100 294.07921462361520071
15200 312.26876644057762178
15300 308.05251017467395513
15400 290.84185345579919613
15500 311.438573280817252
15600 318.21881976604106512
15700 321.14576195293915362
15800 315.27708609575807941
15900 312.91820610733759622
16000 312.55826471987342074
16100 303.4112998779633017
16200 309.44596547458337454
16300 321.95465087741212074
16400 310.46272775169057923
16500 299.45314806983589051
16600 297.93002050239590517
16700 296.09791729239537972
16800 320.54076053265617929
16900 315.78435463013732942
17000 317.82305820405110808
17100 308.28689455848154921
17200 310.17356751479360355
17300 306.18059036510356918
17400 300.27294248254548847
17500 306.37446630773348488
17600 324.83939668259262135
17700 306.93926322253344097
17800 303.3982569094516748
17900 313.99411251467233797
18000 315.45226099476587933
18100 320.43192920168849014
18200 294.67267678496500594
18300 302.76287053129925653
18400 309.01816209040021022
18500 320.4172006346510102
18600 312.98672285118021819
18700 302.03459048876237603
18800 306.80388847897540927
18900 296.10952668922590192
19000 304.32291280290655777
19100 300.09407532990661593
19200 308.42645160510068081
19300 301.39642036869685171
19400 303.29660348541926851
19500 307.82351156998873876
19600 318.87871518251063208
19700 319.59021497585581528
19800 315.94893670788241025
19900 319.53460310081635498
20000 311.46002084227319529
20100 318.81241982440235461
20200 320.39195178291362254
20300 307.26905521686342126
20400 312.05560712618961361
20500 313.21886075882383693
20600 304.69998694840830922
20700 306.18830941318736905
20800 314.76177962357735396
20900 314.35349661052282499
21000 300.95874274333800713
21100 300.69013390375118888
21200 316.10496254143612305
21300 322.86210186051579285
21400 325.28400696927934632
21500 330.97455346630545137
21600 312.81885959098025296
21700 304.9984362298695828
21800 296.75998542914794598
21900 294.74399896580194991
22000 307.35893262103286361
22100 321.29315165386418585
22200 302.67270500423899193
22300 313.46863167266570827
22400 309.59338544543953731
22500 314.77291212768608375
22600 325.38622794892040702
22700 321.14048758297593622
22800 308.06646024242007798
22900 316.89758332693645571
23000 335.48217870868478485
23100 311.59721511887875067
23200 305.97295699977809136
23300 296.59387712940264237
23400 326.09018513142717666
23500 322.53669009260187295
23600 305.50178476011825524
23700 290.06069693466673698
23800 294.25169779879746557
23900 317.62983168354872987
24000 306.84183976222152523
24100 301.26656418165094919
24200 310.66053292885607107
24300 325.44268992466487589
24400 316.12366752740496167
24500 311.54290083456191951
24600 299.06643821690448704
24700 305.42888725917049442
24800 324.38460054501609875
24900 313.80743328026244399
25000 310.12436579246019619
25100 306.66124730536182597
25200 305.69913273249187569
25300 311.99120931065829154
25400 314.96491910378853163
25500 298.26516559839939191
25600 313.409820650340464
25700 310.52057345193264837
25800 335.08067040635921785
25900 319.2619345332013836
26000 305.7408469944624585
26100 323.92095786614396502
26200 307.6082035470072924
26300 310.2470152491753197
26400 296.99397855688931713
26500 302.98253742182771475
26600 289.82190874107135414
26700 309.17098291484296624
26800 305.98363689174391311
26900 297.84465767516411461
27000 314.39024074659488406
27100 314.08269398478461198
27200 306.83585559675390186
27300 319.19527538842112335
27400 298.21869538376972741
27500 304.73376329883518565
27600 313.38795781627999304
27700 328.73673357597192535
27800 313.68987677034562012
27900 312.21123823653704221
28000 312.05879763811651628
28100 316.05503339582065792
28200 311.07806209261326558
28300 300.33953588850909
28400 296.45802579064485371
28500 304.48557652260120676
28600 323.85796419350299402
28700 309.67266799071899186
28800 317.67454985551120217
28900 306.48565985633189257
29000 304.73541608945225789
29100 303.4412539239269222
29200 306.8633292839641058
29300 306.38410541515429486
29400 304.91623751195839986
29500 306.78839320952249636
29600 322.6448124002752138
29700 319.07471304924098376
29800 314.55154808065083216
29900 324.61647697809240753
30000 306.15465096785607102
30100 310.83296208502724767
30200 310.17250170881811755
30300 309.25681478929107016
30400 312.44929785929576838
30500 297.15391376872236151
30600 305.24800057780839779
30700 322.15005414636112846
30800 323.01597403093484218
30900 307.09126407500070854
31000 287.32830668076024949
31100 317.86317237108409017
31200 310.57924699234547461
31300 292.20961020617511394
31400 311.88033800391826844
31500 315.56553828905083492
31600 308.30907411058893786
31700 314.28008183807253317
31800 314.84543021761965065
31900 299.96627936035162065
32000 307.5953710664300047
32100 292.80878511733646974
32200 299.88274847359582509
32300 300.33252008403212585
32400 308.92505705129707394
32500 306.11906035351682931
32600 305.35341349767264774
32700 307.80921642101969837
32800 318.75169814824266723
32900 315.52311634923268002
33000 326.19789477793096921
33100 305.80323606110169976
33200 314.82663290634673103
33300 310.68285080014055666
33400 310.47091487978622126
33500 301.99570746571907875
33600 308.35736964217210243
33700 306.58632208204465996
33800 313.73047853811010555
33900 341.09595558909092006
34000 296.25084505478321262
34100 303.9817055996066415
34200 311.84096745114510441
34300 320.97833375734364836
34400 330.28475859558869843
34500 307.75326164746519453
34600 304.46576623389734095
34700 315.82424924223437301
34800 298.1697886287498136
34900 311.42572132772215809
35000 324.70183686991822469
35100 312.07344555571569344
35200 315.92584595944572357
35300 317.14130957606903394
35400 319.54847195937878723
35500 322.18340436955486439
35600 298.95884098671831453
35700 308.1809917588219605
35800 323.76223368350952114
35900 309.97124108297333578
36000 295.82481659051336464
36100 302.63498958801079652
36200 309.27021995807598387
36300 331.28597526117556527
36400 321.13101226757328277
36500 286.07013073873645226
36600 312.37936976334020756
36700 305.09243869615283984
36800 299.47418600031033975
36900 305.53617677178880285
37000 300.39511581750656433
37100 305.55211806646332207
37200 294.61043376299880947
37300 296.58343725114809786
37400 317.69513548145823734
37500 309.33630591107151986
37600 323.52978103188922887
37700 316.47300995188464867
37800 311.53329008691969193
37900 310.24400123875716417
38000 307.80382498118325429
38100 325.25789497894288615
38200 312.62290599976603289
38300 310.7373934548642751
38400 309.93825356994028652
38500 308.4785007835719739
38600 311.36641436053372445
38700 295.77913793301780743
38800 294.73627357696750551
38900 321.57330194716882943
39000 316.97324983190100056
39100 303.52308007507639331
39200 306.41209883231692856
39300 320.57575135624995255
39400 313.80135861920803109
39500 298.70642225647679879
39600 316.82536587486555391
39700 298.86658650884226063
39800 308.38327327590974392
39900 315.89951160984497847
40000 317.1280074051744009
40100 306.97981612213521885
40200 297.22747102996862623
40300 321.04131362790519688
40400 315.1776453332206529
40500 311.62053179878614628
40600 324.26592879402545577
40700 315.05571597783728066
40800 327.99775766206988692
40900 322.99186438305537195
41000 311.45384660584005587
41100 299.5276848922308659
41200 307.41437506153101822
41300 320.97148691616877159
41400 306.70703512701550153
41500 298.55949153906072979
41600 328.05518765868310993
41700 319.17540732391097436
41800 300.8704799265488532
41900 303.73699970266375203
42000 305.00219832609496962
42100 316.92294171306912176
42200 311.85706192385663371
42300 317.72711511534089368
42400 307.16175355695025928
42500 300.17184251009769014
42600 311.53397093374445603
42700 309.70288341553595046
42800 324.22332650086076455
42900 299.13080044977908756
43000 313.67696182663985383
43100 320.47105658257117966
43200 319.26446479417279534
43300 306.90948213389441435
43400 314.44873180512871613
43500 322.29261297224911686
43600 310.38033164243216788
43700 319.93950428782329709
43800 285.08617443784487477
43900 324.25379959376220995
44000 315.96241258617044423
44100 300.15275681513207928
44200 308.24489779280810353
44300 305.24833885253048038
44400 318.3532856780021234
44500 296.41498919638786447
44600 306.11764429501880613
44700 310.83360389520652234
44800 324.81293909179510138
44900 313.76729911388497385
45000 306.21907053951406397
45100 300.86549701649329336
45200 300.2239041882927495
45300 326.07993617756233107
45400 311.86009337827840682
45500 294.97256890868789014
45600 301.61777940908422124
45700 322.53896219546538759
45800 320.58906353740320583
45900 311.73057731464120934
46000 324.82308690183020872
46100 303.1887545576720413
46200 295.86233044522845148
46300 297.9829594789159728
46400 318.77624410470093608
46500 310.84266364418266448
46600 312.2456297446882445
46700 327.06136055562143383
46800 307.28104243130201212
46900 309.96707062990742543
47000 322.14824338360705269
47100 318.03650915223278162
47200 310.15154558662339923
47300 307.21011233040837851
47400 295.03662480280411273
47500 317.31381551670665431
47600 290.54109099696455587
47700 307.97846093392053035
47800 300.83773786942606421
47900 308.05541272377962514
48000 315.90014662955911717
48100 299.7176281935205111
48200 305.92720623492272125
48300 314.58395435115323835
48400 319.35746562905370638
48500 313.87720460363783559
48600 316.6748976265051283
48700 299.20467012371432247
48800 299.58209325577070103
48900 314.28919382493648982
49000 312.62214344474472227
49100 319.20517620555995109
49200 324.13185639482810529
49300 312.31458999819705014
49400 303.59632896560822246
49500 307.74136489755733237
49600 316.46161684797567659
49700 324.63128324917244072
49800 300.87015516625569944
49900 298.53424920286869337
50000 319.377951591641704
50100 325.72887226440167296
50200 309.02664381531826621
50300 323.74161461531173245
50400 310.61049415389504702
50500 283.96774341280422504
50600 298.13900642234915495
50700 304.66952204831568451
50800 330.9417769766374704
50900 306.24392399709302026
51000 306.24234035743688764
51100 307.41851716647607873
51200 318.27416908310044619
51300 304.9182309469424581
51400 298.01830764887432679
51500 307.07837518086944328
51600 314.65000634608259134
51700 315.47349645133158447
51800 310.41966004536681112
51900 286.41370443748985508
52000 300.80718002357065188
52100 287.91223589221380053
52200 301.78298767675886438
52300 317.12221723720898581
52400 321.61940757926106471
52500 315.31533944808120395
52600 306.67397682818125304
52700 294.35031612253902722
52800 308.81980868352889047
52900 296.81779753428139657
53000 300.23053042616317043
53100 325.47507236304988965
53200 313.62600826658649567
53300 302.79250360417449883
53400 296.41208743755635169
53500 316.08113258990488248
53600 320.72489002780127976
53700 317.01427722727618175
53800 310.76366223510018472
53900 292.13659032869935572
54000 314.08012467660057609
54100 318.4324027918506772
54200 306.88628012167566794
54300 304.08010564861774583
54400 319.79327640587615633
54500 313.72879120184899193
54600 317.58921089844074004
54700 299.89224073749545596
54800 308.12022377451728516
54900 318.78874157819069524
55000 323.62094730527797992
55100 315.33129477602636825
55200 296.27973478503383831
55300 314.38899664264801004
55400 306.8164925316820586
55500 310.22615219507957818
55600 311.17695671522483281
55700 314.21899758961683347
55800 305.09112848242858718
55900 307.8333500238849183
56000 320.29162985315042533
56100 305.74173096727810162
56200 296.68945967537126762
56300 301.37260542343335601
56400 314.87654852546654638
56500 320.6597629627930246
56600 308.59578750036314432
56700 317.23111219818224527
56800 316.96671686649148114
56900 299.83712233888854826
57000 304.31131629033887975
57100 299.31576637310922706
57200 305.94088214663992176
57300 312.66724635898265205
57400 323.66657219299014514
57500 313.29156880407163044
57600 302.4180377888616249
57700 316.90630277251460711
57800 311.56406140545220751
57900 299.37654939520251673
58000 310.20986459383658485
58100 309.66705213668348051
58200 304.35927941793823948
58300 295.41736309638787361
58400 319.73738050310561221
58500 311.6837087862052158
58600 301.26589451830176358
58700 295.2358378552938234
58800 318.36835933478511151
58900 315.51206594038092135
59000 313.36166275051920138
59100 305.25625257571419979
59200 330.01765881928309909
59300 324.40512277842816502
59400 322.95288455923162019
59500 309.56238271908893012
59600 311.65125249814536801
59700 312.99010554503479398
59800 316.48058566866541241
59900 313.85044851693669443
60000 310.37569178794893787
60100 306.78822297105102734
60200 317.19781422236678736
60300 317.40192038430376442
60400 296.69585420403035414
60500 309.94155298445519975
60600 318.60663652854151451
60700 306.65586098923080272
60800 319.44225844453490026
60900 317.85963506622329078
61000 300.40082485785222843
61100 314.70030860324050082
61200 315.35357599087569724
61300 318.92895531630966843
61400 301.0109286565984803
61500 294.34420159755046598
61600 313.23781990448566148
61700 319.30173140535941911
61800 308.50833070112923906
61900 318.33495420361413153
62000 323.70519813588549596
62100 303.78202009845722387
62200 305.03972304968630169
62300 303.72880427448734508
62400 306.83450265821727498
62500 316.47186020129583994
62600 317.3595518523783312
62700 318.26730684104455804
62800 307.56407983187534683
62900 303.7251673374663028
63000 285.44552289678659918
63100 310.25641890166940584
63200 316.8190827115402044
63300 303.67826826578738064
63400 299.53579558712311837
63500 319.12507872882326865
63600 306.22814823796824157
63700 295.97253876697857322
63800 300.17632248919073845
63900 313.788386972682531
64000 325.29689688532891978
64100 310.57616671827889832
64200 301.71913714415751429
64300 316.17683057482150843
64400 309.59862262309167136
64500 318.5762329581840504
64600 306.97263122292781645
64700 304.96322196316930331
64800 298.42207171073289373
64900 311.63239684501252214
65000 301.8677954259562739
65100 321.64628420542243248
65200 315.30956201256327631
65300 319.34733386514528775
65400 319.15811826755737002
65500 316.17583569131159038
65600 294.88223026236261148
65700 313.81899104448621074
65800 323.53029264729610759
65900 305.4184045368609759
66000 298.1536196867164108
66100 302.96379542899734361
66200 304.36444483110039982
66300 318.15262357911512936
66400 314.00556906626957243
66500 325.86385915187508999
66600 304.85738310261444894
66700 294.99855851763629744
66800 318.23149474813072857
66900 313.79199093415775224
67000 294.20091327243858359
67100 312.20676750125949184
67200 308.71736701356797994
67300 308.40668239574677045
67400 303.73148769435431404
67500 304.32327551036826208
67600 304.5073710915984293
67700 294.61717022519508191
67800 302.61054345692843981
67900 311.93386530220868735
68000 302.90935360306883695
68100 309.45271391304049757
68200 306.9728236824493024
68300 311.96171043272886436
68400 316.01161094979244126
68500 315.33378549047159822
68600 317.20232693430421023
68700 315.25362646708219927
68800 313.04808871609895959
68900 298.94096427681580508
69000 303.75158229255839615
69100 320.62406022430684516
69200 316.11180851511619494
69300 324.78111857047935018
69400 323.04658745454088375
69500 301.68751356204592184
69600 313.96012982235083655
69700 318.57471628405022557
69800 309.9461376233697365
69900 300.81226410599668952
70000 304.08577724305013135
70100 314.97224391980108749
70200 317.51427817840192347
70300 306.48954408964925733
70400 312.86726286186205925
70500 289.55197599375344453
70600 308.15879119659274465
70700 306.41208011381081633
70800 316.52026287837924201
70900 320.86541122458959308
71000 311.87276331432570942
71100 299.68960177673045564
71200 321.78441346364485298
71300 318.20573167282333316
71400 297.28271319346669088
71500 306.22893942527076661
71600 315.58229562010563995
71700 304.37377739417735256
71800 309.34660563081382634
71900 294.61366853070063598
72000 300.93982810172451536
72100 312.32484275632174331
72200 317.73185079995107571
72300 311.76249468500043349
72400 317.16593074115394302
72500 305.7872986685645742
72600 304.18978171467995253
72700 307.22421496794527229
72800 319.26955490366157164
72900 320.46468598874309919
73000 315.39956097250370703
73100 312.40965719265204825
73200 309.51486201253408126
73300 311.64838017670950876
73400 328.97424295928834681
73500 309.46799155377021862
73600 311.35024411399263045
73700 311.34977498603109325
73800 321.25456519136497491
73900 316.17607633463569528
74000 304.22285562889715038
74100 307.50390200695898102
74200 297.32166347282691277
74300 302.2352882274926742
74400 316.09197706550355633
74500 304.35737947923047386
74600 300.83454243227851066
74700 308.00600893674953795
74800 317.23805814628542521
74900 306.62172484544521467
75000 302.86099649438398274
75100 309.22844131662992595
75200 311.75540971244555521
75300 300.33934255028913185
75400 304.05808568971627892
75500 316.77735735194056588
75600 312.86469566931089048
75700 312.05236416429482915
75800 294.45167791135531843
75900 300.12624775201368266
76000 308.66057434274796378
76100 313.46045710623769764
76200 314.04469796081127697
76300 315.89063331776333143
76400 296.16743057272447004
76500 302.40593462491091259
76600 304.00328547161348069
76700 303.51032256399355447
76800 313.3765854892710081
76900 303.95978766101063684
77000 305.35732345398355392
77100 308.17212416720565216
77200 295.24466966508094856
77300 299.93354725390059912
77400 313.64007108061309737
77500 325.80501093414039815
77600 309.43668442250651651
77700 310.29905631129963695
77800 318.7653688033161643
77900 311.50404207556329084
78000 311.13140827484187412
78100 307.3263527874021861
78200 308.31449596966120907
78300 300.11603127584999129
78400 298.37306257776549501
78500 310.62310024244271744
78600 305.11858318936276646
78700 326.96357152796264245
78800 322.88698321402335978
78900 309.56807128212437874
79000 295.99023011447252429
79100 302.07818524527044701
79200 304.48178657297012251
79300 302.53453353175206075
79400 318.48477480731753531
79500 303.64334127986342082
79600 302.16543689773823189
79700 304.6526417658631658
79800 327.45071939549228546
79900 321.29776317035293687
80000 312.84240255347236825
80100 312.01875910182872076
80200 322.19473528184619227
80300 294.05255101268920725
80400 305.10698461304207285
80500 298.75407200094406335
80600 315.73919386341987092
80700 300.76717411223427234
80800 306.93466118444609947
80900 322.24774435413098672
81000 312.65937500862793286
81100 305.70653559925978016
81200 304.84291822564239283
81300 312.81338929144584426
81400 311.15012264752186866
81500 299.84372131815268858
81600 309.34663716417975365
81700 320.84098196297804861
81800 311.28992550135131978
81900 303.12448272593599086
82000 307.48866060285951107
82100 331.05119816622629969
82200 301.69641352890346297
82300 305.0489585400180772
82400 308.87682560954181099
82500 304.80302430644366041
82600 299.90059673414464214
82700 311.72008860879191161
82800 317.05575937159454725
82900 311.21040711504400633
83000 317.53895275015702282
83100 306.69109789614918782
83200 305.74338467144428932
83300 321.99780515209357645
83400 317.13325291022027841
83500 301.25001739976744375
83600 306.10122858862587236
83700 309.43247500762316804
83800 303.24979988977503353
83900 287.97617698634957151
84000 324.31900423569925351
84100 315.32214129344635012
84200 315.94343967544944007
84300 304.65149717149284925
84400 315.51777247519930825
84500 310.56169436514869631
84600 300.917734983793423
84700 300.67979909626478729
84800 310.88485796985941079
84900 316.17147874449767642
85000 312.40015131406141791
85100 311.66170420886362535
85200 309.99547911022943936
85300 321.29076792495180825
85400 305.78279016699826798
85500 297.86137415174175658
85600 301.62891482106942931
85700 308.68376009090189882
85800 306.57790772610570684
85900 309.42763651359507548
86000 304.38461310733202936
86100 290.1517790024240071
86200 298.43629595833061785
86300 309.01322720602183836
86400 316.69626753970129585
86500 294.1486759801084645
86600 312.55136434723488037
86700 312.49357099051957221
86800 310.99089625158438821
86900 333.31569342790703558
87000 296.10872564622860637
87100 298.58680243040856794
87200 325.61891829860155667
87300 313.52768501072904428
87400 305.11703979114969343
87500 309.17287175443095748
87600 311.1434916850714103
87700 296.14557892439700026
87800 295.8882769471846359
87900 320.58341302576809539
88000 317.92662138877057032
88100 310.09965281732854692
88200 318.72231096358223112
88300 309.19882782578173419
88400 312.60241235135481475
88500 312.01304454659231169
88600 308.67527399465075177
88700 311.75636206171412823
88800 313.44932399549452384
88900 302.82281053432166118
89000 322.04112580869991689
89100 322.73059789104740958
89200 302.31014756021318135
89300 310.96843959994686202
89400 313.52413935752070984
89500 299.60336346951066844
89600 302.44654952259105585
89700 304.76451766200608517
89800 326.95899646754838841
89900 307.65908005657411195
90000 307.21057791464806996
90100 298.89010955529050761
90200 315.60693030863399144
90300 297.40503313982225109
90400 324.1487923705619778
90500 311.50281060656152476
90600 305.57381509429671951
90700 304.83769734121682404
90800 314.43363684122505219
90900 317.79633664571952067
91000 301.08243862489933917
91100 308.5571599529379796
91200 315.39098393868204084
91300 314.75697352665730477
91400 309.48461085632538925
91500 313.17929515083153547
91600 315.08115214298351248
91700 317.11681585718741871
91800 314.00484672538863151
91900 304.84189291006561007
92000 317.61573994786891717
92100 312.85114333714926715
92200 296.73518723391879348
92300 322.22481250241304451
92400 318.09694440162087403
92500 309.8912684895391294
92600 289.73432144405654753
92700 308.53218099189854229
92800 320.51059065813109328
92900 308.15381544911736
93000 304.60936619671167591
93100 305.18464274520914614
93200 306.58336488709255718
93300 293.90963366020525882
93400 310.52447977029953563
93500 309.27519062091658952
93600 308.7333593670218761
93700 303.36779148956549079
93800 312.67411311449319555
93900 329.17418126286423785
94000 313.0114855182531528
94100 297.89307684366309559
94200 307.23838289722607442
94300 321.99099089392660744
94400 318.5963717813355629
94500 307.29089772543642312
94600 303.41093672517706636
94700 322.97314735058199631
94800 319.8222408569027948
94900 313.32162738750162134
95000 325.95840939455223406
95100 314.70047463267803778
95200 306.29606489577901129
95300 302.41443942702665026
95400 293.38106459830231643
95500 315.90060135808619179
95600 329.37300450969371468
95700 311.83126954983464429
95800 306.80481881433252056
95900 320.60975538842529886
96000 306.0912458694777456
96100 308.82307880410093048
96200 308.11170269807001887
96300 321.88137646316204155
96400 314.9502024441109711
96500 295.16106208690695212
96600 300.70652994870903285
96700 303.56222907364997354
96800 322.2898027904321907
96900 306.69829108822381158
97000 316.60478176149911178
97100 311.44339453771004855
97200 298.55125139884961527
97300 310.39840681452875515
97400 309.52045167104466827
97500 293.90463774367032102
97600 305.4128847545311487
97700 312.88063020900636957
97800 317.46018536201455618
97900 312.89802824152377525
98000 295.594234735747591
98100 314.26167396152135325
98200 309.11384925785040423
98300 305.180999963884517
98400 307.72246631133072015
98500 318.98212041014943452
98600 313.02172008260413349
98700 316.81106150889024775
98800 310.47688405269377654
98900 318.5963254492901342
99000 310.97627287940468932
99100 314.81377279845469275
99200 316.32902662034314289
99300 319.58334426729049937
99400 322.85456297761419364
99500 314.82705196644877788
99600 297.95398057361023803
99700 313.7469913883713275
99800 321.73162710775028472
99900 316.49620344090749313
100000 311.09733945213304196
