# Molecule File for Single Filament of Idealized Chain of Alpha Spectrin
# This is a molecule template file; coeffs are not defined here
42 atoms
41 bonds # For any chain that has 0 closed loops, the # of bonds is always equal to # of atoms - 1
40 angles # For any open linear chain, the # of angles is always equal to max(0, # of atoms - 2)
0 dihedrals # CGTools cannot parameterize dihedrals - and as long as we have both bond and angles, dihedrals are unimportant 
0 impropers # Because this is a linear chain, there cannot be any improper dihedral angles


# The line immediately succeeding the keyword of any section is always skipped

Coords
# Define the coordinates of each atom in a molecule
1  -13.37630366235714 -13.656172290357144 -13.131398751095
2  -41.95690608886717 7.252379582741981 16.500936773930274
3  -52.860641195225305 14.664055022284916 35.9521688806439
4  -64.00922828318758 22.03086068525449 59.239329977612364
5  -71.45946725670261 26.612410392166634 80.90828006225215
6  -77.84537817209466 30.184222719328343 106.0721822972039
7  -79.7187727323158 30.38688048048114 129.15740628688135 
8  -80.18104406463927 29.31527372281528 155.64100405346576
9  -74.59060783761018 23.827694942214553 177.4403999982671
10 -63.53756642283231 14.138261957448998 200.1156304199616
11 -51.95221583729781 4.416236360646344 217.39880757421685
12 -31.92846806737303 -10.442245812720545 222.160452011821
13 -21.072415233821257 -17.26522808714599 204.179647351072
14 -18.199613656929873 -20.31961484988121 177.949182908874
15 -8.19409494319374 -20.072805766749145 156.4146886859869
16 2.518581278652216 -23.306504951820624 134.7075196251359
17 13.551709791792657 -28.140528525387797 117.792047402560
18 -16.29254434711538 -5.809080730128831 133.0677478205404
19 5.2080957870436375 -17.793381334211173 116.168774756700
20 33.899449592429455 -16.9155592877042 85.10466681716869 
21 51.71481014288577 -8.611442424374793 72.96997639394758 
22 64.65761820214982 10.986933050750547 66.44451476375889 
23 43.039230885895236 20.535131296812263 65.75303349987315
24 16.377456795277936 27.262243604911664 64.45648394621016
25 -7.424478707466613 30.326671251418517 62.51126058306858
26 -33.933840847833764 31.324357184964892 59.4428136324320
27 -56.713188820266964 29.19836293360095 55.41034349689861
28 -79.18833078604015 20.435447819512774 47.8276982321106 
29 -71.28423488395678 2.597357420952745 37.638668733995104
30 -53.71611064180497 -12.908296735933346 28.9982778204219
31 -30.58207669218424 -16.94623606843628 25.12049463865138
32 -5.724037051773776 -12.125925906686923 22.9260627804429
33 17.601572352226697 -1.554330978858628 20.21333649422773
34 38.90216830521303 10.43212856189543 16.768800918059327 
35 56.08732680817126 26.970978272723062 9.399396801656067 
36 69.85920425350488 47.655196870757045 -2.775227361309207
37 72.35809990952781 67.64111415564521 -20.484101154747258
38 63.47157548436356 88.94510186564565 -47.107169551404496
39 43.342982413049455 73.45028544523625 -47.85604130761605
40 23.510191544979115 55.20634984824153 -45.96230902556245
41 4.930284455698472 28.18329024532567 -35.76746368387385 
42 -13.37630366235714 -13.656172290357144 -13.131398751095

Types
# Define the atom type of each atom in molecule
1	1
2	2
3	3
4	4
5	5
6	6
7	7
8	8
9	9
10	10
11	11
12	12
13	13
14	14
15	15
16	16
17	17
18	18
19	19
20	20
21	21
22	22
23	23
24	24
25	25
26	26
27	27
28	28
29	29
30	30
31	31
32	32
33	33
34	34
35	35
36	36
37	37
38	38
39	39
40	40
41	41
42	42

Molecules
# What molecule ID should each atom defined in this template belong to
1   1
2   1
3   1
4   1
5   1
6   1
7   1
8   1
9   1
10  1
11  1
12  1
13  1
14  1
15  1
16  1
17  1
18  1
19  1
20  1
21  1
22  1
23  1
24  1
25  1
26  1
27  1
28  1
29  1
30  1
31  1
32  1
33  1
34  1
35  1
36  1
37  1
38  1
39  1
40  1
41  1
42  1

Bonds
# Define Bonds
1	1	1	2
2	2	2	3
3	3	3	4
4	4	4	5
5	5	5	6
6	6	6	7
7	7	7	8
8	8	8	9
9	9	9	10
10	10	10	11
11	11	11	12
12	12	12	13
13	13	13	14
14	14	14	15
15	15	15	16
16	16	16	17
17	17	17	18
18	18	18	19
19	19	19	20
20	20	20	21
21	21	21	22
22	22	22	23
23	23	23	24
24	24	24	25
25	25	25	26
26	26	26	27
27	27	27	28
28	28	28	29
29	29	29	30
30	30	30	31
31	31	31	32
32	32	32	33
33	33	33	34
34	34	34	35
35	35	35	36
36	36	36	37
37	37	37	38
38	38	38	39
39	39	39	40
40	40	40	41
41	41	41	42

Angles
# Define Angles
1	1	1	2	3
2	2	2	3	4
3	3	3	4	5
4	4	4	5	6
5	5	5	6	7
6	6	6	7	8
7	7	7	8	9
8	8	8	9	10
9	9	9	10	11
10	10	10	11	12
11	11	11	12	13
12	12	12	13	14
13	13	13	14	15
14	14	14	15	16
15	15	15	16	17
16	16	16	17	18
17	17	17	18	19
18	18	18	19	20
19	19	19	20	21
20	20	20	21	22
21	21	21	22	23
22	22	22	23	24
23	23	23	24	25
24	24	24	25	26
25	25	25	26	27
26	26	26	27	28
27	27	27	28	29
28	28	28	29	30
29	29	29	30	31
30	30	30	31	32
31	31	31	32	33
32	32	32	33	34
33	33	33	34	35
34	34	34	35	36
35	35	35	36	37
36	36	36	37	38
37	37	37	38	39
38	38	38	39	40
39	39	39	40	41
40	40	40	41	42

