# Molecule File for Linear Dimer of Idealized Chain of Alpha Spectrin
# This is a molecule template file; coeffs are not defined here
84 atoms
83 bonds # For any chain that has 0 closed loops, the # of bonds is always equal to # of atoms - 1
82 angles # For any open linear chain, the # of angles is always equal to max(0, # of atoms - 2)
0 dihedrals # CGTools cannot parameterize dihedrals - and as long as we have both bond and angles, dihedrals are unimportant 
0 impropers # Because this is a linear chain, there cannot be any improper dihedral angles


# The line immediately succeeding the keyword of any section is always skipped

Coords
# Define the coordinates of each atom in a molecule
1	257.4042063	 -397.8347799	-11.85839444
2	260.7374163	 -371.2403799	-6.40749444
3	264.0069463	 -344.6356799	-0.96829444
4	267.1493463	 -318.0106799	4.44640556
5	270.1000463	 -291.3562799	9.82360556
6	272.7942463	 -264.6641799	15.15030556
7	275.1657463	 -237.9291799	20.41337556
8	277.1476463	 -211.1481799	25.59857856
9	278.6730463	 -184.3181799	30.69056556
10	279.6736463	 -157.4431799	35.67274556
11	280.0803463	 -130.5301799	40.52790556
12	279.8231463	 -103.5891799	45.23770556
13	278.8317463	 -76.63617988	49.78290556
14	277.0348463	 -49.69517988	54.14330556
15	274.3610463	 -22.79417988	58.29790556
16	270.7399463	 4.029820119	62.22360556
17	266.1016463	 30.73282012	65.89600556
18	260.3787163	 57.26182012	69.28940556
19	253.5065463	 83.55382012	72.37760556
20	245.4240963	 109.5368201	75.13350556
21	236.0746463	 135.1278201	77.53030556
22	225.4080463	 160.2318201	79.54020556
23	213.3814463	 184.7438201	81.13540556
24	199.9623463	 208.5478201	82.28820556
25	185.1288463	 231.5148201	82.97180556
26	168.8730463	 253.5088201	83.16040556
27	151.2027463	 274.3808201	82.83040556
28	132.1447463	 293.9778201	81.96080556
29	111.7447463	 312.1368201	80.53390556
30	90.07074631	 328.6958201	78.53580556
31	67.21274631	 343.4898201	75.95820556
32	43.28774631	 356.3558201	72.79910556
33	18.43474631	 367.1408201	69.06330556
34	-7.18125369	 375.7008201	64.76280556
35	-33.37125369 381.9078201	59.91760556
36	-59.92625369 385.6528201	54.55560556
37	-86.61525369 386.8518201	48.71340556
38	-113.1962537 385.4488201	42.43560556
39	-139.4122537 381.4168201	35.77517556
40	-165.0032537 374.7648201	28.79196556
41	-189.7072537 365.5338201	21.55286556
42	-213.2682537 353.8018201	14.12960556
43	-235.4442537 339.6808201	6.59700556
44	-256.0062537 323.3138201	-0.96789444
45	-274.7512537 304.8758201	-8.48779444
46	-291.5012537 284.5638201	-15.88689444
47	-306.1092537 262.5958201	-23.09349444
48	-318.4582537 239.2048201	-30.04029444
49	-328.4652537 214.6308201	-36.66509444
50	-336.0832537 189.1188201	-42.91259444
51	-341.2932537 162.9098201	-48.73539444
52	-344.1092537 136.2398201	-54.09409444
53	-344.5702537 109.3318201	-58.95759444
54	-342.7382537 82.39282012	-63.30379444
55	-338.6982537 55.61382012	-67.11809444
56	-332.5502537 29.16682012	-70.39349444
57	-324.4062537 3.202820119	-73.12899444
58	-314.3872537 -22.15017988	-75.33009444
59	-302.6232537 -46.78317988	-77.00509444
60	-289.2422537 -70.60817988	-78.17009444
61	-274.3772537 -93.55517988	-78.84309444
62	-258.1572537 -115.5751799	-79.04509444
63	-240.7052537 -136.6321799	-78.79809444
64	-222.1422537 -156.7071799	-78.12709444
65	-202.5832537 -175.7951799	-77.05609444
66	-182.1362537 -193.9011799	-75.61209444
67	-160.8992537 -211.0431799	-73.82009444
68	-138.9662537 -227.2461799	-71.70589444
69	-116.4222537 -242.5431799	-69.29399444
70	-93.34425369 -256.9741799	-66.60869444
71	-69.80225369 -270.5841799	-63.67329444
72	-45.85925369 -283.4208799	-60.51089444
73	-21.57025369 -295.5367799	-57.14289444
74	3.01274631	 -306.9863799	-53.59029444
75	27.84674631	 -317.8267799	-49.87259444
76	52.89274631	 -328.1160799	-46.00819444
77	78.11474631	 -337.9135799	-42.01449444
78	103.4817463	 -347.2795799	-37.90919444
79	128.9677463	 -356.2746799	-33.70949444
80	154.5480463	 -364.9600799	-29.43169444
81	180.2008463	 -373.3969299	-25.09199444
82	205.9066463	 -381.6468199	-20.70629444
83	231.6469463	 -389.7719799	-16.28999444
84	257.4042063	 -397.8347799	-11.85839444
 

Types
# Define the atom type of each atom in molecule
1	1
2	2
3	3
4	4
5	5
6	6
7	7
8	8
9	9
10	10
11	11
12	12
13	13
14	14
15	15
16	16
17	17
18	18
19	19
20	20
21	21
22	22
23	23
24	24
25	25
26	26
27	27
28	28
29	29
30	30
31	31
32	32
33	33
34	34
35	35
36	36
37	37
38	38
39	39
40	40
41	41
42	42
43	43
44	44
45	45
46	46
47	47
48	48
49	49
50	50
51	51
52	52
53	53
54	54
55	55
56	56
57	57
58	58
59	59
60	60
61	61
62	62
63	63
64	64
65	65
66	66
67	67
68	68
69	69
70	70
71	71
72	72
73	73
74	74
75	75
76	76
77	77
78	78
79	79
80	80
81	81
82	82
83	83
84	84


Molecules
# What molecule ID should each atom defined in this template belong to
1   1
2   1
3   1
4   1
5   1
6   1
7   1
8   1
9   1
10  1
11  1
12  1
13  1
14  1
15  1
16  1
17  1
18  1
19  1
20  1
21  1
22  1
23  1
24  1
25  1
26  1
27  1
28  1
29  1
30  1
31  1
32  1
33  1
34  1
35  1
36  1
37  1
38  1
39  1
40  1
41  1
42  1
43	1
44	1
45	1
46	1
47	1
48	1
49	1
50	1
51	1
52	1
53	1
54	1
55	1
56	1
57	1
58	1
59	1
60	1
61	1
62	1
63	1
64	1
65	1
66	1
67	1
68	1
69	1
70	1
71	1
72	1
73	1
74	1
75	1
76	1
77	1
78	1
79	1
80	1
81	1
82	1
83	1
84	1


Bonds
# Define Bonds
1	1	1	2
2	2	2	3
3	3	3	4
4	4	4	5
5	5	5	6
6	6	6	7
7	7	7	8
8	8	8	9
9	9	9	10
10	10	10	11
11	11	11	12
12	12	12	13
13	13	13	14
14	14	14	15
15	15	15	16
16	16	16	17
17	17	17	18
18	18	18	19
19	19	19	20
20	20	20	21
21	21	21	22
22	22	22	23
23	23	23	24
24	24	24	25
25	25	25	26
26	26	26	27
27	27	27	28
28	28	28	29
29	29	29	30
30	30	30	31
31	31	31	32
32	32	32	33
33	33	33	34
34	34	34	35
35	35	35	36
36	36	36	37
37	37	37	38
38	38	38	39
39	39	39	40
40	40	40	41
41	41	41	42
42	42	42	43
43	43	43	44
44	44	44	45
45	45	45	46
46	46	46	47
47	47	47	48
48	48	48	49
49	49	49	50
50	50	50	51
51	51	51	52
52	52	52	53
53	53	53	54
54	54	54	55
55	55	55	56
56	56	56	57
57	57	57	58
58	58	58	59
59	59	59	60
60	60	60	61
61	61	61	62
62	62	62	63
63	63	63	64
64	64	64	65
65	65	65	66
66	66	66	67
67	67	67	68
68	68	68	69
69	69	69	70
70	70	70	71
71	71	71	72
72	72	72	73
73	73	73	74
74	74	74	75
75	75	75	76
76	76	76	77
77	77	77	78
78	78	78	79
79	79	79	80
80	80	80	81
81	81	81	82
82	82	82	83
83	83	83	84


Angles
# Define Angles
1	1	1	2	3
2	2	2	3	4
3	3	3	4	5
4	4	4	5	6
5	5	5	6	7
6	6	6	7	8
7	7	7	8	9
8	8	8	9	10
9	9	9	10	11
10	10	10	11	12
11	11	11	12	13
12	12	12	13	14
13	13	13	14	15
14	14	14	15	16
15	15	15	16	17
16	16	16	17	18
17	17	17	18	19
18	18	18	19	20
19	19	19	20	21
20	20	20	21	22
21	21	21	22	23
22	22	22	23	24
23	23	23	24	25
24	24	24	25	26
25	25	25	26	27
26	26	26	27	28
27	27	27	28	29
28	28	28	29	30
29	29	29	30	31
30	30	30	31	32
31	31	31	32	33
32	32	32	33	34
33	33	33	34	35
34	34	34	35	36
35	35	35	36	37
36	36	36	37	38
37	37	37	38	39
38	38	38	39	40
39	39	39	40	41
40	40	40	41	42
41	41	41	42	43
42	42	42	43	44
43	43	43	44	45
44	44	44	45	46
45	45	45	46	47
46	46	46	47	48
47	47	47	48	49
48	48	48	49	50
49	49	49	50	51
50	50	50	51	52
51	51	51	52	53
52	52	52	53	54
53	53	53	54	55
54	54	54	55	56
55	55	55	56	57
56	56	56	57	58
57	57	57	58	59
58	58	58	59	60
59	59	59	60	61
60	60	60	61	62
61	61	61	62	63
62	62	62	63	64
63	63	63	64	65
64	64	64	65	66
65	65	65	66	67
66	66	66	67	68
67	67	67	68	69
68	68	68	69	70
69	69	69	70	71
70	70	70	71	72
71	71	71	72	73
72	72	72	73	74
73	73	73	74	75
74	74	74	75	76
75	75	75	76	77
76	76	76	77	78
77	77	77	78	79
78	78	78	79	80
79	79	79	80	81
80	80	80	81	82
81	81	81	82	83
82	82	82	83	84

