# Molecule File for Linear Dimer of Idealized Chain of Alpha Spectrin
# This is a molecule template file; coeffs are not defined here
84 atoms
83 bonds # For any chain that has 0 closed loops, the # of bonds is always equal to # of atoms - 1
82 angles # For any open linear chain, the # of angles is always equal to max(0, # of atoms - 2)
0 dihedrals # CGTools cannot parameterize dihedrals - and as long as we have both bond and angles, dihedrals are unimportant 
0 impropers # Because this is a linear chain, there cannot be any improper dihedral angles


# The line immediately succeeding the keyword of any section is always skipped

Coords
# Define the coordinates of each atom in a molecule
1  -13.37630366235714 -13.656172290357144 -13.131398751095
2  -41.95690608886717 7.252379582741981 16.500936773930274
3  -52.860641195225305 14.664055022284916 35.9521688806439
4  -64.00922828318758 22.03086068525449 59.239329977612364
5  -71.45946725670261 26.612410392166634 80.90828006225215
6  -77.84537817209466 30.184222719328343 106.0721822972039
7  -79.7187727323158 30.38688048048114 129.15740628688135 
8  -80.18104406463927 29.31527372281528 155.64100405346576
9  -74.59060783761018 23.827694942214553 177.4403999982671
10 -63.53756642283231 14.138261957448998 200.1156304199616
11 -51.95221583729781 4.416236360646344 217.39880757421685
12 -31.92846806737303 -10.442245812720545 222.160452011821
13 -21.072415233821257 -17.26522808714599 204.179647351072
14 -18.199613656929873 -20.31961484988121 177.949182908874
15 -8.19409494319374 -20.072805766749145 156.4146886859869
16 2.518581278652216 -23.306504951820624 134.7075196251359
17 13.551709791792657 -28.140528525387797 117.792047402560
18 -16.29254434711538 -5.809080730128831 133.0677478205404
19 5.2080957870436375 -17.793381334211173 116.168774756700
20 33.899449592429455 -16.9155592877042 85.10466681716869 
21 51.71481014288577 -8.611442424374793 72.96997639394758 
22 64.65761820214982 10.986933050750547 66.44451476375889 
23 43.039230885895236 20.535131296812263 65.75303349987315
24 16.377456795277936 27.262243604911664 64.45648394621016
25 -7.424478707466613 30.326671251418517 62.51126058306858
26 -33.933840847833764 31.324357184964892 59.4428136324320
27 -56.713188820266964 29.19836293360095 55.41034349689861
28 -79.18833078604015 20.435447819512774 47.8276982321106 
29 -71.28423488395678 2.597357420952745 37.638668733995104
30 -53.71611064180497 -12.908296735933346 28.9982778204219
31 -30.58207669218424 -16.94623606843628 25.12049463865138
32 -5.724037051773776 -12.125925906686923 22.9260627804429
33 17.601572352226697 -1.554330978858628 20.21333649422773
34 38.90216830521303 10.43212856189543 16.768800918059327 
35 56.08732680817126 26.970978272723062 9.399396801656067 
36 69.85920425350488 47.655196870757045 -2.775227361309207
37 72.35809990952781 67.64111415564521 -20.484101154747258
38 63.47157548436356 88.94510186564565 -47.107169551404496
39 43.342982413049455 73.45028544523625 -47.85604130761605
40 23.510191544979115 55.20634984824153 -45.96230902556245
41 4.930284455698472 28.18329024532567 -35.76746368387385 
42 -13.37630366235714 -13.656172290357144 -13.131398751095
43	63	57	16
44	-122	33	-155
45	-11	35	-47
46	-114	174	-199
47	121	181	-70
48	101	15	-29
49	102	152	121
50	-65	-108	-146
51	-101	71	83
52	-50	-71	41
53	-177	106	-74
54	181	-45	-39
55	-138	52	20
56	45	-129	132
57	-98	-4	146
58	-4	23	-81
59	-19	77	29
60	65	12	180
61	-133	-98	-79
62	-134	-163	197
63	-179	137	79
64	125	-149	-83
65	193	-114	-88
66	25	-149	-111
67	55	-36	-189
68	-60	-54	164
69	-159	56	-81
70	75	54	44
71	-179	-197	44
72	117	63	-147
73	-19	159	-74
74	14	-158	74
75	-106	-38	-111
76	-171	146	-185
77	-94	197	-132
78	-187	99	-21
79	-55	-177	-193
80	-141	11	104
81	-31	9	113
82	117	21	110
83	34	-139	-183
84	-13.37630366235714 -13.656172290357144 -13.131398751095


Types
# Define the atom type of each atom in molecule
1	1
2	2
3	3
4	4
5	5
6	6
7	7
8	8
9	9
10	10
11	11
12	12
13	13
14	14
15	15
16	16
17	17
18	18
19	19
20	20
21	21
22	22
23	23
24	24
25	25
26	26
27	27
28	28
29	29
30	30
31	31
32	32
33	33
34	34
35	35
36	36
37	37
38	38
39	39
40	40
41	41
42	42
43	43
44	44
45	45
46	46
47	47
48	48
49	49
50	50
51	51
52	52
53	53
54	54
55	55
56	56
57	57
58	58
59	59
60	60
61	61
62	62
63	63
64	64
65	65
66	66
67	67
68	68
69	69
70	70
71	71
72	72
73	73
74	74
75	75
76	76
77	77
78	78
79	79
80	80
81	81
82	82
83	83
84	84


Molecules
# What molecule ID should each atom defined in this template belong to
1   1
2   1
3   1
4   1
5   1
6   1
7   1
8   1
9   1
10  1
11  1
12  1
13  1
14  1
15  1
16  1
17  1
18  1
19  1
20  1
21  1
22  1
23  1
24  1
25  1
26  1
27  1
28  1
29  1
30  1
31  1
32  1
33  1
34  1
35  1
36  1
37  1
38  1
39  1
40  1
41  1
42  1
43	1
44	1
45	1
46	1
47	1
48	1
49	1
50	1
51	1
52	1
53	1
54	1
55	1
56	1
57	1
58	1
59	1
60	1
61	1
62	1
63	1
64	1
65	1
66	1
67	1
68	1
69	1
70	1
71	1
72	1
73	1
74	1
75	1
76	1
77	1
78	1
79	1
80	1
81	1
82	1
83	1
84	1


Bonds
# Define Bonds
1	1	1	2
2	2	2	3
3	3	3	4
4	4	4	5
5	5	5	6
6	6	6	7
7	7	7	8
8	8	8	9
9	9	9	10
10	10	10	11
11	11	11	12
12	12	12	13
13	13	13	14
14	14	14	15
15	15	15	16
16	16	16	17
17	17	17	18
18	18	18	19
19	19	19	20
20	20	20	21
21	21	21	22
22	22	22	23
23	23	23	24
24	24	24	25
25	25	25	26
26	26	26	27
27	27	27	28
28	28	28	29
29	29	29	30
30	30	30	31
31	31	31	32
32	32	32	33
33	33	33	34
34	34	34	35
35	35	35	36
36	36	36	37
37	37	37	38
38	38	38	39
39	39	39	40
40	40	40	41
41	41	41	42
42	42	42	43
43	43	43	44
44	44	44	45
45	45	45	46
46	46	46	47
47	47	47	48
48	48	48	49
49	49	49	50
50	50	50	51
51	51	51	52
52	52	52	53
53	53	53	54
54	54	54	55
55	55	55	56
56	56	56	57
57	57	57	58
58	58	58	59
59	59	59	60
60	60	60	61
61	61	61	62
62	62	62	63
63	63	63	64
64	64	64	65
65	65	65	66
66	66	66	67
67	67	67	68
68	68	68	69
69	69	69	70
70	70	70	71
71	71	71	72
72	72	72	73
73	73	73	74
74	74	74	75
75	75	75	76
76	76	76	77
77	77	77	78
78	78	78	79
79	79	79	80
80	80	80	81
81	81	81	82
82	82	82	83
83	83	83	84


Angles
# Define Angles
1	1	1	2	3
2	2	2	3	4
3	3	3	4	5
4	4	4	5	6
5	5	5	6	7
6	6	6	7	8
7	7	7	8	9
8	8	8	9	10
9	9	9	10	11
10	10	10	11	12
11	11	11	12	13
12	12	12	13	14
13	13	13	14	15
14	14	14	15	16
15	15	15	16	17
16	16	16	17	18
17	17	17	18	19
18	18	18	19	20
19	19	19	20	21
20	20	20	21	22
21	21	21	22	23
22	22	22	23	24
23	23	23	24	25
24	24	24	25	26
25	25	25	26	27
26	26	26	27	28
27	27	27	28	29
28	28	28	29	30
29	29	29	30	31
30	30	30	31	32
31	31	31	32	33
32	32	32	33	34
33	33	33	34	35
34	34	34	35	36
35	35	35	36	37
36	36	36	37	38
37	37	37	38	39
38	38	38	39	40
39	39	39	40	41
40	40	40	41	42
41	41	41	42	43
42	42	42	43	44
43	43	43	44	45
44	44	44	45	46
45	45	45	46	47
46	46	46	47	48
47	47	47	48	49
48	48	48	49	50
49	49	49	50	51
50	50	50	51	52
51	51	51	52	53
52	52	52	53	54
53	53	53	54	55
54	54	54	55	56
55	55	55	56	57
56	56	56	57	58
57	57	57	58	59
58	58	58	59	60
59	59	59	60	61
60	60	60	61	62
61	61	61	62	63
62	62	62	63	64
63	63	63	64	65
64	64	64	65	66
65	65	65	66	67
66	66	66	67	68
67	67	67	68	69
68	68	68	69	70
69	69	69	70	71
70	70	70	71	72
71	71	71	72	73
72	72	72	73	74
73	73	73	74	75
74	74	74	75	76
75	75	75	76	77
76	76	76	77	78
77	77	77	78	79
78	78	78	79	80
79	79	79	80	81
80	80	80	81	82
81	81	81	82	83
82	82	82	83	84

