# Fix print output for fix printTemp
0 310.00000000000005684
100 307.79738992148571697
200 313.70406404883698315
300 299.92162257715068563
400 288.73023889722412605
500 310.42899791734754444
600 301.87687181202142028
700 327.60171558369734157
800 303.71712005895636821
900 306.6675455475113381
1000 329.36753972154770054
1100 328.60272739658972796
1200 314.99333434627493489
1300 296.10794882869396361
1400 309.10437125772688205
1500 317.55322445118423502
1600 297.25769033578416156
1700 301.09200565439840602
1800 317.56108662465794623
1900 299.9625338138299071
2000 321.51060042101130421
2100 322.91040862456981131
2200 323.7846581946673723
2300 305.64264230023530899
2400 308.69591392978924205
2500 313.70206877185006533
2600 297.99812234489695584
2700 319.399084472191646
2800 314.49995175523332591
2900 316.0388433838706419
3000 312.0520497650170455
3100 294.13430236311347699
3200 298.02436951570564361
3300 309.49758071781809576
3400 319.29219378404025065
3500 320.36907483851700817
3600 322.17984196352489334
3700 303.09589793424970594
3800 317.609002396050073
3900 306.22025394331529924
4000 308.10591286044734716
4100 309.31656083418295111
4200 342.73483821894865287
4300 301.25003569569025785
4400 293.63570821720435333
4500 301.16872425675455816
4600 313.26375829066614642
4700 328.72525080887737658
4800 306.15531201505370973
4900 324.69615474230442942
5000 313.91892125307026618
5100 300.7074197640910711
5200 295.11438691851589056
5300 307.63383282561721899
5400 314.13218270278770206
5500 308.98243686053336887
5600 300.73021869176687915
5700 292.29690424211821664
5800 302.78143279158990708
5900 323.5697634551105466
6000 306.95902272205512418
6100 307.3944877395439903
6200 310.12713314855227509
6300 310.90898168979811089
6400 309.37135819897252986
6500 307.33832096835163838
6600 305.48275578086725091
6700 293.49507678292974333
6800 307.61612943610236925
6900 305.13591779444971053
7000 305.49774408887867594
7100 297.64571891059148356
7200 286.11636894748471605
7300 314.43785433885227576
7400 317.31346087352380891
7500 301.30430786751503547
7600 314.92817378468237166
7700 309.76699989394808199
7800 311.47396525811723222
7900 327.29633293885672174
8000 317.48507359931483052
8100 293.82811708109778692
8200 313.11651242411682006
8300 322.54462077091125138
8400 310.05526592788015705
8500 297.00454981505816932
8600 287.0450935958023706
8700 324.33425883605247009
8800 321.82428910197035066
8900 321.39089333362250045
9000 301.45188053905434344
9100 301.60747106766569914
9200 315.27679732247310085
9300 300.98492539249775746
9400 314.96438780645797806
9500 318.19650067540169402
9600 302.71404142332039555
9700 302.78522431740418597
9800 315.01152870423396735
9900 304.87917281826213411
10000 311.19995387766709882
10100 322.31797308136418678
10200 312.95510363566836531
10300 328.33484428527776799
10400 307.28153283877310287
10500 317.89716494803099067
10600 309.16966738911497714
10700 303.65207002405054482
10800 307.38286662538541805
10900 304.47526151665266525
11000 307.18230547531879893
11100 279.78477889305321469
11200 312.4147155362572903
11300 318.72851741061418807
11400 303.42579037481800697
11500 311.48008496889144681
11600 304.61883231543282591
11700 305.1228020589143739
11800 308.46331713803868979
11900 319.37997738400957815
12000 324.0829725144962481
12100 311.7427326688643916
12200 311.48773091117016065
12300 328.66765486336208824
12400 306.57442518934578857
12500 318.58388343030321721
12600 309.9662735787057386
12700 312.60487460669224902
12800 295.75820969062908716
12900 307.54539987989107885
13000 305.30875493827596756
13100 304.26395161767351283
13200 288.98658340861209126
13300 302.07638426197740955
13400 312.86580322466687676
13500 316.31163014807714262
13600 297.13376565257215134
13700 302.73874857167061236
13800 300.29053901332844134
13900 314.68149633803290044
14000 305.70580221630893902
14100 320.7532184437768592
14200 308.00401560096639741
14300 309.29580156335146057
14400 312.69585808033269814
14500 313.27297157330838218
14600 324.35873078242417478
14700 334.2088073218021691
14800 315.75244200488589286
14900 293.20586462606405576
15000 312.60999244439619815
15100 304.03049311673635202
15200 294.08015478642528251
15300 304.13204454999475956
15400 309.85926142366628255
15500 307.75669151354321684
15600 314.22451711734589708
15700 307.82718945308891989
15800 303.38416382305899788
15900 313.90496733471934476
16000 310.56579571503237958
16100 316.43481459698767821
16200 295.94191868410968027
16300 309.60813200818762425
16400 304.83049549372140063
16500 294.14845113733298376
16600 316.31929743990804127
16700 311.98730693247603085
16800 314.86043397790734844
16900 298.62637782482323701
17000 301.95703904901017722
17100 303.35071629557864981
17200 306.55704944975292392
17300 299.82922320832204832
17400 295.8642883004801547
17500 315.10738811070365273
17600 316.70655480543018712
17700 300.66547704141117947
17800 312.78599020286355881
17900 320.93985857257212047
18000 302.39991830265438466
18100 301.43922947016625358
18200 314.63057123249626557
18300 306.78186978380858818
18400 301.47324403275632676
18500 298.96753603901754559
18600 330.83567093866133746
18700 336.56393576231272391
18800 316.43682497249426433
18900 294.53419105264026712
19000 297.71724539094452666
19100 303.5203391232624881
19200 297.65055864728702772
19300 333.10946109925015435
19400 316.84964049354005056
19500 315.82670827576612282
19600 300.19595599469579383
19700 297.23822157086715379
19800 308.37478933768329625
19900 317.5311956669949609
20000 311.19057302997026682
20100 317.38981644918396796
20200 322.88134411803764579
20300 319.98612202042613717
20400 304.03642563202737392
20500 324.38488355274955666
20600 319.43357652081692777
20700 313.46328576519272247
20800 302.16095742096433696
20900 306.45213631835514434
21000 313.99167692001293517
21100 325.35409838191134213
21200 315.65429449800143402
21300 316.09505993308903271
21400 312.47996940172947689
21500 336.46355559649509814
21600 318.012915737303274
21700 308.92871473865017151
21800 297.06420611766304773
21900 312.25078514890890347
22000 295.1321088746856276
22100 300.57180878674557789
22200 303.90204094055161477
22300 317.42375713368858214
22400 304.97172725220036682
22500 308.91646387170345633
22600 314.36175617641015378
22700 305.75559651884719869
22800 296.2751854897316548
22900 315.28698678277078216
23000 318.52012392718415867
23100 322.06172162685714966
23200 311.09710005151953283
23300 307.97081559352960767
23400 312.12081106191038771
23500 294.97704061554219379
23600 321.88666506358202923
23700 303.02966345939779558
23800 304.37457044278170315
23900 320.14951748714423729
24000 306.78537717663954254
24100 292.10575255350215684
24200 299.25882298270846604
24300 305.81599766757295811
24400 323.45897103998174771
24500 303.78275178132582823
24600 303.31410068355239673
24700 291.28920266400996297
24800 304.8955787339169774
24900 310.40606521355806535
25000 317.20814048734678181
25100 306.30704288889029385
25200 292.98989183265382508
25300 307.74652333485539657
25400 302.60134945412568186
25500 333.70425394627113747
25600 325.28587315908259825
25700 294.73364905920738011
25800 309.41656427159557552
25900 300.94616764340133841
26000 316.64438534290627558
26100 327.51326502954708531
26200 319.7128610627464127
26300 304.01139815261819876
26400 307.00127833404025068
26500 293.56999041793255856
26600 316.50794307550046369
26700 320.98352010979021998
26800 302.29932548272773829
26900 299.03200065098178584
27000 300.87269545311306729
27100 297.17764789866691899
27200 312.79859562579372323
27300 309.99398263403571718
27400 299.48699399926584874
27500 304.19268472166521633
27600 312.95295607679429395
27700 318.8990301905156457
27800 306.10985616965120926
27900 289.28579826369946204
28000 308.11228485776649677
28100 320.95766462983283418
28200 304.29850531567262806
28300 310.22737821513737799
28400 310.63109335057714588
28500 321.34073221953934762
28600 315.91541317043237314
28700 310.02121630485606829
28800 320.69910659143835119
28900 313.90855997784279907
29000 302.1151911094604543
29100 297.33255519470134232
29200 307.50479998318763819
29300 309.92740593052974418
29400 326.61597503231087103
29500 299.70324513420973744
29600 305.02967370747978748
29700 314.43219335793759228
29800 316.99183514533791595
29900 327.97663830801718632
30000 313.11781754140031353
30100 312.13942992873370486
30200 313.65721061475176157
30300 320.15114276106595526
30400 319.65799395190003906
30500 317.37436178161522093
30600 312.93516786246527772
30700 306.93471622299909995
30800 323.235274504993356
30900 315.12552421253843704
31000 305.68946974400131467
31100 316.82310706515028187
31200 298.61452357097363119
31300 300.93245493679512492
31400 297.50430298482211811
31500 311.26110449786580148
31600 316.69344658500619971
31700 291.99978431045082061
31800 310.66630093989061834
31900 282.40678730822605758
32000 309.57758778932742416
32100 317.9452908027528224
32200 312.22064488961444795
32300 311.26408585720827205
32400 320.21809464950479196
32500 323.47420466183444887
32600 303.63904165179081929
32700 304.77080824248491808
32800 315.2967110286301704
32900 322.25188266437771745
33000 307.2311251420188114
33100 294.90050594005367657
33200 304.84024273876315192
33300 314.39943076801608868
33400 323.39908030622626711
33500 304.87801105731699636
33600 307.2747010644396255
33700 318.85502467554988471
33800 324.61124606625867273
33900 324.926916385704601
34000 318.11958211123976525
34100 294.8023951019262654
34200 301.79158766191324048
34300 308.91415502985933017
34400 319.02434839013835699
34500 314.74849892507069171
34600 298.34268227154456099
34700 340.91934037032922333
34800 319.68811061029106213
34900 318.03360892767318546
35000 306.2942362045214395
35100 313.53261662845119417
35200 310.6787270970153827
35300 297.3148733871390732
35400 316.41439599118848491
35500 322.67452817105868235
35600 303.92036045093749408
35700 301.00177205540080649
35800 299.86989431063256006
35900 310.85503895341798852
36000 307.68474515657010215
36100 305.06027694898227764
36200 305.02386898567129947
36300 301.90300031051219776
36400 308.99296102043047085
36500 313.21248646035951424
36600 317.2950361421747516
36700 306.27553651559992431
36800 298.71711755725925741
36900 312.16012895390275617
37000 321.11452849948960875
37100 313.04915205377494658
37200 304.092600498365357
37300 319.13216949052161908
37400 319.31528693629968529
37500 312.28172258920955073
37600 311.78985975302140332
37700 318.32958331334629065
37800 308.28489522330784212
37900 298.03511058149535984
38000 286.6072813272936628
38100 316.95320900772787809
38200 320.74076243890999649
38300 303.93551363396414899
38400 318.32398286715624636
38500 309.57748039784104321
38600 318.31566605804607661
38700 307.14738389001564656
38800 320.03434927951445843
38900 300.4541916279803786
39000 295.79159432381646866
39100 306.49237159250287732
39200 312.71910225690515972
39300 317.58181877175474028
39400 300.57928663663636826
39500 302.91884275635544554
39600 311.08017517654678841
39700 318.19618299362235803
39800 331.62391130552367713
39900 316.25026808488962615
40000 305.31446884971813915
40100 308.65492690946518906
40200 328.23833152744867903
40300 308.63265183335113306
40400 326.11082763781911353
40500 317.32033140985402042
40600 320.48730861546454207
40700 327.725299910622482
40800 297.88484981192152645
40900 313.66653479846104347
41000 309.6483164275111335
41100 311.73804502052917087
41200 312.30371201929671088
41300 318.96804104656496293
41400 305.07489696962693415
41500 316.32325301646579874
41600 314.87558673999825487
41700 304.91668831731669798
41800 295.14296245273249042
41900 293.5086752463588482
42000 314.36827537967417356
42100 301.85084946545720186
42200 296.83655862084549426
42300 320.48059541645301351
42400 322.5865620392549431
42500 315.65837994054862747
42600 297.27415442173628435
42700 317.62727118078498734
42800 305.67861036513460249
42900 300.31361640001790647
43000 290.21757848035531424
43100 299.06481526119335967
43200 320.9326719123302496
43300 320.99785472161772759
43400 318.23022127486825639
43500 305.39937414052860731
43600 299.24223934559591953
43700 316.85931152401775535
43800 309.1029033933377832
43900 314.78782918389225642
44000 329.60747024870443056
44100 307.46930993644059527
44200 304.13388162304397611
44300 307.23774147773286813
44400 311.98274861402188662
44500 335.57926520958108085
44600 310.53191763007066584
44700 309.71132111061319847
44800 321.54384170158414236
44900 318.41994716128567688
45000 318.65854337048182288
45100 275.72510470537486071
45200 321.61653235428991593
45300 313.14739745770833679
45400 308.3144193908917714
45500 315.55816833905794283
45600 310.98957438555635235
45700 305.89569999473769712
45800 321.57902011890189442
45900 290.4000794885756136
46000 320.02321733916261337
46100 319.02147233242806124
46200 302.29781430568533551
46300 294.4997219489026179
46400 308.60996469584580382
46500 304.59323875654172298
46600 315.62071852058835475
46700 299.90142266589549536
46800 310.75221365453825229
46900 314.55974354947778693
47000 303.21557162807937402
47100 306.60648597280442118
47200 308.65177024005953399
47300 324.38250827284224442
47400 320.16707663471839851
47500 315.98154692926613052
47600 317.93007223618536727
47700 322.71839782950814879
47800 320.32864444208018995
47900 295.99903874428605377
48000 305.7946146289135072
48100 329.6592574050992539
48200 303.15472027986970716
48300 300.64861543636976648
48400 294.12021954391411782
48500 296.20063966232140729
48600 320.66760731092188053
48700 326.95267023591384259
48800 298.66954723061286359
48900 310.65447797649324002
49000 316.14327630441778183
49100 311.9166733834401839
49200 315.35866585547040586
49300 323.38436437123442602
49400 308.49184502820395437
49500 294.29217202288924682
49600 306.74255941273167991
49700 326.21690554815961605
49800 298.00809917769544199
49900 307.69825092781519515
50000 292.15984699471459862
50100 305.78025592695445312
50200 315.74097685596154861
50300 315.62788369727240934
50400 316.48717379032206054
50500 329.28024255295207467
50600 318.14983685537703195
50700 316.11958430241440965
50800 333.92477928296545997
50900 310.51665501581754825
51000 305.99256805076316823
51100 297.38383563732162429
51200 309.15274788663776917
51300 310.71314655268037086
51400 298.24127469010988989
51500 296.96878391782638573
51600 306.17523680618324988
51700 318.91757194489196081
51800 304.00714512565048153
51900 320.08030525324073778
52000 315.41225846238819486
52100 324.75474978700106021
52200 321.82268660063687093
52300 323.40042998161004562
52400 312.17363613119209731
52500 314.22282779780198325
52600 324.14346725998103693
52700 317.42026680138752681
52800 303.1404803802441279
52900 306.27224118716594603
53000 341.36278644988624364
53100 321.89862816140237101
53200 310.28621899496789638
53300 308.1214158747297347
53400 295.88250141998412346
53500 320.7750739392995456
53600 305.97161643766520456
53700 325.8169781757110286
53800 318.32667576327600045
53900 294.53468875840445662
54000 321.96134245583908751
54100 312.92072421310325581
54200 310.11036775583545477
54300 301.92523106672990707
54400 312.88442298215784376
54500 306.64194743507869134
54600 310.79473309112159995
54700 300.03967077112378092
54800 307.58334071868375759
54900 322.48617371624521866
55000 315.01163335076091698
55100 294.56057643863510975
55200 330.36676043477694975
55300 321.22658104936584778
55400 317.53003522332875264
55500 308.78059062355396236
55600 295.0438196300576692
55700 318.73241920308714725
55800 316.82020368258571352
55900 307.30075394009662659
56000 308.3188944055255547
56100 305.82026374376164313
56200 322.04811297262915559
56300 319.81787521266056729
56400 304.3296602715876702
56500 308.19437186109456661
56600 307.34745227878494234
56700 321.38093542950684878
56800 322.44412983458147437
56900 301.31734250003341913
57000 313.80340514904213478
57100 321.6782991202935591
57200 328.10425848290361728
57300 307.8168405664911802
57400 304.71857916053932058
57500 306.42002074545030155
57600 308.93345836195180709
57700 308.24660292446662879
57800 310.19726579426327362
57900 315.19530423605584701
58000 326.76548618829355064
58100 313.48311199044962905
58200 313.14053187487343166
58300 295.08712422961627908
58400 308.13240241720143331
58500 315.04011857674834118
58600 314.71001934767593866
58700 308.49844970181851522
58800 315.66780385579846779
58900 315.69795610099879468
59000 311.9712827645945481
59100 323.48640433064593935
59200 303.97450225543610713
59300 306.641616737260847
59400 310.39735165983205434
59500 297.7009865021107089
59600 284.40976146461895269
59700 306.86615654392340957
59800 338.04233924059332139
59900 307.25834096671519546
60000 330.67953727700188438
60100 301.8987190719557816
60200 316.55140628033365147
60300 320.22488448837714259
60400 309.9944286221935954
60500 315.84602818279580561
60600 316.0047875852648076
60700 333.81144132223562337
60800 308.74671875936343213
60900 308.04567036230724852
61000 316.15176595023729078
61100 313.99713180901096621
61200 310.5292957572307273
61300 313.9858175647140115
61400 308.40425096278431738
61500 305.69630361679685393
61600 305.48284806480370435
61700 306.43164162724906419
61800 311.31584969402132401
61900 334.15500605965598879
62000 319.57346565890395595
62100 323.96145906540112946
62200 312.94303692088789148
62300 324.39846322163998593
62400 317.51563664747385474
62500 304.05934362993434661
62600 323.19487438400494739
62700 296.03478941988402084
62800 310.99357228223146876
62900 316.25223002497295965
63000 324.09036267982077106
63100 317.39933609137489157
63200 294.20529587437573582
63300 308.1435092458247027
63400 337.42061854991595737
63500 310.11649851742777173
63600 295.4247428424587838
63700 313.70365899590620984
63800 320.32077028354922277
63900 322.88314369886427357
64000 311.33282141149919653
64100 291.27060958772000276
64200 300.04331266916199183
64300 315.85971456292793391
64400 302.87309672663639049
64500 304.57313304730746495
64600 323.50775696097394984
64700 316.19778851172981149
64800 291.30849780721172237
64900 310.80437154835993852
65000 294.88301254180106525
65100 310.59174078652654316
65200 311.27282686339054862
65300 308.93759317194417235
65400 308.16412293841369774
65500 310.38878477490561636
65600 299.70670262262115102
65700 310.56190664713642491
65800 320.11980508129335021
65900 311.04537245520754141
66000 313.33110992277784135
66100 324.35679955930692131
66200 303.79461585016952085
66300 316.18235361410620499
66400 318.85550685436697904
66500 316.13969692592939964
66600 316.99898007885974494
66700 310.65741243074506883
66800 316.99281252687751476
66900 312.96924798463356865
67000 306.61736902574148189
67100 297.47347843008981272
67200 298.69431202754293508
67300 313.856859461687975
67400 309.19468858323506311
67500 315.18892906801227127
67600 308.58880697848348973
67700 291.74011241216516055
67800 308.4984068338455927
67900 320.53987019350364562
68000 308.24138352248559158
68100 309.16128449581140103
68200 308.94927241535782514
68300 309.0629246119536333
68400 309.86459179732867142
68500 315.05262028812165909
68600 328.70088035559712125
68700 307.62331588888417855
68800 311.30856803157865897
68900 306.23186634416310881
69000 295.48732497021751442
69100 316.01700003109004911
69200 309.10338834719271972
69300 309.47425765994699987
69400 307.60719411648733512
69500 312.09674235776071782
69600 320.03014620259290268
69700 312.95907460253226873
69800 297.08513544503489356
69900 325.08920578334095808
70000 299.90531490379299839
70100 292.52743044290991747
70200 305.74692709206914287
70300 283.93332012404994202
70400 298.67610566558664686
70500 317.556918699567575
70600 314.59007498218915089
70700 312.94788112312050998
70800 309.5650722279918341
70900 301.83670172361075856
71000 315.27467233482650499
71100 311.51463011995929264
71200 297.84728683736892663
71300 293.02756818908443393
71400 306.07934654778898675
71500 305.54638915304826696
71600 288.36110762839405197
71700 314.24245841035337889
71800 320.15020046098857165
71900 329.34390564235911825
72000 304.17443988471359262
72100 310.45975839964870602
72200 325.12484873581928468
72300 304.4555945948899307
72400 313.51657383271930257
72500 327.58816421274298136
72600 321.3606066797055405
72700 332.52594105371434807
72800 318.68761262847175431
72900 329.75564928074601312
73000 300.2626273141886486
73100 310.14136798753781932
73200 322.12749142209310094
73300 315.17394090558997277
73400 306.76111654013686803
73500 314.82702371813581976
73600 308.17377361598960306
73700 293.88038673127647371
73800 314.83169143054510641
73900 297.00600725097064014
74000 309.9271165210530512
74100 319.51796976397429262
74200 315.25762944299901847
74300 307.47568910737800252
74400 308.44608903247012677
74500 304.66829311024690696
74600 303.28516228845671776
74700 297.00661856550556195
74800 311.99407355944504161
74900 309.34214119596742876
75000 302.46411080796264059
75100 306.52339950885988173
75200 312.20897675433946006
75300 326.84585029158699854
75400 297.67958570785793881
75500 290.98303460948397969
75600 329.11148244470973623
75700 334.21643869094384627
75800 322.11359002103489502
75900 307.19411169977934151
76000 314.89137259727476703
76100 331.84267893445360187
76200 307.18424795655920434
76300 306.16612288575635148
76400 301.34070805244738267
76500 314.24137741744794994
76600 304.03347295717600218
76700 314.85047204229169893
76800 323.33344953212008477
76900 299.16742301536049808
77000 296.72433223249350931
77100 322.52452181138198739
77200 322.37865266555360222
77300 317.89277900895399398
77400 308.98161209738179878
77500 322.06579930568261716
77600 299.83321401604814582
77700 278.67311635168317707
77800 312.12477544094434734
77900 325.06003945722022763
78000 328.92454039080729444
78100 317.2281233172372481
78200 302.83587253281399398
78300 302.82311826578836644
78400 314.97399576458735737
78500 312.79614181781113302
78600 307.71979594167186178
78700 303.77241458788745376
78800 312.96819164838188954
78900 310.76387149250166431
79000 319.14646811043996877
79100 304.13747941360020377
79200 309.65042438221479415
79300 323.51615073006871626
79400 316.65991504085678798
79500 300.61159746116635461
79600 324.36257065990429282
79700 309.74014036595224297
79800 305.24156770174505482
79900 319.22189914486023099
80000 308.01972080866590886
80100 317.74950098279856547
80200 312.79652542931381731
80300 299.15624292919574145
80400 313.99397610761013766
80500 283.04849212038669748
80600 318.51891370685473248
80700 305.19443425476583798
80800 315.77087545849525441
80900 301.02997133224641857
81000 295.16238474366144828
81100 309.24893651826323548
81200 325.09732572719980226
81300 309.22764549265957612
81400 303.57026676285778422
81500 302.84840513177374532
81600 318.66158417652025037
81700 320.57029105309356964
81800 304.54409968940205999
81900 288.88323646633745057
82000 304.99525508856044098
82100 329.17267151020047322
82200 309.86596607585903485
82300 319.97375489947324922
82400 310.24595795940950893
82500 327.54739578243328424
82600 319.03855307549082454
82700 301.36462288702284695
82800 304.77298211873664968
82900 331.02585280473084595
83000 301.28025466381501474
83100 308.28806748582627506
83200 296.85971162515102151
83300 317.53074790413904793
83400 313.59069506020949802
83500 300.44400761219458218
83600 306.97359554364874157
83700 312.58393395103649937
83800 301.34249057827196339
83900 294.9891361406573651
84000 308.159309030942552
84100 314.7616917937037897
84200 306.45893091806345865
84300 312.52072022049571842
84400 319.16678129903658601
84500 291.69963069599964456
84600 304.76728584482424367
84700 324.02589281111886521
84800 327.27230442179569536
84900 322.32268792032743931
85000 305.72991404323880715
85100 303.35148691621145645
85200 296.9015953899694864
85300 332.37303408709777841
85400 319.63328385417042909
85500 308.37736063552415544
85600 293.94368373103219483
85700 315.12844416615115506
85800 313.55747487270741658
85900 293.79206646730784769
86000 302.7184805227222455
86100 322.17188973392831031
86200 314.56647374130812977
86300 309.68577759883106637
86400 295.05870780469325609
86500 320.9323673458451367
86600 325.86874262087559373
86700 318.34617284934626014
86800 287.66105807104412406
86900 313.26824253282933341
87000 319.88088069245242195
87100 306.73733635661091057
87200 304.12078749264554745
87300 299.5438602795885572
87400 330.8589548708839061
87500 306.16735882081002273
87600 290.44791311115864119
87700 315.64786709748079829
87800 296.46698524939176878
87900 309.88251877013613012
88000 308.49193682407883443
88100 302.08042789023124897
88200 310.29614276699822994
88300 330.88046062311804008
88400 304.65033228359487794
88500 325.33791847137848663
88600 327.24844560518096159
88700 312.89368945127341703
88800 324.99100391922280551
88900 302.12121334502347736
89000 309.69993829320156919
89100 315.92354993759175841
89200 309.29186013035615588
89300 319.05032619497052337
89400 301.88749752214317823
89500 318.54163848928584457
89600 319.88323280166088125
89700 310.29052166973241356
89800 299.34790043478392363
89900 296.1521945088151142
90000 317.61993478726350304
90100 312.5201270307019854
90200 330.72702493684244018
90300 335.34236502615129893
90400 312.26899858756422645
90500 303.22517243089276917
90600 290.76096022618111192
90700 319.99028531855924484
90800 315.19675065218842747
90900 307.31349922098030447
91000 291.15631360472775668
91100 301.87110423609658483
91200 323.49035783551698842
91300 302.294949216875807
91400 290.81224893430095335
91500 312.01127561352160455
91600 302.91860158585961926
91700 314.59256620705690466
91800 311.79058730398026
91900 301.60843047143652029
92000 306.65022129602112955
92100 316.36158874529326113
92200 316.05510735634510411
92300 312.18875307264750063
92400 313.056951023038323
92500 299.40849579021681848
92600 317.21342287422396566
92700 320.50870097260025204
92800 307.79320881506703245
92900 300.29976591027832455
93000 292.49783734035491989
93100 298.87342534117419746
93200 307.96250376606019472
93300 323.04954369717472673
93400 326.52143958054597306
93500 308.85626957934914572
93600 299.65072562340537843
93700 306.91392759164205017
93800 308.05248008433784435
93900 316.12782562986376433
94000 322.87197746396566345
94100 316.26420820375028597
94200 312.37078331451118629
94300 297.64024804929920265
94400 298.18895528434956077
94500 289.24905503311219945
94600 308.44999230023972814
94700 320.8083364562540396
94800 295.13810378590130767
94900 297.0117238108859965
95000 312.37764831230276741
95100 311.38095737368644222
95200 318.4745622573106516
95300 299.51686880978223826
95400 303.87388135097791064
95500 319.61056667095533612
95600 303.52498827134473913
95700 299.89211097742901302
95800 288.77417201247715184
95900 311.52491055387275765
96000 323.09723496379575636
96100 310.318942808398333
96200 303.30304076551249182
96300 309.22628485787618047
96400 323.23496972702133689
96500 318.05394388172402387
96600 314.97750430451139891
96700 319.55879259939882786
96800 313.85276098197897454
96900 297.31573135321048085
97000 302.41310632242146994
97100 303.60411992771008727
97200 316.63297822759079736
97300 315.64119919762140398
97400 303.42815867303033883
97500 314.32973997746069017
97600 299.20343911887107424
97700 316.38821240523066081
97800 295.36694578287938384
97900 307.59667784247068312
98000 322.14698927339190959
98100 323.65177471305111112
98200 287.71504416260279413
98300 303.838227958181335
98400 303.5827352159055863
98500 330.89935926372754693
98600 302.18975283503942819
98700 309.06704036098642518
98800 317.5909182109885478
98900 321.57396230250941471
99000 306.42967303816772073
99100 309.82243692223471498
99200 315.17880090891367217
99300 316.06731965892936387
99400 307.76691165665664585
99500 298.92470343698028046
99600 310.87735237822943191
99700 322.79538117661252272
99800 302.39098618999707924
99900 286.67082254283656084
100000 313.93906609098343097
