# Fix print output for fix printTemp
0 310.00000000000005684
100 316.24995183150429057
200 307.76556135028255312
300 290.22020546823625864
400 293.02025024693546129
500 309.82672744267273401
600 307.12338112198824547
700 344.03003968212397012
800 311.86127451521485909
900 297.15930870156768151
1000 293.49872659596053381
1100 305.55772279178381723
1200 296.06549087594760294
1300 294.87575581500141197
1400 298.11476110712271748
1500 325.39367635479612773
1600 328.13405082828103332
1700 299.98733445315730251
1800 306.48967397657344236
1900 301.21017465812980163
2000 318.26470908545883276
2100 297.75691802011147047
2200 291.14129237275966489
2300 303.75114212714146333
2400 306.68798868947868641
2500 301.14117787584109465
2600 306.20208275657716968
2700 329.52505740298886394
2800 318.84848043100441828
2900 309.57176848000477776
3000 288.1256426857862607
3100 302.40943373701759356
3200 315.7102968796811524
3300 288.87705615806532933
3400 308.79333436217319786
3500 316.57517749878275026
3600 304.57527499041270858
3700 311.83053509228955136
3800 301.37673166162579719
3900 301.22642740516658932
4000 323.56210213439419476
4100 331.14542990297451297
4200 296.71111215049376142
4300 302.26675652114028026
4400 326.84794156725416769
4500 321.07512644737533947
4600 313.67193887928652885
4700 310.41569104289703773
4800 290.03810620556316735
4900 309.23225969729986673
5000 296.71270546211911778
5100 287.85469401436154158
5200 304.44060723364844989
5300 316.12295045347320865
5400 329.19920434581172231
5500 313.04686966154480388
5600 304.76609415844427531
5700 318.63514865229876705
5800 318.01006517271770235
5900 316.99044765082840058
6000 307.22758940277225292
6100 322.22924968696071346
6200 304.11025645335092804
6300 284.92016413875262515
6400 300.93691956347612404
6500 315.40128455019458897
6600 333.05794567776894155
6700 316.58697694549806556
6800 304.81201155276505688
6900 320.621261940419231
7000 312.74461575248398049
7100 307.99623194420439631
7200 300.00124239074523302
7300 307.74650194761733246
7400 309.90274985458921719
7500 302.88593632499646446
7600 314.82730390692080391
7700 306.91812128401892323
7800 309.01748191913742403
7900 294.94283689157856543
8000 320.48483499029157429
8100 320.00345456607658434
8200 296.24057843530397349
8300 298.2956427405720774
8400 304.85212413933783182
8500 319.08598580558157209
8600 300.74336721529152783
8700 306.34410376433822876
8800 310.242230532100848
8900 307.95525431961749518
9000 313.85174481659447565
9100 302.88744402266922862
9200 291.3308725821899543
9300 311.90348940383540821
9400 314.35796154086523302
9500 317.86977745665814155
9600 307.58258301983596539
9700 297.47971747505323492
9800 296.31930379411033982
9900 316.51030076694780746
10000 316.89500821966407784
10100 322.92986126079580345
10200 306.42746730607552763
10300 306.37916996065774811
10400 308.4252967418708522
10500 316.89146443423965138
10600 320.31259472349938733
10700 324.7148350221980877
10800 314.31046675215236519
10900 297.63203515251893805
11000 294.84956963260401608
11100 302.41454307355502351
11200 316.88581661308205639
11300 312.28158519035821428
11400 316.39293586198243702
11500 298.22518458094288007
11600 305.97664699261770238
11700 314.3522572322092401
11800 320.89092392344247173
11900 315.41539942342859604
12000 312.05647936996479075
12100 316.12522047704572969
12200 322.22239942361460407
12300 301.94956510587491039
12400 315.04512005353006998
12500 312.76505814229420821
12600 310.0459250526167807
12700 305.04321990789401298
12800 299.24836335156902578
12900 305.87090887586822419
13000 303.31335318108892807
13100 305.2283084739348169
13200 286.07561437935038384
13300 309.87641148301554495
13400 306.32468774370636311
13500 317.33852364753539632
13600 320.29666043632556693
13700 308.26744422817034774
13800 293.88200143162345057
13900 305.36997044559211645
14000 330.24780160825173425
14100 320.62633353246900469
14200 314.02320787642764799
14300 306.35432752198636308
14400 290.62377258786113998
14500 317.70737107094328167
14600 318.52086607252658723
14700 319.64083996656478348
14800 316.99257750355371854
14900 302.85086267359361045
15000 312.01762063047357287
15100 293.90112015260052658
15200 287.61353982219492309
15300 311.27126085180003656
15400 322.98679304084680552
15500 313.50534985565190027
15600 325.68670244379512724
15700 318.14239862740026865
15800 300.33011655455180744
15900 304.33862453040887885
16000 317.37940474159540827
16100 319.51673196443675806
16200 315.11537144452410075
16300 316.03229722994188933
16400 302.98921013859455798
16500 312.99370149204452218
16600 301.23685120703061102
16700 299.33817457655925409
16800 309.29727129261823393
16900 314.04692624972182102
17000 310.64045151729180816
17100 308.35209914165892542
17200 306.22059479027967654
17300 307.49870696344771659
17400 311.89898464322516247
17500 322.41580998663624769
17600 294.93529000281915842
17700 289.21142861859743789
17800 309.32206231314785327
17900 322.09372213885478686
18000 316.12301556796535351
18100 302.92472093664849808
18200 321.99013074024799153
18300 308.1934745488206886
18400 293.42826431586297531
18500 314.51979087807131918
18600 305.78932671299264712
18700 302.40375567137556345
18800 311.99391181442109655
18900 317.08379768632158857
19000 307.98932218649395054
19100 293.32644598213590825
19200 302.9443580292309548
19300 281.04874215872894183
19400 314.29075744484390498
19500 304.43143794536177893
19600 293.77361692085361256
19700 293.27600924165716378
19800 313.63736381651955298
19900 314.97515951141298274
20000 323.90212291254209731
20100 311.90995733035134663
20200 300.49578278597618919
20300 312.8861623194547974
20400 306.50639458884324995
20500 312.30762994274721223
20600 334.85771311732463573
20700 320.51507423192754231
20800 307.35483941904351468
20900 290.89731986596905244
21000 301.37018922903649809
21100 293.73577336578415498
21200 307.78654602781443828
21300 303.79550374667553569
21400 312.18996145008554777
21500 306.11742117808915964
21600 304.94336546662776755
21700 296.55122758981411835
21800 313.25536719079264003
21900 323.72465382839897075
22000 301.84798358671002916
22100 304.05405149384864671
22200 311.31302933561232749
22300 312.9139750568131717
22400 298.79770826179174037
22500 298.50317553008579807
22600 317.78983210880090837
22700 325.14281237017149806
22800 317.86086271739412723
22900 312.1449475768257571
23000 298.52331969029188485
23100 308.05454107169020972
23200 313.15197630169052445
23300 326.56335316944313263
23400 318.11234914545974561
23500 303.68034024213721978
23600 295.39121754262873765
23700 290.24367939605980382
23800 316.54656059744075947
23900 316.38725270817229784
24000 321.23422301754050068
24100 321.9678418202075818
24200 303.93716820766798037
24300 309.17124306486294927
24400 302.79190156134899325
24500 308.36798104891562389
24600 302.57950580434595622
24700 304.06029410365215426
24800 304.02822683646633095
24900 296.77769649546775099
25000 311.29650205357853565
25100 310.45284143132454346
25200 308.0474993022519925
25300 301.35280952089613038
25400 318.47588149162072568
25500 297.77858277517253782
25600 304.55937097886061338
25700 303.21605547463371977
25800 298.65370323503992722
25900 307.86785857407829781
26000 332.4092605139146599
26100 317.48350546143171869
26200 334.46565349128525213
26300 301.96099513584880469
26400 315.67466198102158614
26500 310.74794604774285744
26600 292.67107507612212203
26700 315.92706619514638078
26800 306.16443671792734449
26900 291.64916207026703887
27000 313.39350530429459241
27100 313.48921362023963866
27200 318.35085352419343963
27300 325.57800075715573485
27400 309.19799568965510161
27500 307.53792861112026458
27600 303.3067074858758474
27700 302.64061369317346362
27800 317.47776547530037305
27900 308.06280916417483695
28000 320.51828067008597145
28100 296.53036997765110527
28200 313.90650993791751944
28300 312.65954549053270739
28400 312.32869636665412827
28500 293.04835062468623619
28600 297.22283598271508254
28700 298.77519950790014036
28800 307.84811074392359842
28900 325.27960839226420831
29000 322.26356292300232553
29100 308.74955233575371949
29200 311.04639180398572762
29300 314.74634164497837219
29400 322.71102295351795419
29500 324.92238211553518568
29600 305.39307537392392078
29700 314.27372238230503854
29800 308.73548017048932479
29900 323.13786349866131786
30000 316.62493698762114036
30100 327.61475246559297148
30200 302.40478971999368696
30300 298.04251213615231109
30400 310.27153488882430565
30500 305.44771381662206977
30600 307.60172907218935734
30700 304.37575531040499754
30800 318.906517758439918
30900 320.91166907556635124
31000 294.34484796174632493
31100 302.59724429640510834
31200 311.47737233957946046
31300 311.72480179028275415
31400 321.18239463189303251
31500 293.52067489314316617
31600 303.2819896600786933
31700 301.88656268126243276
31800 301.31804977758326913
31900 334.36767321399253206
32000 306.37291980922651646
32100 316.39305044555493396
32200 310.41206987473225354
32300 326.79605430045035064
32400 317.62479866150630414
32500 317.35188274285258103
32600 313.12062072500441445
32700 286.54343523592967813
32800 306.48282033677605796
32900 322.25980085986060431
33000 313.2265126755755773
33100 310.62801712638622575
33200 336.63328776054402169
33300 291.75417906114739708
33400 303.69365312281672686
33500 308.33801160738403269
33600 303.18117038361793902
33700 315.40731229492513421
33800 299.19214216802538431
33900 300.61113707266065376
34000 297.96598101542110726
34100 293.66028571895873256
34200 309.47836224977737629
34300 320.10679986069231973
34400 324.52948029963499721
34500 306.02195509157604647
34600 307.69180287135009166
34700 291.33996632183107067
34800 309.91694118321458973
34900 315.23287526635851918
35000 315.32288672477676528
35100 302.92213324593063817
35200 297.00694410831277992
35300 304.32111500876555965
35400 286.50325625219841186
35500 310.37109814814135689
35600 309.40899105263900992
35700 305.39081721400697234
35800 287.88661992669472056
35900 297.0026708329018561
36000 301.0886222408863091
36100 301.98894064819126015
36200 287.73252536671520829
36300 304.14494050664507085
36400 322.97261329428914678
36500 316.67320996038984049
36600 297.48576795543652906
36700 316.80962029997562013
36800 306.1486800159037216
36900 320.04623183934063491
37000 312.7535627388855346
37100 304.18062902542891379
37200 321.57230041221004058
37300 336.38608260160248165
37400 315.10269017344273834
37500 312.74253899887747821
37600 324.63168241900496014
37700 301.14982340053421694
37800 310.48842636801384742
37900 299.92397559741795021
38000 302.41024364916376044
38100 321.30657167017881193
38200 294.4887809389011295
38300 300.51910304213066638
38400 315.87879091542873766
38500 322.80296049221823296
38600 314.93693713248990207
38700 316.05866000239814184
38800 299.30262227986105472
38900 306.35515963115489058
39000 315.84169607257626922
39100 307.09394725783351987
39200 315.3463572090533944
39300 328.02413120381243061
39400 315.2279615684680607
39500 297.87281301951924206
39600 302.0368309314084172
39700 304.59251627327637379
39800 317.81046164437589141
39900 315.21791215094378913
40000 314.90820327253936739
40100 295.05731601723005042
40200 291.77702935173851984
40300 315.65973412789486474
40400 316.04639263175903352
40500 305.8639053868463975
40600 303.71539527739912501
40700 316.62944036811700244
40800 315.6125894579671467
40900 311.51886360152474253
41000 292.0615993494376994
41100 299.04654346524910125
41200 324.89142933819891823
41300 323.78458502507328376
41400 330.73360626159990261
41500 303.54097429083077486
41600 305.51145291692205319
41700 293.45399685516389354
41800 311.49451505306467425
41900 312.91738230922919684
42000 314.05687505432427997
42100 312.2871255528135066
42200 294.0220181807667359
42300 319.86700401629332191
42400 314.04819930304159925
42500 325.04509116183845663
42600 307.14709912995601826
42700 296.4305231473554727
42800 318.47606364810144441
42900 316.14396893627070995
43000 316.60230825085824335
43100 299.05770484226655981
43200 310.80727033548771487
43300 312.67932194539224611
43400 303.05330529598262501
43500 288.09981408643443501
43600 309.98980442987073047
43700 323.45776546208367108
43800 305.50671338598078819
43900 316.15018728377418711
44000 295.17315251160698608
44100 311.0314642255985973
44200 311.86468544352874233
44300 325.08043027294297644
44400 320.01061191036905029
44500 300.54451442764161584
44600 297.86321492961650392
44700 311.52068354437301423
44800 313.148369217870993
44900 310.67866654429400342
45000 312.92331169900313625
45100 309.06136954936550865
45200 315.87933759479130913
45300 306.60176579181444367
45400 298.21525705758131153
45500 320.22908590619255165
45600 316.78177448051889087
45700 301.35699412141553921
45800 294.73270835351968344
45900 309.70891590110193192
46000 315.56988819683073189
46100 329.93419598548490512
46200 302.96100641274648524
46300 295.28546972986555375
46400 317.47332868790488192
46500 322.8660691558641247
46600 306.60943277088796322
46700 303.84238359693927123
46800 315.18145460831965465
46900 320.43503057978892912
47000 314.45764727317663301
47100 299.00013222184298911
47200 309.86475126354929444
47300 318.5766504188772501
47400 315.9812780611459857
47500 305.71489846172153193
47600 305.91676488944494849
47700 307.70212445321180894
47800 311.4073000840454597
47900 314.70719205231455362
48000 328.44492315896707169
48100 308.85391363387947194
48200 303.43615225936281377
48300 326.92934028525991152
48400 310.25133575699203448
48500 322.19615909782169183
48600 326.60433829596524902
48700 297.72656274087188422
48800 305.34870969350993164
48900 306.56907519198250611
49000 314.76453408663178379
49100 305.87057179197677215
49200 309.13705067228585222
49300 304.80666890825654036
49400 330.12930989397119674
49500 320.71292022928969345
49600 318.74509127710604162
49700 302.42773857769191181
49800 307.51574341839386761
49900 324.8978103844974612
50000 312.4565802168352775
50100 310.71531355678700947
50200 317.90134619103577052
50300 313.01958516250277853
50400 293.14941522486537906
50500 311.61609280330259253
50600 324.84637701429460321
50700 315.25002636330981431
50800 310.10093684592271757
50900 307.70339230824379229
51000 318.47029665508131302
51100 323.01981445892533884
51200 310.08797745072700991
51300 331.96790026417033914
51400 325.78371879588775073
51500 304.22716625696676829
51600 334.03422261813824434
51700 314.75106525941129121
51800 322.88799921402568316
51900 300.5573940611682815
52000 308.56599543420662712
52100 318.40807500775019889
52200 298.85053435840137581
52300 301.63001168594672663
52400 293.33146778059932558
52500 299.09330448899265775
52600 313.99296975612162441
52700 323.3370458984089737
52800 307.18538764961647303
52900 292.09225916799101697
53000 306.64723932817037166
53100 327.83542325497893444
53200 311.38081859298847576
53300 308.10861090905603987
53400 301.6343363684762835
53500 314.15862309287280141
53600 309.59753282952516429
53700 307.28950103761667378
53800 303.85022853476846194
53900 311.40952180450301512
54000 308.22833303852877407
54100 314.60190230378941578
54200 332.704880767550776
54300 305.15427329261740397
54400 316.67773271486964859
54500 315.97360399947604037
54600 295.2174579673415451
54700 303.50372132658111468
54800 310.56841699485045183
54900 327.13781966301434068
55000 305.44807915178517987
55100 301.75883781330702504
55200 304.22337293219771936
55300 297.55708551473293255
55400 294.2451932624248343
55500 294.94842219396031169
55600 308.72775551551239914
55700 302.97796496548426148
55800 304.75653644401410247
55900 335.80096984336802279
56000 312.45775790660684379
56100 316.64597603306276596
56200 305.3346663229257274
56300 295.40480711073354314
56400 304.49366972211259963
56500 307.29184992024568146
56600 309.14387359496214458
56700 305.31428060341818309
56800 322.06394352065223075
56900 313.35312423252895542
57000 278.38091472421717754
57100 313.83751454521035384
57200 321.06049037044522265
57300 312.78417941091129251
57400 312.95556391011768937
57500 285.34105526128536212
57600 298.3919797325341392
57700 300.33614376744503716
57800 303.42861760922102121
57900 309.91442026376580543
58000 309.19517438093600958
58100 311.04668398074136348
58200 306.31566282741999885
58300 296.89808723833493787
58400 312.45730409126679206
58500 305.0032740524595738
58600 311.33186140049019741
58700 310.0999560991672297
58800 302.72055368711647816
58900 306.25924682608609828
59000 303.77528744251713988
59100 295.73997190248110201
59200 299.03932295701412158
59300 312.02270522670238506
59400 319.75909228312201549
59500 318.37018624923996413
59600 288.55762218468612446
59700 301.19305197672957775
59800 307.02422331505317743
59900 285.47541847042879226
60000 308.7322376768750587
60100 317.24504178978332902
60200 315.57481185894346254
60300 322.60861172986886913
60400 299.16786710795821591
60500 313.42385990350209113
60600 311.33222462702065059
60700 312.94792396080202934
60800 310.58848983758502982
60900 291.30205870651855093
61000 299.7124679101041238
61100 305.8737765215798845
61200 323.0139959069432507
61300 310.1240393517508096
61400 310.92184163358825799
61500 318.81062555869959851
61600 315.93776047014654296
61700 302.56146509573636649
61800 325.74225400162782762
61900 311.60757878234005602
62000 311.52495369636415035
62100 289.7979611873029171
62200 302.85732834167436067
62300 300.30744329274148186
62400 300.97234596087685077
62500 310.53766161945117119
62600 305.19649490531844549
62700 322.77024311389385502
62800 307.30385037666457038
62900 309.96624457549870613
63000 321.27711521079908152
63100 306.07775464962497836
63200 307.11010810573702656
63300 327.29296373148036992
63400 312.6247416720703427
63500 312.02298135764283415
63600 321.50896959127300079
63700 296.74882357538660926
63800 302.06209151440509686
63900 310.36650561202031895
64000 295.75022146804076328
64100 294.34507536719178233
64200 316.6922794400718999
64300 308.34248028819058618
64400 308.24300361708662876
64500 321.26790086043143901
64600 328.15503324056783185
64700 319.7744216572173741
64800 339.41473782840546392
64900 309.25636569645558893
65000 325.67221585750604618
65100 317.44437542182390644
65200 301.77849540073276557
65300 300.5334764346131351
65400 330.31334260718290352
65500 294.04912051262959949
65600 308.33528992066743513
65700 302.61885200716091049
65800 297.35275648668306303
65900 315.78634294333852495
66000 319.42081401580571764
66100 312.01251039815775812
66200 320.40165548187837885
66300 315.3821602185924462
66400 315.07062656313490834
66500 309.17487025563150382
66600 314.46525669181568219
66700 313.11681924182863668
66800 307.23127486305043021
66900 333.21782292158081873
67000 300.42805978489855079
67100 306.91599441990689456
67200 317.09318643048618469
67300 279.8287577730003477
67400 305.52750780539435027
67500 315.50056224878164812
67600 301.61663373780362463
67700 293.38859047470634778
67800 312.2240015577526151
67900 296.43599623473534166
68000 321.31867106323670669
68100 308.86136228835096063
68200 316.55419160915846533
68300 337.57655580055217115
68400 308.22392262249076111
68500 313.65983850789228882
68600 315.16493264795121831
68700 315.53397730045753633
68800 294.43422918750763984
68900 314.45270592411270627
69000 314.6592186511452951
69100 301.22643292208221055
69200 302.9020815575087795
69300 321.92124507299581637
69400 299.11252949498310727
69500 310.41985488689522299
69600 305.6236475530839698
69700 320.05765639779531284
69800 318.28273286605531212
69900 314.52680809527515748
70000 317.92217500826728838
70100 315.48160701393703675
70200 315.86459676640401995
70300 312.6939274010399572
70400 305.72306020244644742
70500 319.13071105664624838
70600 307.66841655002656353
70700 295.00494915856472744
70800 304.2780946527350352
70900 318.72870776660420233
71000 294.91096043096263202
71100 305.35743576067602589
71200 309.70618859807285617
71300 306.21566224669720668
71400 326.69571723802567931
71500 307.65939625988113448
71600 305.87637537514990527
71700 313.49750011665366856
71800 308.65794983382181726
71900 328.21571217411730004
72000 320.11165410698100686
72100 312.7532549214091091
72200 308.97485242122860427
72300 308.29927270554100005
72400 305.08697137259673582
72500 306.04607008521929856
72600 299.20967333869697313
72700 309.19583895769557103
72800 335.23977015284793879
72900 313.40910897129435853
73000 325.47128230686001871
73100 325.78419257477031579
73200 309.87602709648871269
73300 316.36780226199209665
73400 300.69127114413117852
73500 303.54329812571722869
73600 301.68172021532865301
73700 307.27560690606287608
73800 315.02723727353389904
73900 296.25960324577710026
74000 308.05013845360622327
74100 298.35552346901482679
74200 308.39672135489450966
74300 315.19960683096559251
74400 321.6588376115435608
74500 318.14674080467432304
74600 308.87954381434792595
74700 311.71074956855159144
74800 296.96806934060958838
74900 314.51955892879612975
75000 345.99073130336677195
75100 316.10446353167390043
75200 307.24885167087035143
75300 298.61063416688489269
75400 294.63366109792508496
75500 304.70124743914186638
75600 303.26467839658289449
75700 335.01620182641363499
75800 322.12021798661515959
75900 315.79512981411323835
76000 300.93431610652817199
76100 305.7432754965990398
76200 312.16434425037459732
76300 305.45880119913380213
76400 296.32056932290521445
76500 302.09533756617605604
76600 319.04054422626671794
76700 318.56694132572232547
76800 303.44303809222373047
76900 297.550568046002752
77000 300.81129879876743871
77100 305.66221806312682929
77200 337.57272930187554039
77300 314.71103590492270996
77400 302.14168746512496
77500 294.81487807899458176
77600 303.76743041874738083
77700 318.39018629473031297
77800 301.67233760894947636
77900 331.84533464530392166
78000 323.94728196129648268
78100 292.58894537489823051
78200 317.40050755531132154
78300 331.9050850876211598
78400 301.71661521355662217
78500 316.84898493787216012
78600 321.15250553640044018
78700 301.93439739984336256
78800 298.62258412745865144
78900 315.02871852891507842
79000 301.07775951847298757
79100 295.99854062948321598
79200 305.08641587803214179
79300 322.79098752647092851
79400 315.57454447298528066
79500 314.17166305597669407
79600 316.48018864162128239
79700 309.04253477436537878
79800 297.86406447104951667
79900 299.28212839554350921
80000 297.40266928215248754
80100 320.55039795986436957
80200 300.906030571523047
80300 323.44298127423331835
80400 322.78794629259340354
80500 310.54765191500217725
80600 322.04839432334870253
80700 317.9840038488437699
80800 306.89780548758295708
80900 328.88324468859957506
81000 310.96916176575427926
81100 304.41666361520276496
81200 305.03907642718814941
81300 321.26346732711988352
81400 312.46732648880964689
81500 306.76000351181778569
81600 310.65048272128080953
81700 318.86562728138284228
81800 307.45971440596508728
81900 296.34692688824992501
82000 315.75636870242590248
82100 306.67984650532054047
82200 301.78207468362830923
82300 308.90682971232746468
82400 332.50516442382365767
82500 317.51844120584871689
82600 309.392404559535521
82700 286.61660261153912188
82800 324.87439506700957281
82900 323.92031410550771398
83000 305.22307457487818283
83100 317.22851740253912567
83200 307.75954867386928981
83300 310.80972984252144897
83400 324.11669113038936985
83500 311.93049746365142028
83600 313.86968902352907662
83700 311.17225536418874299
83800 319.91973380661886495
83900 312.08455764459000648
84000 327.74409716430511708
84100 316.12665679141537112
84200 326.52954793055243954
84300 316.34072298616553098
84400 308.77134503405181931
84500 310.42112865936871913
84600 328.40621628219980721
84700 326.63513682844018149
84800 313.4822969602916487
84900 318.50773081414564558
85000 316.21580197564577475
85100 311.01768131608207568
85200 325.85353834571873222
85300 310.08733092167307177
85400 312.94504085527262305
85500 322.83155992836287851
85600 327.375909022372241
85700 309.11999559614275768
85800 312.80000108807053039
85900 305.28291638020010623
86000 303.23434442077785889
86100 322.34105555048535052
86200 313.74287399711113267
86300 297.2680213362041286
86400 326.35480618984900048
86500 304.15075516254819377
86600 307.17427287497969246
86700 305.95481909645411633
86800 297.18750517179302051
86900 315.76146792542851927
87000 307.82183792504395115
87100 290.74043577129634741
87200 292.46875587506406191
87300 310.76177874889930308
87400 314.61245567502163567
87500 325.86115259397308819
87600 303.93278917278138351
87700 303.75972598347323128
87800 318.90583685553502846
87900 294.67510067266277929
88000 322.66226738062493951
88100 313.8746397116068465
88200 311.45297132296690279
88300 308.72472533656173255
88400 308.1393524809627138
88500 304.63055658086511812
88600 305.75395065344258683
88700 314.70703717734483007
88800 311.91371519947597335
88900 316.54107832729641814
89000 314.83020663824942176
89100 325.91369971167790709
89200 308.74646802589234085
89300 283.01266042909423959
89400 295.24183194634974825
89500 298.18394019080079715
89600 295.12274507945636515
89700 305.86044466448134926
89800 325.22023522020867858
89900 307.48912729167949465
90000 294.34326951793929084
90100 314.17773720334696463
90200 317.37555859250210233
90300 314.14837920576940178
90400 320.1596924930656769
90500 315.65765927298309634
90600 282.83675864700211378
90700 311.26798228040843242
90800 294.48401874326464167
90900 304.09848635288619789
91000 315.0280214015947422
91100 303.55232973558457843
91200 306.73115712859112136
91300 309.93992351233731597
91400 324.05090236382983448
91500 312.43848259244344945
91600 329.85653659539309501
91700 300.94125540372033356
91800 319.44364988156667096
91900 280.77583630278547844
92000 311.50495588075182241
92100 321.63351724406243193
92200 303.84943970810917335
92300 314.81373848587668363
92400 293.21718246864872981
92500 309.35071791535193597
92600 310.97370196997809444
92700 303.54678748094249841
92800 316.10404131756848756
92900 321.19745642898061533
93000 298.26811698170126874
93100 302.09595249121292682
93200 303.01596050394010717
93300 315.77456313663026322
93400 312.10181083822288883
93500 303.97599257875458534
93600 307.76612785902665337
93700 297.85538362892901887
93800 315.80118604797627313
93900 300.26017417823493361
94000 287.17244255596011726
94100 322.69705318934830984
94200 301.71216527237675109
94300 323.39690746779950814
94400 301.60043853214153842
94500 306.6845363801051576
94600 302.37378907962414587
94700 311.53803328618226942
94800 310.84092781368241276
94900 301.88769380446524337
95000 293.01598627353484972
95100 301.92361685002282456
95200 328.9496880278164781
95300 307.1649064199847885
95400 302.77069963555197774
95500 307.53900084465749387
95600 310.26929283284800931
95700 322.95790107396635449
95800 304.81993378325375943
95900 320.9272223147575005
96000 297.49817537315510663
96100 295.79757130775595897
96200 310.82122476097697472
96300 306.38107402912521593
96400 311.869921395039853
96500 322.07854717191304417
96600 317.28569888500112484
96700 299.14560552336547516
96800 282.37836048304103542
96900 299.16058152038209528
97000 319.12525263975993539
97100 327.70917054048271666
97200 304.49517179722539595
97300 301.57629660397759608
97400 324.30892210451156643
97500 322.76731269742049335
97600 306.60631011118670131
97700 297.07713861405176203
97800 302.62033675054584592
97900 316.78926990115547824
98000 313.42831956972628404
98100 300.77666322375540631
98200 317.82385656031738108
98300 323.33946278651052353
98400 323.93747486467464114
98500 310.94991391597289976
98600 324.95872291009453647
98700 317.2454124678356493
98800 304.59265692550798121
98900 305.26631060040944021
99000 320.71944795904084913
99100 317.17979840083012277
99200 310.42698207133003052
99300 312.76564622400053395
99400 316.92941137803683205
99500 307.04526968224382699
99600 312.90363247066039776
99700 327.89723945013662387
99800 317.64544979619529386
99900 308.51984484635471517
100000 301.01072834071726447
