# Fix print output for fix printTemp
0 310.00000000000005684
100 311.3703825207556406
200 309.09839115548771815
300 292.59641720297815937
400 300.19140629899800388
500 317.00672581463311417
600 315.47962523993339801
700 324.23716173170845423
800 304.69411663789099975
900 298.20003890053283158
1000 302.78842205576927427
1100 301.70570202109558977
1200 296.14464080733608853
1300 305.09089066472159857
1400 317.5805206292699836
1500 301.75075255053548062
1600 320.7496195289344314
1700 309.32876993269866261
1800 325.64371734020659233
1900 302.04044435830752491
2000 312.32953796714679129
2100 311.79392575891421302
2200 317.43980681393372834
2300 301.91717489420210541
2400 295.59603764100091894
2500 301.06450711740512816
2600 312.74048500985827559
2700 318.90066092248025598
2800 295.26512434608690683
2900 308.5099221392069353
3000 301.45492758818443235
3100 305.18524402452072763
3200 321.00764653218919875
3300 308.69971671980584915
3400 303.28468882042858468
3500 299.67703212828962478
3600 308.92689161717709112
3700 312.09304594302926716
3800 309.68706685986404636
3900 323.76739438056222298
4000 323.1983021440054813
4100 320.67525011136513058
4200 297.80486548110320655
4300 306.07568374501477138
4400 321.78338069118143494
4500 306.17929129409020561
4600 288.79707249987859541
4700 309.04818193213873201
4800 306.84104081579584999
4900 297.03005683167458528
5000 309.10808505368601118
5100 326.410930235856938
5200 315.98400903648376925
5300 309.72230072814608093
5400 311.67263192745076594
5500 316.65151961425789295
5600 310.54695801656816911
5700 288.81610063026914759
5800 310.77422180040429112
5900 329.95439635109966048
6000 313.47442394155814327
6100 308.45812200544389725
6200 283.26565746363570497
6300 305.38130545492498413
6400 308.09272835262709123
6500 317.54171301049717613
6600 296.6854785420982239
6700 328.83078813113803562
6800 314.03616351175810451
6900 293.47796177422964092
7000 277.92330442667167745
7100 303.42607455124777971
7200 322.04708787846800533
7300 311.04009878752418672
7400 309.79238987649483761
7500 317.78570463601761276
7600 319.2657790174645811
7700 320.02895764999249195
7800 323.13860922480961335
7900 318.6256232854099153
8000 325.96821056169181929
8100 323.68665786169242438
8200 308.69938503359753668
8300 301.73080338591245209
8400 332.74071540786741252
8500 291.01384388980613949
8600 300.69344560001053424
8700 319.09617672416311507
8800 313.54867687221513961
8900 321.5093000961048233
9000 304.97075648588605645
9100 305.27686594606984727
9200 331.14902828048309402
9300 327.22742908913505744
9400 327.85864808204678411
9500 299.87939380000204892
9600 327.06781148414529525
9700 320.49862366046943407
9800 304.07517579381550377
9900 299.4782230413969728
10000 318.99005905730030008
10100 328.32648811740506289
10200 315.20731338872195693
10300 289.31681405154745335
10400 309.49992699806148266
10500 308.77687611247478117
10600 298.86188904475136496
10700 319.43792807178402882
10800 299.26466265643506404
10900 313.22912958132047834
11000 310.20351284785562029
11100 299.99232434568801864
11200 319.39817542481239343
11300 313.34247520761573469
11400 328.42507842165809961
11500 303.88899452884390939
11600 306.9618009363310307
11700 308.14978359524502594
11800 330.67974325050204243
11900 310.31610460563575771
12000 293.43337601896877231
12100 304.81396638334547333
12200 307.41914592010965634
12300 309.59629097729185787
12400 313.73553501649234931
12500 284.52038123731824726
12600 309.13834566358497113
12700 328.30018043489883439
12800 307.52139794620779867
12900 305.67870800988384872
13000 312.54125493861891982
13100 306.891909025723578
13200 303.18670688530977486
13300 304.01978000881115349
13400 322.74397860736587518
13500 326.45068848808040229
13600 283.39803508027978296
13700 302.39748474128055022
13800 325.97212802142615828
13900 322.8377004966982895
14000 303.73399431838657847
14100 316.31275171990989747
14200 319.51044142671440795
14300 301.56058628584355574
14400 307.54302166257332374
14500 304.80983522899856553
14600 292.85622438961803482
14700 298.13887128275109717
14800 308.62918358700051158
14900 324.66175386576344408
15000 313.08641579752810458
15100 298.72360307814636826
15200 321.90412871599409073
15300 316.83094718029769865
15400 299.27720499301631207
15500 312.6313679215457455
15600 306.90073372808967633
15700 304.0996313644434963
15800 299.83402794386171308
15900 314.22377879739053697
16000 297.72619618623849647
16100 309.44996962588578526
16200 304.32357800513864277
16300 292.75845711749462907
16400 304.26255198307643468
16500 314.24787512585510285
16600 325.57268496865918905
16700 312.18169922343417966
16800 328.76675020424573859
16900 315.20600048693648887
17000 303.16414122231577721
17100 303.79308416473190846
17200 321.19977173349036548
17300 323.17323949354874912
17400 326.48060938979500634
17500 309.49729181505182396
17600 308.55593923085632468
17700 301.21111198115903562
17800 313.04139782553664872
17900 297.91381703949190296
18000 304.94368727412614817
18100 321.5182429624269389
18200 307.17119108551486306
18300 306.60905729527513586
18400 317.68828158824783259
18500 301.11784247989737651
18600 304.35291013835740159
18700 297.96007844614371152
18800 309.61711609354495067
18900 290.27070330898709472
19000 309.27549014671296845
19100 321.51703689269754705
19200 331.2524012529198103
19300 306.61062247667513248
19400 313.32551605235249781
19500 314.47644485611573373
19600 316.75431995308258593
19700 318.35600172381776929
19800 301.24748007768181424
19900 298.97595089336493857
20000 293.82391342886279517
20100 298.30901545436557853
20200 309.09802385042917194
20300 318.55865532466805234
20400 324.62005918332567944
20500 311.95976129924758879
20600 304.20446846797221951
20700 309.12122343514272416
20800 308.71135038211758683
20900 307.18835231345815373
21000 313.19419076373668531
21100 304.98585275473192269
21200 309.00052617230676333
21300 309.36119822329652607
21400 309.35916561317401374
21500 303.78007929462785341
21600 302.95495546509329188
21700 317.38395654540869373
21800 300.71626130575197067
21900 309.37102088746303252
22000 311.9442744879254974
22100 318.2673438185254895
22200 335.06012130129022353
22300 301.16363105025874347
22400 311.32914712978367788
22500 311.2354767685784509
22600 314.38744208950089387
22700 306.38951725919326918
22800 314.1424052728595484
22900 311.45902863744134947
23000 308.84082229139477249
23100 325.04112544538935481
23200 317.36924404617968776
23300 297.6742371958930562
23400 301.84792313510831718
23500 309.43262417148804388
23600 294.81568706738534047
23700 294.00461142194967579
23800 312.98773180488996104
23900 326.89006264684513781
24000 313.8349342450225663
24100 309.2663512019688028
24200 317.49315167342166433
24300 315.43640424512540221
24400 299.83205823324982475
24500 296.73995233990984843
24600 315.24821628500359338
24700 314.80386087965013076
24800 323.83485624880097475
24900 298.37888843874674194
25000 302.02538977502160833
25100 298.71386494344233142
25200 315.35273411984962877
25300 306.16663837095836698
25400 312.93856073098356774
25500 289.18199123875564283
25600 303.41064031782241273
25700 315.15406830232490165
25800 311.39683963276098666
25900 307.07636203498702798
26000 320.85465432561881016
26100 305.87104988147962104
26200 307.96018857279358372
26300 299.28980740617521406
26400 311.69539866595238209
26500 320.62852413320302958
26600 317.58783292617789584
26700 308.86140719896008022
26800 322.49298681712849657
26900 317.75550192470620914
27000 299.99292960825641785
27100 289.09254641609089731
27200 300.17277634333197511
27300 296.76023180913591659
27400 306.1781622726302885
27500 317.72587105159851717
27600 308.74364933091231933
27700 299.73119469689015659
27800 302.63678009108144806
27900 306.91635536453969735
28000 297.13709499643550771
28100 316.44893283628084646
28200 304.02898518468799693
28300 320.01108255352630749
28400 306.55770321477240259
28500 298.65600383240825977
28600 311.52806163722885913
28700 307.07715147891224206
28800 311.34935278308904572
28900 312.66396088103357442
29000 304.43371156017377643
29100 307.30480323396153608
29200 307.16878215870377744
29300 300.71305820707073053
29400 298.21101994595414908
29500 301.44411775919917318
29600 311.19756113640272588
29700 306.92148511601874361
29800 317.5397500681305587
29900 303.5998564834494573
30000 304.64700022332226581
30100 311.85692946895727573
30200 305.69956503631681244
30300 286.0965191252043951
30400 297.17626314778004826
30500 322.08879078892618963
30600 318.24898334162776337
30700 287.62801455423652897
30800 311.27269178393311222
30900 301.87056253590566257
31000 301.12020234672212382
31100 319.73459187571586426
31200 314.44794275540431272
31300 318.67053398304977918
31400 315.73328474201190375
31500 320.97721584802792449
31600 305.87071399558482199
31700 308.07626440084328578
31800 321.67492378947832776
31900 314.4497024121483264
32000 314.45150507810654972
32100 315.5152579356605429
32200 308.6747842785470084
32300 303.69827270353329141
32400 318.7970088706197771
32500 335.1671125922876513
32600 313.78691340830152967
32700 307.84761077247816274
32800 327.1319668910758196
32900 316.7763482466399978
33000 314.67974920091461399
33100 326.9681852483035982
33200 315.06539431655875205
33300 317.60017422956661903
33400 295.18531060750751749
33500 326.53832476692701903
33600 319.99204358416670857
33700 317.45272725038381623
33800 305.7878843296759328
33900 315.4545334285889453
34000 312.07563737515505409
34100 308.90779459483724168
34200 298.66182086896412784
34300 310.1135253058336616
34400 310.63944454722258115
34500 330.19107137081800829
34600 320.04008124546368208
34700 309.71823861477577111
34800 297.66289267720509315
34900 311.18139078210970183
35000 300.92952952497358865
35100 294.14637076779990821
35200 310.72734712661082312
35300 301.44596727482155529
35400 301.2708895183200184
35500 301.43323247057861636
35600 317.21225033922462444
35700 307.6417370618958671
35800 296.49365660232973596
35900 307.53219650938461882
36000 307.09784607458959727
36100 302.63553518981694879
36200 295.03994246043106386
36300 295.45244558956852643
36400 311.38548651525746891
36500 311.58671769191528256
36600 319.51126451832698194
36700 321.96181641044989874
36800 317.68287499915282979
36900 316.35709163335729954
37000 313.16280907849824189
37100 294.44387433416619615
37200 310.85195672039753845
37300 312.57103435445037576
37400 315.93148517009200305
37500 302.89177462249301698
37600 302.08055246225853807
37700 322.32987530946940069
37800 304.78832387774889412
37900 308.5687873209409986
38000 317.62376921511702221
38100 328.08972735286999978
38200 305.42864482764912282
38300 312.50103779018149908
38400 289.66072355036425279
38500 302.0774405889600871
38600 319.06254971823733513
38700 321.6854397996352759
38800 312.13531876161795253
38900 300.39666754944227023
39000 322.25424736789000235
39100 322.70321886491552732
39200 310.51873069126980909
39300 323.02272429298545831
39400 311.26295862010823612
39500 304.53864483868284196
39600 314.24144379551410111
39700 317.89714932415563453
39800 308.16903562664026595
39900 324.54992162815540269
40000 311.68849655831968448
40100 310.33429950032359557
40200 306.79671828491763108
40300 322.68958170206917657
40400 311.42449896301053514
40500 314.47281349383456472
40600 304.91058694708897292
40700 314.42166063216274097
40800 331.90878035151223457
40900 309.64524381974575817
41000 306.34440100817022312
41100 304.24405758605905703
41200 308.94218607049327829
41300 318.50375203970270377
41400 298.90277197982305779
41500 304.25607352143077833
41600 330.60379741180156543
41700 318.77175231641422215
41800 314.76417753793015208
41900 305.6021986861815094
42000 299.57595290931436693
42100 315.06332775622718145
42200 308.30583648689855636
42300 310.86521906417351602
42400 293.03864658672671339
42500 292.70360918821688756
42600 302.43310587871468442
42700 290.1356651743416819
42800 316.37054929480046894
42900 309.91516974966322095
43000 313.42933268024245308
43100 297.57340244924643002
43200 312.4680262296196247
43300 323.1881984629420117
43400 314.43798496473846171
43500 333.33462745325397236
43600 321.07802477658759699
43700 310.19498969222013329
43800 299.69915628108583405
43900 317.9140493704106234
44000 321.80414315605861475
44100 318.54231198308411876
44200 299.51218143470617861
44300 292.38432229037675825
44400 329.8783690198495151
44500 319.52739194357155839
44600 298.56399183516242601
44700 305.84906072255859044
44800 307.92953841031459206
44900 316.46085880592022477
45000 325.16621377742063714
45100 302.00765714068597845
45200 317.30204274324739799
45300 304.42720700783127086
45400 300.05764304696049294
45500 316.02094741733776573
45600 309.36507030935234752
45700 308.34813664679370504
45800 314.54547966908978651
45900 334.24774690018733736
46000 303.92705797706111071
46100 316.2189900668087148
46200 309.54336035934227311
46300 306.4950813802889229
46400 293.58403935538365204
46500 310.96260423378345195
46600 312.23086530950683937
46700 295.22322070610988476
46800 315.93019434885553665
46900 303.57022143662823055
47000 327.72124717960645057
47100 314.25542705205867833
47200 306.98320423469886009
47300 294.82577824910077879
47400 315.54287983934978001
47500 302.91664027428714689
47600 306.31379388611730974
47700 303.48783472036461717
47800 310.77649991519086825
47900 316.52700668965388786
48000 322.05403729538187463
48100 325.52176884842248228
48200 311.93713776346260147
48300 304.10790070941510521
48400 325.77575466363157375
48500 300.53851205576603434
48600 307.14158465720493041
48700 299.62055929259440745
48800 312.54975427671638499
48900 330.53639774479290736
49000 299.24501085602480543
49100 305.70910050763893651
49200 311.75832228469118945
49300 330.79299164658840482
49400 302.70814744251219963
49500 299.11295647239126083
49600 302.14910997268617621
49700 320.99846331822033108
49800 314.50702150133361101
49900 313.1896308877153956
50000 296.67169074270060491
50100 307.98517063547342332
50200 299.0064954793731431
50300 305.92501222446117026
50400 322.32739073103641658
50500 323.59520885207257379
50600 315.9343202277100886
50700 300.60025668042044344
50800 297.86195124854788219
50900 299.82141143567002928
51000 300.57894375825583211
51100 333.48929236692657696
51200 311.97677650049274689
51300 309.98915356040350844
51400 308.01821336388667305
51500 308.29903616582703307
51600 320.84290927785053782
51700 319.71095351553469754
51800 303.71791399169364922
51900 302.58320712424728072
52000 309.11833528485800571
52100 290.73106025261301966
52200 293.01300943389679787
52300 300.38768112027639745
52400 297.21102159176194846
52500 326.06994230722415296
52600 311.82769655488004901
52700 299.42137662037242762
52800 314.60732739282610737
52900 310.24145768007224433
53000 307.75910156267087814
53100 302.9202719758168314
53200 305.26975953386585161
53300 319.17341988173404843
53400 300.80029045155220047
53500 322.05770646445580496
53600 299.09996546926589644
53700 320.56584359653578531
53800 314.80973362419803152
53900 291.29326687561280096
54000 301.66995456132247
54100 311.0230008287230703
54200 306.480596674311073
54300 305.29805091339972023
54400 310.5056510588200922
54500 310.77459369215375773
54600 307.43811904573226457
54700 302.39796261895247653
54800 323.94513930125953038
54900 312.73641120739307553
55000 304.99916655960629441
55100 308.53921566451424496
55200 290.54278650097882064
55300 322.45125386525512567
55400 292.64766183225344776
55500 299.7401033406496822
55600 307.25872978299059923
55700 307.21208494417646762
55800 313.03523468943268426
55900 310.629315585857114
56000 313.40770944415555732
56100 304.9307745705968955
56200 309.88700683915789114
56300 310.03961079981922921
56400 308.88003764195303802
56500 306.44380349339132863
56600 304.30642070229873752
56700 310.26018273288667615
56800 328.60789391924527081
56900 314.24264419725523112
57000 296.33602115083601802
57100 297.60852954481538291
57200 302.39275412136294108
57300 312.75275947452092851
57400 309.61932067119983003
57500 319.80608301630712731
57600 326.03085336697267849
57700 309.89280412502614581
57800 313.79769416392554149
57900 308.87951192767587827
58000 294.92946250288912324
58100 287.74712881913944784
58200 302.41622533985326982
58300 296.01864117718128
58400 301.76707404255751044
58500 316.22260782744649532
58600 308.27589192402211893
58700 307.94416928430314329
58800 312.46594149848908728
58900 309.41079020558714774
59000 318.29584097780053753
59100 309.36734061726662048
59200 321.21272161030054804
59300 305.45262598499425621
59400 326.37373604000811156
59500 324.92134730936226106
59600 308.4580240959880939
59700 306.55946363002868793
59800 325.59530524166211762
59900 314.69787808253516914
60000 322.56026014306848992
60100 313.14800808278380373
60200 310.58849173749331385
60300 290.37416914165891058
60400 298.73987143754271756
60500 321.08405281935534958
60600 317.14574500043335092
60700 290.68404044803497754
60800 300.56769335757485351
60900 306.90126151289035761
61000 309.50949785151419746
61100 306.25739779182470102
61200 319.26878618972733648
61300 321.42187201483142189
61400 311.52686367029826897
61500 302.66529557488041746
61600 320.64327860612866061
61700 319.78158589211267326
61800 309.60797209609717129
61900 284.20308106947635451
62000 296.26321573050495317
62100 309.90412986737032952
62200 312.85275608516218426
62300 291.04337465765894422
62400 327.09685387703149217
62500 313.35010710712447235
62600 324.51618112500722191
62700 311.9737300726843614
62800 287.89149458052406771
62900 298.74996615301438396
63000 307.87168760299738324
63100 320.07316428549427201
63200 307.40155295750258801
63300 306.67239067034631717
63400 317.80726036197978601
63500 316.77183539802484802
63600 315.74588522542586588
63700 301.26909697699971957
63800 308.74660756406967721
63900 310.71372434894834669
64000 318.13208898955133463
64100 307.99164990446223555
64200 292.36511201531033066
64300 303.94937550382456948
64400 309.55629719622271523
64500 319.43392001399735136
64600 314.06268570197016743
64700 313.99536376403216309
64800 312.20817511745354977
64900 313.13334745057829878
65000 328.91644448473488183
65100 334.43347736803679027
65200 314.29763271579452066
65300 307.22153669349637539
65400 302.68047225133773281
65500 324.98874764126253467
65600 320.79017548398712734
65700 303.18239216197792985
65800 306.90998806999465387
65900 292.31569149032475252
66000 312.64718084187256864
66100 330.11269287057842803
66200 310.59327397493660783
66300 300.84916479495439035
66400 290.0963279647801869
66500 314.08727342705282126
66600 310.97592938623864711
66700 303.02125977503885679
66800 322.0844136811917906
66900 313.98511242501604102
67000 322.09097080488271558
67100 317.02388538822930286
67200 288.65949127990637635
67300 292.91771744542307943
67400 311.59613070828896753
67500 311.27474610848366865
67600 296.37587731728996232
67700 301.4756231474864876
67800 310.37348182370283212
67900 319.91189517484457383
68000 310.26490672018906025
68100 312.37517572851811565
68200 316.71101703259762417
68300 302.60477969043540725
68400 303.5867974957556612
68500 321.94357721360381674
68600 292.32998583423085392
68700 316.97859177243077511
68800 305.92937042291379157
68900 298.84659347029952414
69000 319.90739095835397166
69100 317.24917531432720352
69200 305.46035385831527265
69300 302.77946114933752142
69400 289.77481387588414918
69500 298.43236016794259058
69600 296.27888712648496039
69700 307.58800095417166176
69800 317.95864940864538539
69900 327.02796655797396852
70000 311.80086070426420974
70100 321.05052532444858571
70200 317.16749414475100366
70300 286.64045904693819011
70400 301.74363135266946756
70500 309.97428794473023572
70600 311.93342944462659716
70700 296.3824219910343345
70800 304.9013184905938374
70900 304.90721688862311112
71000 314.24849713076986291
71100 328.24732515359170293
71200 314.79468482092300974
71300 330.72023251302567814
71400 319.70343758166205816
71500 312.77494949665958757
71600 300.0935737436689692
71700 289.78238605515451809
71800 312.43435457414000211
71900 319.46269306119313569
72000 302.56607540661440225
72100 310.17783804121251023
72200 284.27478558032521505
72300 306.94388799960916003
72400 312.08565709049923953
72500 300.60075659968913442
72600 318.2237214567716137
72700 313.34931259287259309
72800 301.91392505092738929
72900 306.90570474680032476
73000 304.12168482075691145
73100 320.28982006176545383
73200 314.99539893452538308
73300 306.42416128857695412
73400 304.50137211896014833
73500 292.13935427478776319
73600 304.36615763328330786
73700 316.46094293175133316
73800 304.44220303019932317
73900 309.63645331749177103
74000 303.21166869909546904
74100 289.74776584787809952
74200 298.65377294485233506
74300 323.73475376114646451
74400 303.54222812012392296
74500 305.94064714220178303
74600 292.42688015135598789
74700 309.71035147329087067
74800 312.29224163121767788
74900 291.23091412435115899
75000 307.13423666088510799
75100 314.3519688183927201
75200 327.65414556878658914
75300 311.04783803544995635
75400 299.45775209808419959
75500 298.51242580317750708
75600 299.37681470466475275
75700 306.32919769908949092
75800 309.12354853203362381
75900 322.29437256403235779
76000 322.91702692243700312
76100 315.46049545345232445
76200 325.69309874402875948
76300 325.67349155262360227
76400 316.30248277046905514
76500 302.75059274439411183
76600 313.17852749633163967
76700 325.79584352527086821
76800 327.77819962437467893
76900 307.37960871851038291
77000 304.12855006580690542
77100 297.94858327407223442
77200 300.59451708048089813
77300 310.02973375985254734
77400 317.1345554016501751
77500 309.24799137623051593
77600 310.49065490892672869
77700 304.70110456225302187
77800 301.79868123900911314
77900 303.92546434473916861
78000 304.74430714857481917
78100 297.84077689114820942
78200 300.9261429399134613
78300 308.70727827399508669
78400 305.44010108162393635
78500 316.14521299261406284
78600 299.54214136637455113
78700 299.28689368351342637
78800 297.14807530935064506
78900 310.89103675819802675
79000 301.14664063282901907
79100 295.4429091076249847
79200 305.79809674729796143
79300 318.65543035655554149
79400 306.22093429114437413
79500 296.72774400168901821
79600 299.67080483762890708
79700 301.07705472066879793
79800 309.98753710110656812
79900 309.523815447859306
80000 307.70671803520275489
80100 313.70881299713403223
80200 318.30694960948221706
80300 307.8695037414864828
80400 293.43831233926459845
80500 305.37297053927335355
80600 303.46878943101620507
80700 300.60307603589023984
80800 297.46124328825345629
80900 314.51021596566209837
81000 304.65197189476702988
81100 326.79325169462759959
81200 322.16391718516064202
81300 303.02639245852020622
81400 328.542088023285487
81500 317.67100159964655859
81600 299.26366408875583147
81700 297.19193483540999523
81800 312.86548683602882193
81900 316.51804367448687572
82000 316.52402071796893779
82100 325.56759929735221704
82200 314.86764171424528058
82300 306.11078271420234387
82400 314.46281267339577425
82500 319.51108595026397552
82600 302.49920139365974592
82700 297.62110901388882667
82800 285.18657497627754083
82900 313.41820022214130859
83000 294.62284683730075585
83100 304.47389082421096873
83200 320.90035234197017644
83300 296.83784958802385745
83400 315.20710528366396375
83500 317.44456550238197678
83600 304.39775211258131549
83700 308.50581686016158756
83800 281.41265654244790539
83900 312.02057366464100596
84000 327.4638086482439121
84100 314.04988534434920666
84200 302.25334001682085727
84300 303.14135087747922626
84400 338.78033179130915187
84500 304.47356143518913996
84600 302.59348722244783403
84700 308.29043342146076156
84800 315.64410283479054442
84900 314.20780090953996933
85000 301.8484568870008502
85100 333.88750398356313553
85200 321.08076000081297252
85300 308.01261164969082529
85400 297.05419572289258667
85500 329.16580156378068978
85600 305.57758407586447902
85700 309.47204712263095416
85800 323.08190837131735407
85900 301.51287637467640934
86000 303.6727374132471482
86100 305.11745705768993275
86200 293.96660077902618013
86300 311.74048794899130144
86400 306.61396601218018532
86500 293.64054721609954868
86600 306.35149783059705442
86700 324.70612344213384404
86800 308.13241640509005492
86900 300.12719027572939012
87000 290.82578913603998672
87100 329.44940452801176889
87200 303.40787605283219364
87300 311.42289739147656746
87400 317.78764321359687983
87500 332.42721942846924321
87600 328.246168241383657
87700 300.91070578326178975
87800 304.03008468065854686
87900 317.19066727858665899
88000 295.5791460564706199
88100 302.65174351550984966
88200 321.73551191374713198
88300 306.90784271217233936
88400 313.11631347780411261
88500 315.82579353095752595
88600 324.02923381466769115
88700 318.3206202915066001
88800 310.63974458309337479
88900 296.23809086911649047
89000 305.44084075160168368
89100 309.12024250134601289
89200 324.68271715530931942
89300 309.07827350588621584
89400 305.54102948204655377
89500 313.60844368238247171
89600 310.57216638115880869
89700 290.16837480047979625
89800 294.29510314154083517
89900 304.59835041067259453
90000 303.05784749550821289
90100 319.30440870206808768
90200 309.48152608805997943
90300 307.14256040907207534
90400 319.18308952460091632
90500 305.44447250030560781
90600 298.14694756104393036
90700 308.74765255944339515
90800 320.32947627959879355
90900 316.6761554581761402
91000 318.72383686915060252
91100 314.23823091857963163
91200 310.15626126932448869
91300 335.77273847121097106
91400 323.55292806893999114
91500 271.49124655513884363
91600 309.79634829035688881
91700 311.43390109291203771
91800 303.85278511542048818
91900 290.46945278104834642
92000 324.36036812487174075
92100 329.36390941880199534
92200 312.95153188846808234
92300 321.65455412120957135
92400 319.4109779432771461
92500 312.0121783112583671
92600 299.8623889285395876
92700 298.67940867091846258
92800 308.28571144176027019
92900 318.19633833278999191
93000 325.83649280544585736
93100 336.15747981480831186
93200 319.6130405392543139
93300 310.77397822060152066
93400 317.9458557445627207
93500 289.46585991848172625
93600 315.34876437042720454
93700 314.59065218944647313
93800 295.78336980035857096
93900 301.73853953382644022
94000 308.39483603472132245
94100 322.60838402237601485
94200 305.41450630610717099
94300 314.28758860207784664
94400 318.93318900885560652
94500 301.84208550517149661
94600 313.82987006344160363
94700 301.14490809022936446
94800 322.28318028363639769
94900 317.62388361722662466
95000 300.2437096954826643
95100 302.86795733738460967
95200 321.80337537873782594
95300 312.93537243931621106
95400 302.31063022412229202
95500 285.84645177260290438
95600 304.78160731194765276
95700 321.74386266852411609
95800 321.27975038231596727
95900 317.35482743624061186
96000 316.13848107016428912
96100 329.38370802866432996
96200 313.065615205964491
96300 297.65127228937564041
96400 307.15348200103431964
96500 293.23535539611623335
96600 311.40994798858616832
96700 315.85966081024082541
96800 291.01124944581783893
96900 304.44920554128810863
97000 318.44431847971384286
97100 329.29660077096269788
97200 308.79940579074224161
97300 299.23699461718103976
97400 314.64252006199916423
97500 298.14447489233162969
97600 303.31028794414322647
97700 298.58358688927165758
97800 300.28535861263128481
97900 306.41985807570540601
98000 323.02767984964111747
98100 306.37354587208119483
98200 309.38624887192020196
98300 316.81134483847267802
98400 309.09570687142831957
98500 327.27449882867080078
98600 303.3304858178445329
98700 301.25096128808286267
98800 300.87902244397406548
98900 313.24568112583506263
99000 314.0642815330699591
99100 313.30808414324292244
99200 304.15735714286688562
99300 294.63555017998692165
99400 306.77442515987945626
99500 326.46830052473660544
99600 307.23250969167037283
99700 306.27463916188816029
99800 305.56579330142642448
99900 301.28834589240761943
100000 303.42405012139988685
