# Fix print output for fix printTemp
0 310.00000000000005684
100 317.02441439833052073
200 304.47990333416055364
300 296.29096481334607915
400 302.44165643180480174
500 328.12562031860500156
600 321.07877485438734766
700 320.99546038668512438
800 318.04414677080103502
900 304.48986291040546348
1000 312.61716588767433223
1100 296.15529035490880005
1200 312.40231392381781461
1300 307.78219303483547264
1400 306.03124924765256765
1500 323.22815258765592716
1600 300.96783458910692843
1700 291.59112679446923266
1800 303.3895262166968223
1900 331.1007298399189267
2000 325.80249827208228908
2100 328.49250972196603016
2200 317.07430616271022927
2300 302.94387688866976305
2400 301.05605771443271124
2500 318.69473734137113752
2600 307.20679411188888253
2700 319.28857211473672351
2800 303.47146771844785462
2900 317.72357686140486521
3000 312.11458415623241081
3100 289.87345698422535634
3200 296.90208712200916352
3300 310.88905743070540666
3400 311.89687949826685553
3500 310.79334399276672229
3600 310.09219317162200014
3700 305.54964578240884521
3800 307.23447223644308224
3900 308.38140156918410639
4000 308.30019877912553738
4100 320.00552561698094678
4200 326.33725332676476683
4300 308.68171578659217857
4400 304.82628112116810826
4500 303.79585806800889713
4600 313.34793833408326691
4700 323.05578417987698003
4800 335.86738320306869809
4900 322.77695748497507111
5000 275.90721885364894206
5100 300.49863621443512329
5200 314.37626300593581163
5300 314.27210283498817489
5400 300.86136320751012363
5500 310.76516095808062801
5600 321.42102101909205203
5700 303.47319428428136234
5800 296.05995142867681125
5900 314.92957643851474359
6000 333.95266429848300049
6100 322.03689631605305976
6200 303.65666029600532738
6300 296.78050345353364037
6400 309.21111281434446028
6500 308.08566165960530725
6600 312.68944429191009249
6700 307.69992869221374576
6800 310.68093452284676914
6900 303.5175458791403571
7000 299.33879115315937725
7100 287.26894712888918093
7200 297.6708253032300604
7300 311.60383152642225468
7400 320.97300160609910336
7500 312.85290756391339073
7600 299.05630014079343937
7700 301.5646527392955818
7800 301.99368881485861493
7900 316.81687830220209889
8000 316.44401811733843033
8100 328.14429486742102426
8200 318.58249821545859959
8300 309.34748781335622425
8400 289.96600462568301282
8500 308.95719303415398826
8600 318.67700442846575015
8700 315.33083464874448509
8800 312.18941468646653448
8900 306.29096219638637422
9000 307.10522464550945188
9100 297.60060782529654944
9200 308.4661730076289814
9300 316.9913245131789381
9400 306.78899734162314417
9500 321.75454596557955256
9600 286.56545033552640689
9700 312.48756698030712187
9800 313.65739185518680188
9900 294.64338181744346912
10000 314.07228315210824121
10100 307.54215541758298968
10200 317.4539948170865955
10300 324.63807613216107484
10400 300.42311692001345591
10500 311.26252862911553621
10600 313.20245616682564105
10700 317.18749463645195874
10800 299.52870669949658122
10900 290.54881618776437335
11000 312.224701490033965
11100 317.71473323233584551
11200 306.8373620790925429
11300 307.03951815562732008
11400 309.33125523742768337
11500 297.12202179054929729
11600 300.16710295738516834
11700 306.05561192769056333
11800 297.3131804085688259
11900 322.74934926130521262
12000 322.0290164322306623
12100 329.29949375272263978
12200 324.47697787608564113
12300 303.02956385808681716
12400 308.06498185365342124
12500 320.23342198076034038
12600 322.05822381228915674
12700 309.18308006763714957
12800 300.137340837390866
12900 301.96937356108583117
13000 293.86794013864391673
13100 312.29854648953863716
13200 319.94372328417068729
13300 317.93140496989599342
13400 315.89097872814903667
13500 311.34230722935967606
13600 322.75789828574659168
13700 308.98186631056910301
13800 303.14714814465349946
13900 311.80163171780270659
14000 335.42369717985332045
14100 328.14204662292763715
14200 313.16047317177157083
14300 307.70897673748407897
14400 319.43456526077409308
14500 313.18284963761306017
14600 309.87283298773883189
14700 308.43840731564682756
14800 295.05615751744670661
14900 291.23824193716006903
15000 306.48569246529342536
15100 320.88606428529988079
15200 315.91654389397410796
15300 312.59400442769373285
15400 301.85358143918995211
15500 316.26906022623501258
15600 292.36269941036874798
15700 308.9349354043454241
15800 317.57498207826915859
15900 309.24038102597961597
16000 307.39531548531505223
16100 319.54062231426945573
16200 290.90020238185928747
16300 301.2719847888134268
16400 325.87775396540655493
16500 319.66311700394641093
16600 310.60434983272710951
16700 308.25357179583579637
16800 311.42287162724898053
16900 307.0737667330740237
17000 295.70088595374863871
17100 306.46822023975812499
17200 325.08633944913452751
17300 325.61106125556648294
17400 332.31741788095183665
17500 304.2496229886755259
17600 304.90094377692224725
17700 317.11965270147987894
17800 318.61995926966727666
17900 309.24677848733017527
18000 310.15519987875740071
18100 301.17353314783730411
18200 308.10447008132808833
18300 316.35714359088137826
18400 324.06631405790795952
18500 308.3683513251010595
18600 302.19605077654136949
18700 278.16052343302953886
18800 312.83883225895567648
18900 299.93837872295415536
19000 291.67024929062966976
19100 307.35229841076170487
19200 319.72615483803821235
19300 292.6901542053892058
19400 305.56869421357572492
19500 314.82801591515902828
19600 312.16789279494764742
19700 305.58542900337135961
19800 304.47330013432366513
19900 329.13979470462652444
20000 308.75852421278409565
20100 297.2834647009233322
20200 306.20785293350144229
20300 302.71784094963561529
20400 306.94225622186473856
20500 305.33666897613068159
20600 317.54613849807054748
20700 323.26103659857886896
20800 301.66239353915381116
20900 308.45089379164255661
21000 313.62048946612964073
21100 309.41329946473928203
21200 317.42535197185168272
21300 307.77555678072093315
21400 302.32240901415684675
21500 319.01568702568198432
21600 319.06396652769751654
21700 314.86666307421239708
21800 311.46958738249435328
21900 311.06807933066227179
22000 310.38104796606580749
22100 307.97693949120645129
22200 313.05224903363051681
22300 312.15194790578630091
22400 302.43407356368396677
22500 305.0774303760876478
22600 329.76963457676970393
22700 323.71192626839041395
22800 308.12977219052498867
22900 291.53618746902867542
23000 316.63200666438632425
23100 318.64508991367370072
23200 307.47659811223832094
23300 304.89399480876932103
23400 307.26071760672738264
23500 325.56918484984402085
23600 315.34373902816156487
23700 306.92162289594489266
23800 309.22740688819862953
23900 306.81786711563592007
24000 324.34868164479109964
24100 322.29811297909674295
24200 301.15912711632068977
24300 311.32753586833058534
24400 322.59381324318667339
24500 303.43550898521414183
24600 309.57820619341970314
24700 316.79141550863096199
24800 312.62999339549276101
24900 295.58951737380641589
25000 320.16262570383548791
25100 319.88165037138941216
25200 313.81513564759450219
25300 297.43129424618501844
25400 312.87449323206345753
25500 300.48328048873469243
25600 298.04694931440519667
25700 300.68416534205329071
25800 312.91129447179588396
25900 325.64450587466814113
26000 328.91808360834005498
26100 328.09553252911894106
26200 317.21067110338611883
26300 288.35406282134334788
26400 302.43610552237396405
26500 317.53483125608244109
26600 311.11219020958463943
26700 301.81075401298539873
26800 301.22363884466909667
26900 306.88603764361869253
27000 301.31277708797682635
27100 317.71062272461131215
27200 312.74598513356806961
27300 310.58006948561722993
27400 305.3660474019980029
27500 313.19677258910104456
27600 298.95188850410619352
27700 307.39888794496255287
27800 305.37402691066711213
27900 316.43578107690348133
28000 326.45961268278949774
28100 301.31873563671382499
28200 343.8555373386706151
28300 305.85120378269454022
28400 307.37635187665654257
28500 295.85781264851499373
28600 313.47403830470545927
28700 328.01965756118949002
28800 320.6436812369852305
28900 299.37505972376192176
29000 300.63684889680666856
29100 300.14529123858403636
29200 297.75966499137052779
29300 315.30989449570398619
29400 306.30891956715669266
29500 316.61472023645512763
29600 315.64587215113175489
29700 299.86876219437948521
29800 318.78956693035831904
29900 319.23238663140250537
30000 308.2210361681491122
30100 311.78511785301355985
30200 321.07562229378083885
30300 313.98359593075065277
30400 308.15619639556177844
30500 321.94301269286967226
30600 314.77987418839461498
30700 296.32257263965277616
30800 312.15058983018514027
30900 310.79776433787645828
31000 329.67521042260148079
31100 316.61167932862286989
31200 306.59039206348700191
31300 309.90572192721907641
31400 329.47484390395436549
31500 319.45381180753082617
31600 307.43977475629174023
31700 310.94487351689929255
31800 310.43559124679802608
31900 292.67466459627650011
32000 322.36879044228533076
32100 320.32480875352933936
32200 323.97844728381733148
32300 309.91903353490363315
32400 303.6245710459465954
32500 311.45598914678890878
32600 308.38323380191513934
32700 300.75636453862153985
32800 297.40352078943391234
32900 335.70301593488233038
33000 306.96617106780718132
33100 307.14119436764889315
33200 298.37189221704704778
33300 309.16692589985194672
33400 304.72150958642976093
33500 311.11553164795179782
33600 310.14035587474978684
33700 303.37470660978448223
33800 293.95587154250745243
33900 302.42930508817357804
34000 315.15245405125335765
34100 319.14916319364107267
34200 311.6462506192324895
34300 326.57641972234841887
34400 306.9204474556491391
34500 316.40072531908015208
34600 322.10559355331400866
34700 329.39481466869807491
34800 301.22951785056807239
34900 306.83813171158459454
35000 309.04176414904964076
35100 299.98106016963629372
35200 301.09057172246622258
35300 318.01517769504488342
35400 310.1708731410436144
35500 315.65547309344572113
35600 304.20801811495579159
35700 307.10373479419109799
35800 301.88628271619597854
35900 306.53917893405059658
36000 327.22792446128886468
36100 315.90390689108238575
36200 307.86590263909050691
36300 299.71956633808491688
36400 307.66006574658354111
36500 301.13656093616231146
36600 305.15583694388010372
36700 317.28795145096728447
36800 303.1116734941242612
36900 305.49168163662744746
37000 287.44641438493368923
37100 308.59476175255906583
37200 313.58730194669675484
37300 302.6348588121631451
37400 305.07633162160828988
37500 294.22963491752267373
37600 292.28303621676093371
37700 312.76781809002443424
37800 312.8064941399569534
37900 310.14923957575007307
38000 307.80428616699680333
38100 293.67438593660415336
38200 308.78965678254024851
38300 332.3707827178017169
38400 320.74123087915353381
38500 302.56989625243147657
38600 318.08385381669575054
38700 325.06692025331790319
38800 302.52822316707391792
38900 319.71798284726219208
39000 319.92038180394860092
39100 305.04751415386613189
39200 305.58102202788296609
39300 300.11832468297023979
39400 298.0040647854297049
39500 311.95654183951256755
39600 318.71431395063297032
39700 315.66571420119163349
39800 292.1117774970807659
39900 305.40039319820289165
40000 312.76269475160387401
40100 319.86791160456635907
40200 325.01706274205747604
40300 310.77143722342066212
40400 301.3253177019602731
40500 311.68168801939447121
40600 324.37846885312103495
40700 308.82477609737907187
40800 294.10129563515857853
40900 298.61981938192337793
41000 335.35160265485575337
41100 310.97078030345960542
41200 303.03028181124545881
41300 301.1830937650282749
41400 298.84318870580693783
41500 315.1091792177585944
41600 305.31786764665105238
41700 329.82695823101119004
41800 313.06354728550957134
41900 312.88560084390343263
42000 311.31087114690001272
42100 319.67445559206481676
42200 315.02148603584117836
42300 305.6956112456909409
42400 292.82693728028215219
42500 315.6002628469574347
42600 322.975146020275929
42700 312.85581586953009037
42800 285.10896469992940183
42900 306.33806725000670212
43000 302.47540658592072305
43100 290.62793391009370225
43200 313.94322297255365584
43300 314.9164642157148819
43400 311.10587535093162614
43500 303.94196590490719245
43600 299.02941911803958419
43700 306.74849312673677559
43800 317.12009004551924818
43900 332.72767226910161753
44000 328.56008465717263789
44100 307.22480152839500533
44200 299.23612573771134748
44300 305.17283096235354378
44400 314.50302934025290824
44500 319.45855234584166737
44600 326.94647036823539565
44700 317.49007733501906614
44800 307.56199044327837555
44900 289.44683994000513394
45000 297.62273545888342596
45100 307.12167707589730981
45200 313.5408691828110932
45300 337.50798000401323407
45400 309.68986753016355351
45500 296.72185299781915546
45600 312.13395702541822629
45700 313.94910039645606048
45800 316.75237885570476237
45900 304.08803143038903727
46000 296.4049429042288466
46100 314.77302353199996787
46200 321.84233440388896952
46300 307.40996007693576075
46400 308.3778954422666061
46500 310.28497793275442973
46600 297.70588819813002601
46700 315.93669069277723338
46800 309.56887405168708938
46900 278.24257349664986805
47000 317.17638615663730661
47100 310.64320033302220736
47200 311.66570111891309125
47300 312.95356330407173573
47400 321.93763124258896369
47500 329.00568495804873237
47600 298.20431136971501473
47700 314.05114711004966921
47800 313.76286084931780351
47900 311.36611472114998378
48000 295.78214349908796521
48100 329.39309241058276712
48200 305.01419369484739263
48300 309.02166343005109184
48400 318.84766157275907972
48500 323.02247242084456502
48600 301.59987910982556514
48700 289.78109132423810479
48800 310.44999262840752863
48900 304.21371568139102237
49000 305.33248504545429114
49100 309.2546151093795288
49200 307.98213541497341339
49300 306.11037817745409484
49400 296.10023637684378173
49500 311.66153905730783436
49600 317.69024666269547197
49700 295.42279442316601035
49800 303.56007023789902632
49900 328.0702241682556064
50000 308.16902877886491297
50100 303.59294340375384991
50200 306.85304230020881278
50300 305.26125760416965704
50400 323.17906947770188708
50500 308.20075088309243938
50600 309.58709248990288643
50700 310.91978816902462768
50800 312.4259953297180914
50900 311.65378818329941168
51000 305.87293696921398123
51100 323.07374090023569124
51200 288.27374043698500827
51300 297.67894535365894626
51400 316.8692540423231776
51500 314.12458207010774913
51600 311.75881968037538172
51700 297.53070243254791194
51800 305.9922391013473657
51900 309.81650053378257326
52000 315.6064982294583956
52100 314.50897531780333338
52200 315.38259192124741048
52300 312.81174173877207068
52400 290.80227535296501173
52500 313.33418864897925005
52600 308.84871174764242596
52700 307.9789990215834905
52800 308.25431382087663224
52900 309.20653918765316348
53000 321.26732219633640852
53100 319.3393879277843439
53200 316.76351147189632229
53300 318.94440969911960337
53400 308.36358542161752894
53500 311.85648889275699958
53600 290.44394617109759338
53700 315.58999740596709671
53800 309.98688864086585681
53900 298.26756793093312581
54000 301.07583609382839995
54100 308.07878913556146472
54200 324.21850932565990888
54300 323.78680701620055515
54400 312.23584002925548475
54500 313.62038400546839512
54600 307.32674069422319008
54700 300.40046094168718582
54800 313.8423703258686146
54900 323.30489930446844937
55000 301.69012855151714803
55100 309.07339725583244672
55200 291.23881355615259281
55300 298.62041855123209189
55400 303.51031897616678634
55500 283.93138073308915637
55600 312.40415212482650986
55700 309.61806765882494119
55800 281.12967621230927762
55900 305.58335644869481484
56000 286.55191999095319488
56100 296.3128791312195176
56200 300.82068689234057501
56300 308.75007374372859204
56400 308.48940450483576114
56500 299.49683121896140392
56600 319.8527918108914605
56700 306.03941568924756211
56800 303.7299439742758409
56900 317.3099628986176981
57000 323.23154566204533467
57100 317.38529718157440129
57200 343.83859258598556607
57300 300.08129022556204291
57400 301.23665857954637204
57500 304.20616016294150086
57600 305.68439237548011533
57700 319.09828401116755003
57800 298.55271951957661258
57900 298.13858240254683096
58000 309.42845210139984147
58100 320.38212489328066113
58200 300.88397625029011806
58300 306.99995376180442008
58400 315.59070802599387662
58500 328.12988234965354195
58600 304.76277047725085367
58700 296.50785917752682508
58800 319.34686749112449888
58900 311.47618330200998571
59000 313.96938669042862102
59100 334.32155656190855098
59200 319.20236204422070614
59300 315.84446009729771276
59400 310.77533198902187905
59500 299.77396386736353406
59600 276.52568340043222861
59700 304.43945071520425927
59800 322.87032139534233011
59900 338.16415610048403551
60000 311.33950314707851703
60100 301.31461161844981689
60200 302.59829313105922211
60300 308.24170349095180654
60400 315.97373394169136418
60500 317.53382163924368342
60600 299.93441568629276617
60700 309.00789730511814923
60800 316.07989205142109768
60900 302.77227802513260713
61000 324.10829318336692495
61100 322.70423762311219207
61200 306.02839449978313269
61300 300.82503038472532353
61400 288.11354696531708441
61500 295.28187968214723469
61600 310.12937667684929011
61700 334.19756469249074371
61800 316.53852061973793752
61900 295.92704114681657757
62000 307.94894879550008682
62100 321.36867673930947831
62200 318.73556353946048603
62300 308.43242766061570137
62400 327.03144309583228733
62500 316.76122683733234453
62600 297.80938122818582769
62700 301.668961414397927
62800 307.39371582563921947
62900 323.89271841036156729
63000 317.11086896114454703
63100 309.72436556479010505
63200 307.2861557151364309
63300 315.42791543315155423
63400 299.8908478625751286
63500 303.62480338652329692
63600 307.6700782796817748
63700 330.10883294251038933
63800 302.39125715918004289
63900 313.97073316937041909
64000 316.82862831563807049
64100 322.43425117071973318
64200 301.98616183466270968
64300 294.34038896098860505
64400 302.76124343132460126
64500 314.02675514115401256
64600 308.63381350829297389
64700 324.25057731254452165
64800 308.4499412870571291
64900 308.28484058586900574
65000 293.12175486032106164
65100 321.85144020925594077
65200 328.10454049238802554
65300 311.96670572454695503
65400 314.80425901121151355
65500 294.05200908708809493
65600 305.84962146833578345
65700 302.61928206748717685
65800 326.97790160583218722
65900 306.3092446557481594
66000 305.32201483546270993
66100 306.12828704541783509
66200 320.56739674084514036
66300 329.19854152663958757
66400 320.24993181924497776
66500 312.17049421530185782
66600 304.42345849113337408
66700 287.21167187584399016
66800 298.97639658271396002
66900 300.58405113627503624
67000 316.92624674603200674
67100 313.51228414900913322
67200 289.97714789786317624
67300 294.20852815085061138
67400 301.09469608727442846
67500 311.24084066580451235
67600 318.45917546123695274
67700 307.16107571624337425
67800 305.74352904762952221
67900 295.84045202746227687
68000 309.28126989759061871
68100 305.28935363409772208
68200 294.29576450739335769
68300 314.94646440922917918
68400 326.02365895469370116
68500 315.33784019019884681
68600 311.81069632823260918
68700 320.44524716456703572
68800 309.1684286990343935
68900 285.14140121211221413
69000 322.9386906329718272
69100 313.95609504436112047
69200 320.20613419647997944
69300 296.96893276004334439
69400 297.33096436759706194
69500 308.55402731641424907
69600 340.67251643057829824
69700 315.10277779627898553
69800 306.68990413664499783
69900 315.76242008516896931
70000 329.04516133702065872
70100 320.9385839014619819
70200 313.11290521227425643
70300 300.656844526594341
70400 297.33301957522934345
70500 309.44491356171147345
70600 306.58642901428589767
70700 311.51675114186673454
70800 318.47901152491840548
70900 293.4024307465210768
71000 301.09502445863108733
71100 295.40019499190992747
71200 311.69730383141188668
71300 307.70826674843465298
71400 284.72333795293951653
71500 299.06576055845420115
71600 309.78948004618428058
71700 301.6590032524092635
71800 313.10387808209065952
71900 306.01746361269619001
72000 299.92713532322034098
72100 313.46124621023847112
72200 317.90694897529476748
72300 309.2584914218589347
72400 302.62359367146990508
72500 325.82571200727790028
72600 316.3210052426993002
72700 317.93760714096111997
72800 298.32035581560552373
72900 318.96651655199605102
73000 320.28285071935999895
73100 302.66725542605036026
73200 288.07001957724304475
73300 297.17040112296598409
73400 307.10712164209439834
73500 289.65174197358959418
73600 311.38347610585952907
73700 318.48368992001303468
73800 295.45532305781699733
73900 303.92367926901721376
74000 287.73309903328794235
74100 300.32385947312985763
74200 307.80987107783232659
74300 281.64605051516559797
74400 301.4379548746530304
74500 316.63628829279883803
74600 303.79678276479540955
74700 332.10611737785421838
74800 318.71741150980733437
74900 319.15507011066478071
75000 301.59010516370301502
75100 296.63616280286544225
75200 297.11724022488925812
75300 316.77183030937794683
75400 314.10204695315570689
75500 309.28700194195391759
75600 298.08997277713285712
75700 299.21226972750957884
75800 323.73807692514418477
75900 315.87420294026753709
76000 317.4562334373416661
76100 303.72445788435953773
76200 302.27714845311271574
76300 293.1209156848336761
76400 300.1388856212582823
76500 311.40931197273727093
76600 321.72929464015902568
76700 302.83779393243395361
76800 310.90473973370234262
76900 308.85315691543092953
77000 317.03913091324403695
77100 302.63205329559303891
77200 287.70608993706593992
77300 310.53116197429324075
77400 325.65132629987942892
77500 307.49476469158082637
77600 307.35917256287780219
77700 311.51256193852782417
77800 309.4617909162302567
77900 324.18604286249274082
78000 293.83397383771705336
78100 313.49508761238007537
78200 323.21745650080799805
78300 306.26947344962428588
78400 308.92295559451065401
78500 313.28498899611088291
78600 293.23221766556343937
78700 322.36773465492274227
78800 335.69030147629371186
78900 298.1439101273535357
79000 315.75707165960301381
79100 322.17766623687532501
79200 307.98704140405658336
79300 293.92498978984627911
79400 310.93814059925750826
79500 325.15876250198681419
79600 330.44766810952870628
79700 322.33823922247864857
79800 319.90583803054693135
79900 284.27294736491683125
80000 314.8982655599426721
80100 314.658257179611212
80200 295.38824817415610369
80300 296.28428733476795287
80400 303.20334365231479978
80500 323.58645323045561781
80600 321.22189303318685916
80700 321.97356378065114768
80800 303.5401853121535396
80900 333.09518037861391804
81000 316.64068641960034256
81100 309.56394579492615549
81200 304.30253213742861362
81300 304.80478113190099521
81400 321.63354966425725934
81500 319.85003838477615545
81600 324.55189126611071515
81700 308.03973127012790201
81800 307.56339457488815015
81900 303.44879851321445585
82000 327.26080571906487648
82100 310.50323557339487479
82200 323.20997639869449358
82300 308.36299358460217945
82400 303.16154640795889463
82500 323.49710426029008659
82600 295.38307461078755978
82700 301.89883105022431664
82800 323.33476838321809055
82900 312.26998581301717195
83000 326.11862653401834677
83100 307.74983764132696251
83200 316.70071365709986821
83300 319.79945949166472019
83400 332.58088570592917677
83500 312.98119386227841687
83600 318.40489012299843807
83700 309.66382053560931809
83800 315.2125140627105111
83900 311.95064417442381455
84000 293.68507336854565892
84100 327.98921468019358372
84200 319.54021827716786675
84300 317.46855434199409274
84400 298.74519960493472581
84500 319.94259161172573158
84600 319.41639820383500137
84700 290.19651621034023492
84800 310.9225697069869625
84900 314.10736833836381265
85000 309.77575663562851105
85100 318.6162880738930312
85200 312.37244270745742369
85300 313.79615633990988499
85400 315.3923687889704297
85500 299.50033296251308457
85600 290.26598941708920165
85700 310.38540912979323139
85800 287.71827966329158244
85900 305.80657524067316899
86000 316.74757227263978621
86100 309.42653028445619157
86200 314.16368957182908161
86300 303.58610779843189675
86400 298.473305463425163
86500 297.42649498700569666
86600 314.91903912117624031
86700 308.4976120964605002
86800 291.37115488238083572
86900 301.41552569889535107
87000 314.61393838802126766
87100 293.81139241450307509
87200 310.990244979394447
87300 318.66106578322427367
87400 305.01882771288381946
87500 300.84549343035598667
87600 304.51970041556262458
87700 313.98942055324886269
87800 299.99747804524076855
87900 320.48088988459949178
88000 302.52682323140919607
88100 322.56498037239856558
88200 322.99663228012724403
88300 327.29349494873440563
88400 309.59082988491462629
88500 307.47608103046894712
88600 313.13994600057134221
88700 305.57310045260294373
88800 321.36789727783889248
88900 313.10736260357612082
89000 305.27722847066382883
89100 311.1221683219695251
89200 316.02533561871200618
89300 307.49979684545553482
89400 310.35887018475602872
89500 295.65636759395573563
89600 309.23612502902130927
89700 298.53218223727543545
89800 315.94582897908117047
89900 307.92761030377209863
90000 297.42976449458836896
90100 295.13227186558924586
90200 321.53984806192647738
90300 315.37502376404631832
90400 307.92930013137021206
90500 333.00554604271206927
90600 315.69564959647652813
90700 310.09696366885287944
90800 323.36338544715817989
90900 331.47311976938544831
91000 301.33725564019022158
91100 295.6608512042786856
91200 309.43859326139590848
91300 312.12722293620601022
91400 301.74660694894294011
91500 296.52325647258589925
91600 313.86750230907188097
91700 313.74710667244488604
91800 274.89052843122732384
91900 312.33255524239677925
92000 307.47854537406271902
92100 319.16278075830427952
92200 317.13906600022647808
92300 308.43660530520793372
92400 308.09894982928943818
92500 317.43857494503021144
92600 325.36255400146109196
92700 304.42278267480850218
92800 312.78236652350881286
92900 294.85689614856488561
93000 312.28471267855462656
93100 315.66637379764171101
93200 300.98165181249743227
93300 307.7632979361609955
93400 302.01433631060814378
93500 306.27846869717700429
93600 328.25513697562308835
93700 319.53538522157845136
93800 305.88852934936801375
93900 307.68025105479341619
94000 311.52754367265043811
94100 310.12002549466257051
94200 293.52003810713824805
94300 312.4418889203816434
94400 298.51908505242397496
94500 329.98197513905842015
94600 319.24205588016951651
94700 300.81604133993255346
94800 295.66481393646739662
94900 326.59395405347407859
95000 324.76810402775146258
95100 324.42430408848798606
95200 318.80680379739521868
95300 309.78314222298598679
95400 293.30206432427866048
95500 298.22030805526992481
95600 301.9298509661590515
95700 315.87080903415306921
95800 297.44669073615494881
95900 297.88182576435451665
96000 311.40248513043837875
96100 301.73247683296557398
96200 301.50505678630560169
96300 308.50120120689086889
96400 327.44286136077948868
96500 335.55491407858471575
96600 306.2089869645780027
96700 307.84879496840869706
96800 314.13194930444564079
96900 305.39926090044298235
97000 307.92259279249020665
97100 301.693612734007786
97200 307.37658959101025857
97300 320.36771415084325554
97400 317.17309269522343129
97500 312.81279377016142007
97600 293.72917095348969951
97700 313.43600325072281976
97800 324.13279697890635589
97900 311.72220059067871034
98000 294.87292908077284892
98100 303.31165570005617838
98200 322.01794333684182448
98300 314.93243627174700805
98400 296.93815291462482264
98500 288.07603215773087868
98600 304.76615469186361906
98700 311.41735701119137047
98800 324.58594747667035563
98900 321.47572385253369021
99000 311.18624455196089684
99100 308.4036336536453291
99200 305.86725553059886806
99300 314.78387049118146024
99400 312.75656495120102818
99500 298.81250949993142285
99600 308.15534975980324361
99700 309.01783470132198772
99800 321.01349056404404791
99900 312.93660830709978882
100000 309.3505753881542546
