# Fix print output for fix printTemp
0 310.00000000000005684
100 314.43705605986605178
200 298.10326011302191773
300 304.91457961326671011
400 313.28627231224777461
500 302.25999733591373797
600 299.49316631261962129
700 327.93972356080769259
800 331.73725570328025469
900 298.05150536047477772
1000 298.68047894213111704
1100 309.96380734945688573
1200 311.70219374939341606
1300 319.8979764116773481
1400 307.2585903217179748
1500 303.56391936790510044
1600 344.50544499733723569
1700 304.63847006190053435
1800 333.32885500753224051
1900 313.6162161080299029
2000 314.0033816996114524
2100 302.42480158401838253
2200 323.13082881297594895
2300 304.99483830655464089
2400 307.82992124601929618
2500 314.25255401053289006
2600 290.1982716313967785
2700 302.7465212718907992
2800 316.69475336905082941
2900 326.50672708434876768
3000 303.72842508956432539
3100 295.39864073862162286
3200 305.77522414350897861
3300 296.96782125836057276
3400 320.48593283255104325
3500 310.15263477934342973
3600 320.76520535674484336
3700 307.10597837035322755
3800 317.07818768490062666
3900 309.20322880573235125
4000 309.10429923825370224
4100 309.60277569267458375
4200 307.80737031913633928
4300 316.94654081747916052
4400 304.79279555384647438
4500 308.05162061142186758
4600 298.19587317236698709
4700 328.8732114056338105
4800 308.68731420157155299
4900 314.49229398779107214
5000 304.31003499644543808
5100 310.24933721335338532
5200 300.95237937496472114
5300 300.7314932524027995
5400 325.94134655666255185
5500 309.38939011443949312
5600 301.64039538046256439
5700 312.03570948686427755
5800 309.31469795373135412
5900 307.59062161601480057
6000 303.84311964186463229
6100 316.38915053964501567
6200 301.19758177395169696
6300 311.23206289688050674
6400 315.7454213526100375
6500 306.13088554162249011
6600 306.01521316976345588
6700 311.7912857412638914
6800 311.16386683445131212
6900 309.37003262708998363
7000 294.61275386702635615
7100 305.71223225509822896
7200 306.98406986539799846
7300 298.90239374313773624
7400 303.00474894068662479
7500 320.92971632283257577
7600 304.4255545151384581
7700 309.54610203221909615
7800 318.3386767603715839
7900 312.36882243663910685
8000 310.69090594299865415
8100 315.00301063433983018
8200 317.03339836873379909
8300 309.17003497755752051
8400 303.81773540392987343
8500 316.71047078279019615
8600 327.27229812132895859
8700 312.79014564945140364
8800 303.91908915872699026
8900 293.23626590162768935
9000 303.00331905879494343
9100 322.20095867216798524
9200 315.07819586266060696
9300 292.08380329483594551
9400 308.13575088633746191
9500 295.63794240291497317
9600 305.39413739223630273
9700 311.34016913474403054
9800 317.67088484268782622
9900 306.64208691490426872
10000 298.56400818950788789
10100 301.51796544863083227
10200 305.69583231260565981
10300 300.30017940548015076
10400 292.02022186725150732
10500 313.59259877491649604
10600 314.46152866677988413
10700 298.183040561486564
10800 311.83255163760543383
10900 318.77698681388693558
11000 309.52784551676842284
11100 294.46175024609266302
11200 303.06184000189858807
11300 325.44325544224392388
11400 308.84499356515090085
11500 312.51007400987646179
11600 300.37984352759775675
11700 308.62787120568788168
11800 294.73244061955881534
11900 322.3374043224559955
12000 324.45102009853150093
12100 330.07799422632376718
12200 297.53200059091614094
12300 304.8771201048376156
12400 312.95338713346529858
12500 324.23154333237175706
12600 319.06144842344633616
12700 314.48483917339842719
12800 311.51655079284529393
12900 314.10154531866038496
13000 325.83174372277136399
13100 310.09491203675975157
13200 296.59457389628744295
13300 306.51271235218189304
13400 316.82484796976723374
13500 323.67385620082109199
13600 291.85918184706207512
13700 300.03501221442451197
13800 291.11501138438001135
13900 313.52827592933738288
14000 313.97396933250689699
14100 295.21262250792648274
14200 299.14108656345973714
14300 298.24339298633429962
14400 318.34134358223428762
14500 311.9172752735062204
14600 321.8636986453224722
14700 315.39425262257304894
14800 320.44961935908645501
14900 296.71287807284659266
15000 310.02615419566268429
15100 314.8410924619553839
15200 312.67469904247980139
15300 298.15979526937752553
15400 293.81185700171613462
15500 302.92217089491248316
15600 320.85288970317327539
15700 297.80153098929918087
15800 309.94429437439271169
15900 331.87838530342497734
16000 301.9183381661725889
16100 309.49313936942041892
16200 303.02931516358631825
16300 295.86485123507668504
16400 302.27311243844667388
16500 301.46409818718433371
16600 315.08076929280355216
16700 300.22968066029972078
16800 315.66689779519703052
16900 317.1798044393255509
17000 291.59803493363682492
17100 317.31679062148310777
17200 311.47205444333860669
17300 296.11663178504119287
17400 310.29956496712674152
17500 328.68064029335687337
17600 313.69856275819847724
17700 289.24156331387473529
17800 303.83158688045642748
17900 323.03534621903799007
18000 318.755250020547237
18100 310.38710166878018981
18200 321.06373694103933758
18300 328.08156493192831249
18400 314.1641159523069291
18500 298.27839961453099704
18600 316.51577764239658563
18700 308.07603911492941506
18800 301.05309861107804181
18900 277.70828874597839331
19000 302.73087853800080893
19100 307.76477200575146753
19200 291.49321352374664684
19300 300.47653939846981075
19400 304.89883534945397514
19500 308.11270341885187918
19600 307.26985718794600189
19700 322.93361206987219703
19800 302.53405705310245821
19900 289.30925891724291432
20000 323.0857505843528088
20100 322.62033507734741988
20200 301.10096062239188086
20300 313.81726348120133707
20400 324.83321161255992138
20500 296.47545230362624125
20600 303.53703761837556385
20700 306.27490225300346083
20800 324.51118981340260916
20900 308.18476854884704608
21000 327.28426661086922422
21100 316.47559805946912093
21200 300.61341846897664709
21300 308.30102332850862012
21400 323.57374856163693266
21500 322.98788865133775516
21600 312.89816800759547277
21700 336.60983955470533147
21800 313.60394588289864259
21900 312.57584392047812116
22000 310.94961718495045488
22100 306.12770177606745392
22200 336.16735826767296658
22300 299.58352151108209682
22400 313.05318426389811748
22500 316.75722157419096447
22600 312.98487719706582766
22700 305.28550357378378521
22800 292.69105883679378621
22900 310.80582193962845849
23000 310.91080985975173689
23100 313.84881320971987861
23200 331.62581201493122762
23300 308.83549718345335577
23400 314.94017530176620312
23500 319.30556655929484577
23600 312.8764642311678017
23700 311.90559727277099
23800 314.79653445204013451
23900 308.02531365798904517
24000 303.84540066510840006
24100 319.00810271210411884
24200 311.77452843710574371
24300 310.86798010972739803
24400 307.61559991685777504
24500 307.22153262830534004
24600 314.71152884728786603
24700 282.60222107015351867
24800 303.80138836446940331
24900 314.09586631443841043
25000 298.33388657348132256
25100 295.6218016699684199
25200 295.25650111187343327
25300 305.46402189608937761
25400 292.1833239895450447
25500 316.16424369562554375
25600 324.37140835078793089
25700 308.58882621421264503
25800 309.59670060726995189
25900 305.55778624477994754
26000 302.4164782336973758
26100 295.95303992803974324
26200 307.43136663138358244
26300 303.78979511673287561
26400 333.15564515071514506
26500 327.11537188372273022
26600 317.20889342974601277
26700 312.58465357400643825
26800 305.51684443227901511
26900 314.80783316476362188
27000 320.3191392325131801
27100 326.52325712073144359
27200 301.34590696426045042
27300 302.08904497957030344
27400 321.39433593018236479
27500 317.75434289701149737
27600 313.75516013580175922
27700 304.38462333080656208
27800 302.28731061431273019
27900 332.79326706246706635
28000 302.89121196196185792
28100 304.22000182974636573
28200 324.8832517254340928
28300 331.12821881530493329
28400 317.38731232800745374
28500 312.32149668174713497
28600 306.53516503738859456
28700 308.05281441347017335
28800 307.16076641350082355
28900 319.19269001016118636
29000 324.05782635732225572
29100 316.38763372175151289
29200 295.21297528311896485
29300 311.05337150574774796
29400 315.87447603147109021
29500 317.55568603701965458
29600 314.27350052695879867
29700 309.80553211988245721
29800 299.37370506268877079
29900 294.30186012005276552
30000 297.90222230666142877
30100 314.90745909982246076
30200 312.95857703568890429
30300 299.01358329841065142
30400 316.91217117908939827
30500 313.7295375132895856
30600 292.93944835379187452
30700 301.93527280933432166
30800 319.20241321540743229
30900 305.73928515549698659
31000 301.73704871499222691
31100 312.72563029130253653
31200 323.89241170095004918
31300 300.842624395765597
31400 276.69180907972167915
31500 328.71803651390098366
31600 312.88141334916275582
31700 306.5829367210914711
31800 296.16388405127418082
31900 303.6217099289058865
32000 312.22799625139492719
32100 316.03604284487715859
32200 314.07500312121811703
32300 309.26178504293756077
32400 298.23188071775291519
32500 316.40743443239574617
32600 328.73226396098948499
32700 313.48458806261407972
32800 310.66440347221464435
32900 286.88626654319375575
33000 286.68492076020362447
33100 314.39703437031516842
33200 307.72340209767514807
33300 318.15265730615709572
33400 329.80325550753872221
33500 307.02170484488908642
33600 313.29304816226721186
33700 332.51992310692924093
33800 304.06336664868274511
33900 298.89525166380281007
34000 307.95251865491042054
34100 302.48132806845961795
34200 304.57716886919928356
34300 319.81261396311225553
34400 313.85723769316734888
34500 329.04339271103833653
34600 293.43264554926355459
34700 315.84936962937234739
34800 329.14653789682807883
34900 313.05032413348993714
35000 282.44748029554705226
35100 298.82089537213727226
35200 314.03326495125145357
35300 312.22527168760677796
35400 322.5686604448371213
35500 319.12725968092894391
35600 297.44613942016292185
35700 307.56525217330010946
35800 315.51229106774019328
35900 318.04015326750112536
36000 309.04003152111954478
36100 299.32205324182001505
36200 321.44828457343555783
36300 319.99045365542906438
36400 297.30586295116711426
36500 309.56643603685273547
36600 335.22617546921162557
36700 311.81783120557798838
36800 305.89881191290902507
36900 316.34395769685733057
37000 307.00005959102918496
37100 307.41900832221853079
37200 313.80689914517563466
37300 298.54138365766380048
37400 308.50345308665379207
37500 310.13986218201216616
37600 312.32596007169161112
37700 343.64458615369659356
37800 314.11089551480250748
37900 307.2829204666284113
38000 312.95248672913788823
38100 320.96307078262788082
38200 316.12196484427289533
38300 300.32102407565292879
38400 322.96837095591848765
38500 306.70499276896350693
38600 306.30817364723583296
38700 332.48429481867407276
38800 318.80681379643544915
38900 310.37355251691883495
39000 300.13259524571532211
39100 318.3186655314261202
39200 307.11071750315289819
39300 311.63496909030163806
39400 304.3376897722191643
39500 307.1911802369452289
39600 305.96249967010675164
39700 317.58317724957868222
39800 305.4811599323389828
39900 297.11365122771110236
40000 288.06528970376149346
40100 302.67866392904932127
40200 315.39501347912511164
40300 314.79612133061664281
40400 320.12859547471003907
40500 317.67747670583599984
40600 331.73756394180378493
40700 305.54745775288989762
40800 318.20071294641701343
40900 312.90100819859634385
41000 304.21127704866017893
41100 312.42714320598588529
41200 301.56307117546322161
41300 320.60391998515206069
41400 314.48915659798097977
41500 292.20367013656908739
41600 308.88247141430889542
41700 315.84695808066925338
41800 322.35197297322486065
41900 304.23573831052544847
42000 301.69857965787105059
42100 315.18310057910645128
42200 318.08949954437849783
42300 315.11485847552705764
42400 307.8522014466678911
42500 312.08089231349015336
42600 318.33663009563480273
42700 312.91831183663811089
42800 309.82764217161644638
42900 324.46741096976739982
43000 307.80994475276935418
43100 286.31966013618136913
43200 301.84883169572185579
43300 319.11551889412930905
43400 302.57920319479495674
43500 307.62597666054887213
43600 312.3531723190638445
43700 294.47197800892809028
43800 303.96943398428317096
43900 315.58398515371322901
44000 308.50204524544579954
44100 295.9842366094743511
44200 321.80475962851579652
44300 302.82147313781683806
44400 300.97598237139845878
44500 302.1503900492490402
44600 327.01379626601607242
44700 320.12389791940131545
44800 308.4386700057087296
44900 298.48530785632380002
45000 305.50543024116825563
45100 335.94976238626708209
45200 294.45277988214962761
45300 296.92594443741853638
45400 313.88967465167172577
45500 313.28184898804937575
45600 323.36261673427537744
45700 311.95257009553802163
45800 278.66891104467072182
45900 316.19915501104367195
46000 317.80872787283124126
46100 322.1633838785898547
46200 319.73682754955842711
46300 292.76981223895791118
46400 307.95179090225173013
46500 319.98707913911209744
46600 307.46983170505944827
46700 308.25748729346366872
46800 321.56052861281790456
46900 318.88383724069547043
47000 311.89036698752710208
47100 306.50192303599902743
47200 321.64171017340066783
47300 307.91464623785941512
47400 315.77442123254485296
47500 323.35751269165535859
47600 290.70427847385792575
47700 307.21526580034617382
47800 325.15139295731341917
47900 313.94515325362391422
48000 303.13489506053576861
48100 307.51948543105231693
48200 326.75100904681721659
48300 325.46500922222963936
48400 327.13493562096732603
48500 308.32109012615961774
48600 313.62469633180438677
48700 322.00253533000869766
48800 303.99940573204116845
48900 298.56009747275641075
49000 303.34489183672536683
49100 302.57646716951154531
49200 315.87025487517803413
49300 304.28827741706902543
49400 286.95338688918383241
49500 310.70823406499027897
49600 316.83373696685146115
49700 306.01038570550929308
49800 309.26632012152106199
49900 310.33059502480716674
50000 298.3518377101487431
50100 300.62609432255050024
50200 310.44512483224406196
50300 325.42877677638648493
50400 321.43865755278301322
50500 316.76159396074336883
50600 319.50068665142191549
50700 298.66955693930066218
50800 301.74142770765570276
50900 321.46335447563444632
51000 298.6613932735139656
51100 315.76921232255870109
51200 322.46203932131260217
51300 321.70105828018216698
51400 292.86050576983257088
51500 285.83579515976100538
51600 317.19883941207979206
51700 304.10102811683185564
51800 315.63493925187236755
51900 313.83738723449528152
52000 294.01547261683947454
52100 313.23172055859430429
52200 323.86729448970356771
52300 314.19320365227116554
52400 289.51688312722274077
52500 302.97679198211704943
52600 300.58235658023744463
52700 307.23884582255698206
52800 300.41925326736128454
52900 313.76429665707968297
53000 330.06081570867297614
53100 324.40499487060912998
53200 308.82768434963816162
53300 307.9678732803404273
53400 302.90255355579563457
53500 298.11548612671640512
53600 323.86586117487667025
53700 291.70442935673872853
53800 305.42553338469008395
53900 312.72796950400987726
54000 309.45138689098445184
54100 303.86038126359147782
54200 308.71872278314998539
54300 324.51550752966750224
54400 310.56421755218667613
54500 295.54591248705946782
54600 296.12840358885091518
54700 321.94659281085830571
54800 313.22127832142916759
54900 298.86356006721558742
55000 314.0766077975109738
55100 307.51457523771676961
55200 318.68855826877114623
55300 325.36896863729265306
55400 316.47346747495470254
55500 302.32827440336262725
55600 309.00210448367954541
55700 294.06529941196959044
55800 290.96878300061371192
55900 296.81839805049656889
56000 305.24063616172770708
56100 307.45055549478047396
56200 311.69806318739142625
56300 328.9172576659705669
56400 303.09758501554341592
56500 320.55799507090205225
56600 307.51196411431510569
56700 294.31932740033187201
56800 317.29220207556437572
56900 305.71994107738112234
57000 301.27999747713914758
57100 315.23566925325366128
57200 329.15326050040187056
57300 312.76126633183065451
57400 317.50740535008992538
57500 294.11906364859498808
57600 312.86784894821448688
57700 316.66233880795471123
57800 297.9094934662988976
57900 329.85106541941007663
58000 312.04901721125884251
58100 310.82840572240939991
58200 313.80819303277326071
58300 324.67082233243121436
58400 301.13971480978636919
58500 302.25698657102066136
58600 315.43031481557574125
58700 302.11884772011785572
58800 303.31294953316927376
58900 312.37836000240849899
59000 317.8540699009246282
59100 315.56064417479490203
59200 314.8933161835170722
59300 316.22125258710718754
59400 328.06739649090491184
59500 315.38384974310292819
59600 311.32621016498734434
59700 318.66518765232734722
59800 316.73754264914566647
59900 320.68126135370602015
60000 318.36519881505046214
60100 304.27793117930707467
60200 309.73863999316768059
60300 318.11681092675507898
60400 309.6841755844201316
60500 312.1240263407989346
60600 312.43346338670971818
60700 329.40934843091127959
60800 318.2697070285618679
60900 295.32669458574719101
61000 303.47347839413856718
61100 332.5686549629378419
61200 312.72823640076518359
61300 321.09243403329168132
61400 328.06075897561669308
61500 314.99764494296493922
61600 332.06003105489105565
61700 316.23159275877014807
61800 301.5612745682905711
61900 315.07804280396828744
62000 312.58164300708256178
62100 291.90193798073732978
62200 301.97372926565202533
62300 336.91711060321063087
62400 319.57419192768770699
62500 302.76784319811969226
62600 308.90042715788263195
62700 306.78482327093519189
62800 318.45477060651774082
62900 312.64875268892541271
63000 311.73996458601163795
63100 319.80986672284768702
63200 331.55206147390555316
63300 312.32324688046259098
63400 313.27363703799608174
63500 296.50717508527964128
63600 310.55537793537217794
63700 315.57181406371955745
63800 307.51434564077641198
63900 302.90773590874641741
64000 300.36450390759495122
64100 321.28086731988338443
64200 312.24025074844911387
64300 302.06963352475315787
64400 303.594303032887467
64500 307.9194545437673014
64600 308.76729347654406865
64700 319.17010332617684298
64800 303.80401394293130579
64900 299.10262797520533695
65000 312.06765682247970517
65100 329.72078409557587975
65200 314.28734977731073741
65300 290.57747874622765494
65400 296.43549697687234357
65500 316.28440341527971214
65600 293.47816069530756522
65700 338.12371840892109276
65800 299.99591516510207612
65900 294.65521346096937805
66000 301.88817595754733247
66100 316.61824643749667985
66200 334.52138700437893704
66300 303.61545993652339348
66400 296.19541719812929159
66500 312.6643298301945606
66600 313.16115352641435265
66700 306.22966104633843543
66800 321.00291196966486496
66900 317.04681606585785403
67000 311.24378000684504286
67100 306.38162450174388596
67200 326.1841882711830749
67300 319.79665237605468064
67400 308.64588759841336696
67500 301.68172744295873144
67600 300.96393455562520103
67700 313.45938465686788277
67800 302.99659370709571249
67900 315.23602331247201391
68000 326.85285737129117933
68100 318.68116983920515395
68200 305.16229100335073099
68300 284.10664949273495949
68400 307.33370721400490311
68500 304.21281041067601336
68600 307.60978069004039526
68700 314.75229071702693773
68800 315.82968667698901299
68900 311.53077583109040916
69000 310.56859330400840236
69100 312.25187913217428104
69200 310.96625116964065683
69300 309.53228731077189195
69400 305.58986837996013719
69500 307.63716011675001027
69600 290.84297757655536998
69700 299.25911213869272842
69800 305.4378173462491759
69900 321.34738451684313532
70000 318.99088285473220594
70100 307.41722043948959708
70200 301.98275128288815949
70300 280.99278333957857967
70400 302.28563075439484464
70500 325.46236224174060681
70600 320.95526869237062328
70700 301.69505875316281163
70800 329.26385157606546272
70900 322.254634299093766
71000 295.99860474988884107
71100 311.34606354941547579
71200 307.60894128723504082
71300 300.03578139862162288
71400 304.98554144225681739
71500 306.77843650756562965
71600 315.3338794994018599
71700 302.53534971472964799
71800 307.08080378034338764
71900 300.22826399440680234
72000 298.49618375860507058
72100 310.99468360766655906
72200 309.63772761766017538
72300 301.68063132567704088
72400 308.18666412100810703
72500 299.6755618536426482
72600 306.04031015804559956
72700 313.62274091750691696
72800 308.39334785776628678
72900 312.90234036044080312
73000 322.10140381029634682
73100 314.46862664416755706
73200 308.89456136446858636
73300 332.18300609839161552
73400 313.06519623218827064
73500 312.97329856980866225
73600 279.98183877205292447
73700 309.17462799191361
73800 317.11287373243408183
73900 319.00464226792507816
74000 321.57791625366905919
74100 298.50511419786596434
74200 324.34469665021822493
74300 310.33746384865378332
74400 311.24026294756816924
74500 302.95814157331449223
74600 315.44503772444096512
74700 309.80737510398171253
74800 285.82350434628739322
74900 319.07982141628463069
75000 331.63686146608841909
75100 322.9789501322650267
75200 305.13712630520285529
75300 310.59218913450018817
75400 314.01758026672160895
75500 307.80502155642932394
75600 302.7642461543791228
75700 308.55257778546820191
75800 305.84533337436522515
75900 298.11784147385878896
76000 303.1715303465034026
76100 318.50472387594027168
76200 300.63849307854377457
76300 320.34012256022367637
76400 317.43280638375597391
76500 308.94399667644040619
76600 310.35316006635162012
76700 304.04539613264790887
76800 300.74106134100128429
76900 320.721449608549392
77000 310.18954673892477558
77100 294.91683060002060301
77200 309.37637524843916026
77300 316.15482563740630439
77400 297.1333136371321757
77500 319.11044566888830332
77600 305.35099340623452235
77700 293.31716481190147761
77800 299.29179074297405805
77900 328.56655855195003824
78000 312.79407132529775026
78100 309.5912825160892794
78200 309.50954745272326818
78300 300.00389692070780256
78400 310.77058645083815236
78500 306.98549562426188686
78600 318.60991937375393945
78700 312.6544769448041734
78800 303.13128282005499159
78900 312.99289080591233869
79000 316.53073927201933202
79100 318.26747562596989383
79200 303.2537917029786172
79300 299.87754751987370128
79400 304.82121006482350367
79500 299.07573571014961544
79600 302.49000996283825771
79700 309.61552309973404817
79800 323.45904661532227919
79900 313.62807277349611468
80000 300.32176418212975477
80100 312.35941682080817827
80200 323.88373744204517379
80300 286.00584003521976229
80400 289.66905626674048335
80500 292.24500099765481309
80600 322.30749532613560859
80700 321.44394864722085003
80800 316.88872486014849983
80900 308.10419831866005325
81000 310.29839557044545018
81100 301.77984871626063068
81200 305.94963177044371605
81300 300.16482611193822549
81400 309.33571023633658115
81500 317.41418786988333522
81600 300.95705947776593803
81700 310.15498037601702208
81800 314.13693939662368848
81900 305.28244749938693303
82000 309.54985827434353496
82100 310.82133819184463164
82200 327.52774663421132573
82300 310.30812701718963353
82400 299.08529366398113325
82500 310.37852789310119306
82600 323.58525426833745087
82700 307.02900757567113033
82800 310.79515147198094382
82900 309.57220131630452897
83000 313.44806112844929658
83100 290.39010996334457104
83200 310.61731076853789091
83300 309.69244428443965944
83400 306.65829451317051735
83500 322.69882438963531968
83600 295.92776081399813393
83700 307.03383493331557474
83800 315.3182439165592541
83900 311.6221522118613052
84000 292.13018030977599437
84100 298.76047988401307975
84200 310.91313241419146607
84300 319.83134726934025593
84400 313.58305428936370163
84500 302.11984460462520019
84600 292.50394303102240201
84700 309.68984222539972961
84800 318.12055190680035821
84900 325.7244631680813427
85000 310.95019721155205161
85100 312.97319652629397524
85200 314.31168064673641993
85300 300.83550311291179469
85400 309.83414942181065044
85500 311.77732606466611287
85600 308.86930666987268523
85700 305.06003547387530261
85800 320.63718060082703687
85900 307.39609719371566143
86000 299.23495508496182538
86100 319.45995352842680859
86200 313.59147613396766019
86300 291.27479765341945495
86400 299.62635857609535606
86500 311.49090745348587461
86600 300.13259308962256
86700 314.86664125300978867
86800 316.35264368940426039
86900 305.3913526267991756
87000 300.78811211129271896
87100 305.79580825862115034
87200 332.00799004199075171
87300 317.93553742516900229
87400 317.75452579991616631
87500 335.36225552789750282
87600 309.69732405360662142
87700 302.07428955992571673
87800 289.75528229597938434
87900 309.11497662020815369
88000 317.1245658711861779
88100 310.72258469092042787
88200 309.00582714101739157
88300 305.80985074509720789
88400 327.20455150923953624
88500 326.78697519906461366
88600 292.11347969124415158
88700 307.43650044312067848
88800 312.95608461423290692
88900 329.4738309235054885
89000 313.62511894867122919
89100 302.28640603362168804
89200 298.24157089073025872
89300 325.27721817951407957
89400 301.6782764653042932
89500 303.78111939620953308
89600 288.16508543376136231
89700 302.72939516858554043
89800 297.71449215290829216
89900 293.59217555996900728
90000 325.29512162387749186
90100 321.9304988290749634
90200 316.30761146458235089
90300 301.43139547977131087
90400 318.72004715918041029
90500 300.49989445977587366
90600 313.30124405541829447
90700 324.36739596799691299
90800 312.42824860805768594
90900 313.13072225824646466
91000 316.29072134191119403
91100 330.08267578883129545
91200 315.5598516616310576
91300 321.25794857153783823
91400 314.78413611697123997
91500 303.86352474514478672
91600 318.09471596001736771
91700 316.63911549288332026
91800 306.00347650150956724
91900 306.31157491833943141
92000 317.07367811576335725
92100 318.54894236541827013
92200 304.05935594412704859
92300 306.76244175411210335
92400 296.51344950404762812
92500 299.41690724796620771
92600 308.55894746833428144
92700 304.94305903303381911
92800 315.57919515843798308
92900 308.2472233188740347
93000 322.70034104312901491
93100 309.84303213994712678
93200 304.17728944281788017
93300 300.90173802727423435
93400 315.42067565562211939
93500 308.06497194281485008
93600 298.3511532908558479
93700 314.35745259538089158
93800 327.69204065275067705
93900 302.92211483907891534
94000 304.70299242402177242
94100 294.1821197799380343
94200 308.59910787748503935
94300 326.93926948550671341
94400 312.44951835875161805
94500 315.66209285348259073
94600 320.0918065481745316
94700 298.94086740365412425
94800 325.94651322306071961
94900 319.26994303360737604
95000 309.48085695932007866
95100 303.97263380734028715
95200 316.21723884288394402
95300 302.45564703124887274
95400 310.46823615825258003
95500 316.86968687255159693
95600 305.67187094718349272
95700 311.32831083059585353
95800 315.84220842208827662
95900 320.63684845165420256
96000 324.31967587028032085
96100 305.27090927597629388
96200 301.05713347261945501
96300 309.42802081030168893
96400 311.79215465733835799
96500 333.06127360674264537
96600 313.91176981563722848
96700 310.70818332845669829
96800 302.786923771130148
96900 311.66645738521322073
97000 316.75582084540320693
97100 294.33597774210289799
97200 311.26877781385093158
97300 315.99396424977533115
97400 302.45520284358491381
97500 306.92982868884223535
97600 310.6597567126842705
97700 296.41999830639224456
97800 308.76277510564392514
97900 306.5322566219800251
98000 335.32741976154687791
98100 310.42007498873198301
98200 307.42040214811811438
98300 278.26240102230849516
98400 320.91979008392564765
98500 320.83746650254659016
98600 290.75101536384005385
98700 318.31488491255413464
98800 309.1896613368142539
98900 292.9236057222542513
99000 301.73677230652680237
99100 317.6335370208362292
99200 317.07675901649605521
99300 310.44632894192204731
99400 316.83232245353150347
99500 290.03013862928031585
99600 307.29631563029306562
99700 319.0493413263606044
99800 320.10569744238642897
99900 305.70373167056868624
100000 306.30738553323948281
