# Fix print output for fix printTemp
0 310.00000000000005684
100 288.45543300080038307
200 310.57754492586349215
300 307.26729004341115115
400 289.3863180746025705
500 311.34810853472305325
600 317.48492151008196061
700 323.7812169305522616
800 327.81375987870643485
900 288.45929659115802224
1000 315.32351839639102309
1100 314.04335755276599684
1200 316.83873387178960002
1300 318.10496765807124575
1400 308.29313304071899893
1500 286.0272611169132233
1600 324.49607913963103556
1700 300.04525195007818184
1800 321.30369589285527354
1900 317.52760215494720342
2000 303.95975747149958579
2100 299.09494189220959015
2200 305.59867947177571068
2300 307.18157062825486037
2400 320.58611843348109005
2500 300.93419566359898454
2600 300.13901165717419417
2700 314.95776373497392342
2800 314.9619351888983374
2900 302.10465012741531154
3000 310.11659202629584797
3100 306.35874068715702379
3200 312.43874075246526445
3300 334.47909314365529099
3400 305.13699933977034107
3500 283.34065334129502389
3600 293.71922943578221066
3700 287.17478764896418397
3800 321.43238611467467081
3900 306.8307688564534601
4000 327.42374538687715813
4100 318.10476803382283606
4200 317.72882844867535823
4300 311.49577023321126035
4400 336.30576110505796805
4500 309.71473373190917755
4600 305.33921195611623034
4700 305.05751968686269038
4800 295.43714857594665091
4900 299.02776262856070844
5000 307.38662714913436957
5100 303.69646405126491118
5200 318.62318004578628461
5300 322.81470742197967638
5400 312.30921301136402235
5500 292.23467983766607858
5600 324.35368504162556746
5700 310.44951769170660327
5800 310.64513948934029486
5900 309.63438633782897114
6000 316.87653227243310994
6100 279.62823422946280516
6200 310.74454566730685201
6300 280.17239678737161057
6400 317.35089201979383233
6500 309.73942752854861737
6600 308.33915288562144497
6700 308.52463651086651453
6800 307.42087671198555654
6900 320.61393901189848066
7000 328.29264845633178993
7100 299.57906032032377652
7200 305.88873191505905424
7300 301.92315651672885224
7400 308.40031414175729196
7500 295.53598114979229194
7600 300.86070142630507007
7700 308.51453019756837648
7800 326.61391263899395199
7900 315.86564372103720189
8000 321.10665908354116027
8100 302.26626184038406109
8200 317.38084713175993556
8300 320.6614490104344668
8400 314.28394342049097077
8500 302.29700114956369816
8600 312.68756313329868135
8700 322.51753909364379069
8800 314.17357425792175718
8900 314.55962508730641503
9000 297.20223388722570235
9100 312.40914343810459286
9200 318.72932822721719504
9300 298.62107188589925499
9400 299.01532489584695895
9500 296.19710817500629219
9600 359.05384812084344048
9700 315.27484779370223578
9800 335.45749097824830187
9900 314.9781730422992041
10000 309.26454474373451831
10100 284.42176978982314495
10200 311.79910028044582759
10300 323.19326358545191624
10400 282.77074235414022496
10500 307.26313486124195151
10600 305.61007833297577463
10700 296.99829648355546396
10800 301.70079876794744678
10900 312.84582565473351679
11000 319.05704533969355907
11100 296.57652835728356422
11200 327.24439030105617121
11300 315.44724500970750114
11400 319.36701152971835427
11500 316.84187082615284226
11600 314.37460623725951336
11700 292.62646696388088685
11800 307.51448872541675428
11900 306.48971330890128684
12000 312.26305483212229319
12100 301.98901120463330017
12200 323.66982931365993181
12300 308.75197359908383987
12400 310.84310194806960226
12500 300.64159781041075803
12600 311.59881803770008446
12700 312.93025948416095616
12800 319.3336324438586189
12900 317.86168629461985802
13000 317.26123363706602731
13100 314.54518301154615756
13200 320.03570694113426498
13300 302.2085603168960688
13400 324.93518113161985639
13500 314.69124500341001749
13600 324.08735845261327313
13700 299.96591941965726846
13800 313.75913271624284562
13900 306.05302222733809003
14000 313.42268348695910163
14100 313.09374768452374838
14200 326.0803866584240609
14300 312.18312633082138063
14400 312.12422052543621476
14500 320.77675044275093796
14600 327.18120616357015251
14700 310.20383388041597073
14800 310.77615056825715101
14900 287.20320932514709966
15000 289.62697974900413556
15100 306.37536893487305178
15200 314.24793061535649485
15300 327.44154731228309174
15400 303.28743354514921293
15500 320.45942446651952196
15600 305.71254796055779934
15700 303.95761971116507993
15800 313.0972827027430867
15900 313.0066817173174627
16000 297.54976596844284131
16100 308.29125796726356157
16200 312.65504196740391762
16300 313.20877722901343532
16400 315.79243267645023252
16500 313.26996348365469203
16600 317.49955322673793034
16700 308.20206383147632323
16800 314.7819937169036848
16900 319.22390946662483202
17000 292.292512631160605
17100 316.86032136619496669
17200 310.24729680279432387
17300 301.3580603556774804
17400 297.31455133203979813
17500 290.60870052041326517
17600 308.0979686495118699
17700 298.56811082610005315
17800 325.25186392974677574
17900 321.55591705854169504
18000 309.61797295412219455
18100 289.28684540444413642
18200 300.7626992132368855
18300 311.01808798555515523
18400 315.4886758987435087
18500 313.17848203335591961
18600 316.75862939040780475
18700 296.95573100269257338
18800 313.96403086778508396
18900 293.68518463518654471
19000 302.6955152631172723
19100 301.70530945112017207
19200 314.25532473906207542
19300 318.75232953356186272
19400 316.15003559150130741
19500 299.62571848246761874
19600 300.02687347863155765
19700 313.42229095250394266
19800 309.6996232679722425
19900 314.38657079804232808
20000 319.52715096564730857
20100 302.09774363129429275
20200 305.10784215553735521
20300 312.14393112108047035
20400 326.99965287008063797
20500 301.59894332195113975
20600 306.72392432015595887
20700 316.11710026792530925
20800 328.0132883687423373
20900 319.78122359294627586
21000 305.69185458508087549
21100 312.46567638714014947
21200 314.41049302921521758
21300 288.42555391218451177
21400 296.65704395124424764
21500 300.39954706518960847
21600 278.2939961827862021
21700 309.07224794780705679
21800 303.67937817830915037
21900 296.48438961267038394
22000 318.21101625673890112
22100 308.00511645386592363
22200 292.5195426147672606
22300 307.21371164172325052
22400 292.29673285797593962
22500 332.79215276590446138
22600 317.31925200363826889
22700 292.07351363574707648
22800 309.38653867372437389
22900 310.31539308129060828
23000 320.87472564508396999
23100 306.34535433922189895
23200 320.61871523458734146
23300 302.42647852307243284
23400 311.01023202393696465
23500 317.31840951819265229
23600 306.11079561823498807
23700 311.24094052949635625
23800 313.52953668377637086
23900 309.1821479506689343
24000 303.54636326193025297
24100 314.73287926378424118
24200 331.1280288227857227
24300 331.25701199119208695
24400 315.90543779596526974
24500 304.57936031056232196
24600 314.47878946789364818
24700 315.38091711364916137
24800 313.87990217086758094
24900 311.27005733649150443
25000 313.5061470823794707
25100 308.73370973609371504
25200 312.34567755173924297
25300 300.52208320481702231
25400 302.70162432718194623
25500 317.15846403829027622
25600 309.33880233737755816
25700 303.38146883234003326
25800 330.21380959925255638
25900 309.77566287952203083
26000 315.07896793475663344
26100 316.71402820884787843
26200 297.07746311153596253
26300 303.8942879515341815
26400 306.1673528897024994
26500 301.67463779186221018
26600 315.13362980091108057
26700 323.7925454899194051
26800 314.99882014933695018
26900 316.22765368812770248
27000 304.47482774452430476
27100 301.51072796301718881
27200 314.78703436920136483
27300 316.37201502855856461
27400 307.69859718980615071
27500 291.73003240038013928
27600 312.91653288075872297
27700 320.74281410367757417
27800 283.06656197771411598
27900 313.09166536890182897
28000 308.37686299571788595
28100 306.36987318933915958
28200 308.38245498594028504
28300 309.56664770879143589
28400 322.9558506846385626
28500 300.30691581115405597
28600 311.22686130483742772
28700 313.25840124185856439
28800 305.01904866801714888
28900 293.03112414864540369
29000 301.70120132354077214
29100 309.62967484877009383
29200 315.34114249119028273
29300 300.35374333696233862
29400 306.8693766758124184
29500 314.60488676048271373
29600 313.44254928530909865
29700 322.76961541456518034
29800 315.17613182523274418
29900 305.80274857565228785
30000 309.48352205646438051
30100 312.68983960203973993
30200 312.14527412000916229
30300 287.89981797353624415
30400 300.89405153165961337
30500 314.3217857536677684
30600 329.36481207346196243
30700 323.23501168776874692
30800 316.70856921811406437
30900 306.40073636233563548
31000 319.12497575331735788
31100 293.89666018751989895
31200 309.11096916754524955
31300 311.69241257543978918
31400 332.49844465947631988
31500 296.49114747236347966
31600 316.04150267613391634
31700 321.01765236151931049
31800 306.88614202019419963
31900 283.57681895483614198
32000 318.62028094043910187
32100 308.17192464655425965
32200 312.49808380113222483
32300 309.24855015024053273
32400 321.34825396243331852
32500 282.68978846441490305
32600 297.87431544606852185
32700 306.69569127321176438
32800 315.00616796538338349
32900 309.78216083577569862
33000 327.4128417465880716
33100 314.14785712623756808
33200 303.98223221824952134
33300 327.88345974308811037
33400 302.97903138149388269
33500 314.00979556152617533
33600 317.02251374348628588
33700 313.23633667437877648
33800 308.92696863474463953
33900 312.91764360371303155
34000 315.7095804738452216
34100 308.23634339924655023
34200 309.08631992953223744
34300 293.93664837608372409
34400 301.29163287660264814
34500 302.86917982728260768
34600 313.22372546782202107
34700 316.99235317162299452
34800 323.4169760822741182
34900 317.33557036715779986
35000 297.4038746249146925
35100 290.64353544351530445
35200 314.93873923299531725
35300 305.44034618364219114
35400 303.86715172282345065
35500 305.48216374479966362
35600 306.45989463332358582
35700 307.93589934534247732
35800 316.7043584923628714
35900 300.84735639845450805
36000 290.50301976845071295
36100 311.85514452845131927
36200 307.56107903932525005
36300 301.74457704901578836
36400 314.69759491581083921
36500 310.58222633436980686
36600 305.46744696810395681
36700 302.34980378519804844
36800 305.84114303871979246
36900 290.9996074390907097
37000 313.6374166427954151
37100 317.13691387000324085
37200 322.67540025317362051
37300 312.67873355233450638
37400 288.09833339173866307
37500 306.39920871053334395
37600 319.43908588527966685
37700 311.49252548321896938
37800 318.57039270128223052
37900 324.62625882038253167
38000 323.25875317035178114
38100 306.71536194325375391
38200 316.04484444501417784
38300 321.38186345047364512
38400 307.19143589952358298
38500 290.24933144608110069
38600 326.12293619825953783
38700 311.7087646633976874
38800 301.09384425332166302
38900 305.0405908644999613
39000 314.78847600702459886
39100 295.25293906621919859
39200 311.7443113605542635
39300 293.04437094002048525
39400 310.34228269148792378
39500 311.19542626919292161
39600 323.17401606327427999
39700 310.37370729412066339
39800 300.01955987900760192
39900 324.82605457761832213
40000 324.1543327532949661
40100 314.89640606874036166
40200 313.92224028083376197
40300 321.73477565389566735
40400 322.95235542408357787
40500 307.40760196605884857
40600 293.38781702188833833
40700 299.55564520053627575
40800 312.41509366234373601
40900 314.21079733910107734
41000 294.43012011866670719
41100 305.85671035981090427
41200 327.22780108321967418
41300 310.62930645757819548
41400 303.85008460803328489
41500 306.9813458706934739
41600 311.1802050511894322
41700 314.43256490645677559
41800 306.03112002392799695
41900 296.66935047009502568
42000 312.35250752693320919
42100 293.63708355850531007
42200 315.72008703575352229
42300 308.78121029047667889
42400 312.51303576752678737
42500 307.92904800747203353
42600 311.86174618067701658
42700 329.61563271019605281
42800 296.56531052028674367
42900 310.65705893962541495
43000 310.88686252672016508
43100 304.64659381287492579
43200 286.19731392624595401
43300 309.88094127738713723
43400 319.57513084942917203
43500 313.87881796202714213
43600 335.38980138201446835
43700 320.49705003507187939
43800 311.72078923048485422
43900 312.55803734978871944
44000 289.45006411980187977
44100 313.92804989980521668
44200 316.57479866791601353
44300 303.52133845136177115
44400 313.59148950245776177
44500 304.56640945251831454
44600 293.50156728103479509
44700 298.62085518240621695
44800 296.88796640750649658
44900 311.92007033929570525
45000 323.96966389447118218
45100 315.46698462284888365
45200 300.03058295223672758
45300 312.23381066349850244
45400 298.57272736222330423
45500 308.35785162385491276
45600 326.71510526763347571
45700 309.78414679848134483
45800 301.50642425491315635
45900 307.86883310128979474
46000 310.07853601065272642
46100 299.50857573345035689
46200 299.11678923358675775
46300 308.2133173285943144
46400 296.25836909136830855
46500 309.7923419032019865
46600 313.29691128925367138
46700 321.22469706123013111
46800 291.00342993666214397
46900 310.839442174138469
47000 318.05560276151265953
47100 328.46124634599419778
47200 318.51310065199044175
47300 317.58770021352944468
47400 314.19732126820383655
47500 337.44820800607317324
47600 314.50311979556602182
47700 312.71438162995775656
47800 313.87986735910203606
47900 293.02759639902569688
48000 305.59545119639301447
48100 303.8587178474178927
48200 323.98550743715833278
48300 310.52914603049850939
48400 307.74359140770451404
48500 314.46110774716180458
48600 308.05800357936652745
48700 313.24154805563927084
48800 304.84717043689079219
48900 317.77261724321027714
49000 323.52506283931967346
49100 310.16854088684851831
49200 292.55729582554329227
49300 318.85485258763566208
49400 307.25344066866699677
49500 291.27337805106998303
49600 299.34330041750689588
49700 300.62729766286412314
49800 319.72557959802202276
49900 304.85889117392508751
50000 317.85687515541189896
50100 301.0803910282405127
50200 316.98651009436389359
50300 316.76371910091961581
50400 304.74127420226710683
50500 290.67060257670425472
50600 304.91830728504123726
50700 303.88464017610112933
50800 325.31712280671604276
50900 318.59591523282756498
51000 305.03230601212925421
51100 317.08306687159222292
51200 317.6032213038701002
51300 295.30045117459536641
51400 295.99441487343653989
51500 318.09519075267530752
51600 318.89064816035352123
51700 301.79144124353393863
51800 315.4173420939589505
51900 323.53843595265624344
52000 308.61770832833076383
52100 282.27592980646323895
52200 310.47932197683388722
52300 313.14813599839754943
52400 301.57531709879066284
52500 322.13023003764908481
52600 306.02258648364124838
52700 296.96418544699741915
52800 324.78602964318770319
52900 311.48598346343914045
53000 317.82185285896844107
53100 308.65003856044876329
53200 313.40260850071422283
53300 328.5157802446829578
53400 318.74306543675032799
53500 308.47636284698006648
53600 304.54729499968647133
53700 291.38602658212477081
53800 294.86610760769070794
53900 300.99766752316918428
54000 323.04337522852432585
54100 310.3348170034978466
54200 305.22876712417684075
54300 285.33446820758274498
54400 316.86403079798986937
54500 308.02754482044241513
54600 294.08581651279035896
54700 321.11840729439978759
54800 316.99485393602446948
54900 314.45962957045372832
55000 304.05905342638340016
55100 283.26258209057448312
55200 313.92161019476958472
55300 307.00070972609933051
55400 312.64459864401396771
55500 308.05660109549194203
55600 323.59314471190100448
55700 331.31777264745625189
55800 300.44952133638281566
55900 302.38394654742484136
56000 324.36549197496600527
56100 310.49769970221262838
56200 295.81718657450284127
56300 308.7574999544077059
56400 310.76885972688694437
56500 297.96089651855413649
56600 319.76050770443083593
56700 298.18594132186399293
56800 319.88094603961388884
56900 303.17978624763907192
57000 321.67415147341040438
57100 315.07895688280387958
57200 308.44843838293678573
57300 331.55804791704827039
57400 301.32559752426703881
57500 298.4879327049026756
57600 308.81629652141117504
57700 312.68655546199306627
57800 317.4209188267124091
57900 314.71899672053496033
58000 310.78778951341547554
58100 314.75752002514349215
58200 308.07235684156478328
58300 302.1175808457762173
58400 283.90479687343696469
58500 317.30412935457405865
58600 310.87865218066690431
58700 308.40215094146515185
58800 306.57171669633271449
58900 301.35426534815189825
59000 305.82370206467726348
59100 317.73192296355659892
59200 335.47238165665459064
59300 306.01288364862983826
59400 298.83007451394695408
59500 298.46852818541987062
59600 306.05606036508260104
59700 312.78112431904406776
59800 321.17866082929998583
59900 329.91620114456304691
60000 305.82064918286977218
60100 301.89479914499474944
60200 299.45272799904864769
60300 314.69728495758795361
60400 315.46275543916067363
60500 324.30227862095233604
60600 318.10859010902572663
60700 295.8662450397952739
60800 311.81700347764547132
60900 318.41458255843861025
61000 300.22264788372922339
61100 307.72921194489003938
61200 312.27401403560088511
61300 319.13026342045407091
61400 302.78311379308468076
61500 316.81589440005029701
61600 296.18289198590065325
61700 312.04814809210029125
61800 314.14251577473294219
61900 305.25048792949030485
62000 308.6622608370886951
62100 325.03551950538559367
62200 321.26571524711778238
62300 317.39280569778912877
62400 321.9101592746057463
62500 300.11194966445020782
62600 301.08360389433676119
62700 299.96729914518169835
62800 319.68238336484620277
62900 313.61930704652326085
63000 333.56351724486341936
63100 304.70423807423645712
63200 300.28435821193602351
63300 302.1839035904499724
63400 315.14360027304923051
63500 303.55167672523560896
63600 315.37505739161315432
63700 306.91492602545901036
63800 313.93533504560156189
63900 325.16672906512229702
64000 293.22195922861095596
64100 307.0331732104598359
64200 319.13442409148382239
64300 317.93275400398619013
64400 323.88955332743796589
64500 301.73914790732192159
64600 301.21250758806843351
64700 311.07777282296700605
64800 311.09720490808120985
64900 303.41300246004271912
65000 298.23789368710657754
65100 302.19022226644460716
65200 323.53891487933537974
65300 304.26524742775694676
65400 305.15449652639841815
65500 293.70958812696142104
65600 324.29576653995968627
65700 308.22365145965596867
65800 311.54677680693998809
65900 311.2880690717647667
66000 302.09815961161507403
66100 319.78179672823131341
66200 318.03232508938765477
66300 308.75449115309589843
66400 314.13867804636441861
66500 314.01716288904424346
66600 312.84626871501939149
66700 313.30590660655593638
66800 327.5972513306077758
66900 302.10606374948014263
67000 310.95817189029855854
67100 316.32304273734928302
67200 311.64138276095263791
67300 317.6052068586040491
67400 317.94271779050285431
67500 338.2254961981714132
67600 312.51137679866104691
67700 303.33324267332642421
67800 296.36650932660478475
67900 305.44568201990739453
68000 291.45156173686422107
68100 307.60086654067566769
68200 299.76602435385757417
68300 293.00990234607417051
68400 311.00208583976916543
68500 329.77925526182121985
68600 317.18894258003126652
68700 300.0737671746264823
68800 303.9452088410507713
68900 306.94960605458322789
69000 316.32970611799152039
69100 321.58045800805967929
69200 310.94063747725095936
69300 300.68053968382810126
69400 320.05428437327265101
69500 290.92435832447046096
69600 303.29127562483586189
69700 310.20668027337404737
69800 298.99714791679497239
69900 301.66402057885630938
70000 321.85098813852505373
70100 308.09323655090821603
70200 324.20908313382767574
70300 318.95261450270675141
70400 312.08695333612041622
70500 299.19367140173648068
70600 313.35172117653200985
70700 305.60954696498401972
70800 307.43564249945632127
70900 326.2168257143257506
71000 303.95225688258256014
71100 317.66133442034100653
71200 314.82640739327194979
71300 299.29965769455685631
71400 294.17832366284329737
71500 315.29006172039737521
71600 324.18775407802712607
71700 307.33014068195052459
71800 296.10957715987268557
71900 309.29443159149820985
72000 302.40826336793543305
72100 296.04594048572283782
72200 312.37462771001571582
72300 316.97390725425759683
72400 321.41616134480904066
72500 304.41595707608598786
72600 300.91378956561732139
72700 298.83331901307792577
72800 290.30583107688067912
72900 314.21704045594532317
73000 321.46502319532351066
73100 315.57428291313914315
73200 298.05368760019331376
73300 316.96460544421472605
73400 313.43200839340903485
73500 306.65732446246664722
73600 311.98747025921278464
73700 332.1762072991008381
73800 320.65854544269791404
73900 319.06859445432672828
74000 326.44756763809641598
74100 302.06246128347237345
74200 329.09504791028302861
74300 307.65589172336262891
74400 307.04563534688884374
74500 304.6935582364725974
74600 331.31353624436428618
74700 320.14656286005731545
74800 305.3558220717602012
74900 294.68605047611293912
75000 300.83213580959102273
75100 322.55741878784954224
75200 310.83542775660203006
75300 319.49455776659260664
75400 320.81928453038705129
75500 302.71702398437611237
75600 307.5332701362658554
75700 330.12517932841774382
75800 318.99939004896617689
75900 311.76977182611426542
76000 301.22100336662145992
76100 317.72029328254933489
76200 318.60425943540695926
76300 307.67879164993490804
76400 306.69446661464405679
76500 306.6892318237944437
76600 313.31481167474242966
76700 305.86107176714995148
76800 299.53401130020654364
76900 304.16587641649960005
77000 327.29985568476718072
77100 296.24165095301924566
77200 306.31762791568405646
77300 314.78780006412449666
77400 316.22802767041412153
77500 305.3893348049068095
77600 307.01163142722953125
77700 325.49013805727486215
77800 312.93050709526903574
77900 302.27408295789160775
78000 301.18544115836357378
78100 299.28169553902188227
78200 299.15298671316719492
78300 304.07867622746590541
78400 303.83792972176945568
78500 289.50953241049944609
78600 309.18324092456691687
78700 311.7686155979026239
78800 324.60022593668514901
78900 298.83295928154848298
79000 319.41749388102624607
79100 327.07146074151302173
79200 306.73511291604404505
79300 291.77436388881568519
79400 301.68788533625649961
79500 302.08895128078808057
79600 318.10827335081609135
79700 322.29287288249673793
79800 321.38561627387133512
79900 324.66564034735290534
80000 302.34148412505589931
80100 308.92327497151990201
80200 328.72778328000651982
80300 305.70554363207423876
80400 324.52680051712485465
80500 319.18117767343733249
80600 318.17253860256852249
80700 311.92069716720902761
80800 313.88421439103279909
80900 308.15317915280132866
81000 315.54094061818943828
81100 313.79143543761813362
81200 288.28494165822229434
81300 305.04964224904836101
81400 309.87279917039387556
81500 323.18535650442908036
81600 330.28227347347757359
81700 290.91551669877497943
81800 303.35859267919914828
81900 300.79348753125049143
82000 308.34198169582236915
82100 328.67514095904408578
82200 310.12307679029925112
82300 303.21093056666563825
82400 300.93672476043400366
82500 313.93307578886077636
82600 321.71506136594791769
82700 292.04719104550372322
82800 300.18497898681164315
82900 320.64430735926185889
83000 297.39299842377295136
83100 309.93478677786447406
83200 306.64940801638425683
83300 311.29159644506285076
83400 323.42982415167176669
83500 305.32179788359570694
83600 313.23043237590371746
83700 304.08306768289361344
83800 320.47084548740241416
83900 317.4020062331339318
84000 299.6335509553623524
84100 302.35441058743327858
84200 300.58492211661103966
84300 312.99876603221485993
84400 321.49009148038106787
84500 303.95211322083497407
84600 297.24116604478257386
84700 320.90737898035411035
84800 302.97493051393888663
84900 296.19177409381126154
85000 306.26173512362458951
85100 314.88587942134938658
85200 326.43081627612798457
85300 286.29707985705130113
85400 315.56699284174857212
85500 316.87691461294519968
85600 330.71791632860350774
85700 314.04998891403289463
85800 352.08768705371085161
85900 320.35935578504626164
86000 303.79727923870530049
86100 304.20276692502750393
86200 314.86575758156743632
86300 307.9594773007605113
86400 310.02356591036465261
86500 314.83556987624808698
86600 318.10134278961436394
86700 315.98285062883383034
86800 326.82862227386510767
86900 295.87875580225824024
87000 307.38488107170695685
87100 311.2169591293405233
87200 309.31153124893012318
87300 293.99251491587108376
87400 312.31475578911306457
87500 315.22654753127011418
87600 313.54805599238369496
87700 301.05802343532559462
87800 317.73854519216450853
87900 298.90279814552638982
88000 315.13296997452431469
88100 321.5463901885484006
88200 301.73702218657848562
88300 307.4521548230825374
88400 303.19591698982719663
88500 315.22783812799576708
88600 329.51272891767399642
88700 317.66218248654962508
88800 315.00644434759129808
88900 296.21044441621614851
89000 312.26484643540476327
89100 297.07060426341593029
89200 311.2552577776787075
89300 311.42729564130183917
89400 311.39189797762912804
89500 322.001948659136076
89600 306.13899964477496951
89700 318.17277703683834034
89800 301.74350972200522847
89900 308.55358180307968041
90000 305.14131087256203045
90100 297.74364108503459647
90200 291.73561595302555816
90300 307.66923879818455134
90400 313.42892624448126071
90500 306.37665090720253147
90600 305.74105196495486325
90700 308.72609761104797599
90800 316.66174776907541855
90900 309.80869563443468451
91000 324.28708264458771282
91100 303.58716300216900663
91200 329.45757390060862235
91300 305.32432426983388041
91400 304.01408257511934607
91500 289.52309809329426571
91600 303.0900479089206101
91700 301.37285254977791737
91800 315.48534902184997009
91900 315.62781480613188023
92000 315.53218410757079937
92100 308.26569537989229275
92200 295.58795317770801603
92300 311.96023036799300598
92400 319.93284148625895114
92500 313.96744467245315491
92600 315.84360855698821524
92700 317.27063684235213259
92800 305.3139581526709776
92900 314.99563397692440958
93000 307.25849283533153766
93100 300.63642863062977995
93200 322.94722387185890966
93300 320.69213239683409711
93400 296.87268736480922371
93500 301.3976047139971115
93600 304.33945234965068494
93700 298.17854080271257544
93800 308.68225380247702105
93900 311.64349845023434682
94000 334.79933587606643641
94100 310.03616882615477834
94200 320.85812841072100809
94300 328.25926609457405903
94400 312.16931864716184464
94500 304.38371816639391909
94600 291.35306896988174685
94700 310.34097291385961626
94800 309.69033270904037636
94900 308.12231977855441301
95000 314.29110824280638781
95100 310.05460920694463312
95200 302.84688799637029888
95300 307.52908689057727543
95400 311.40644475252713619
95500 320.80912837513909608
95600 315.5514154731428107
95700 319.25037636036205413
95800 297.14836761837347012
95900 334.93691859020992752
96000 318.15664853999749084
96100 314.08128264153333475
96200 321.48862182152186051
96300 305.8124758745545364
96400 300.41363624319853898
96500 312.47351458886583941
96600 310.83617685269183539
96700 318.78111350606081942
96800 298.70078637869607974
96900 297.64396820111255693
97000 306.78919545172334438
97100 300.59199271747655757
97200 311.02141297036905598
97300 312.85428709679661097
97400 310.18895262550671532
97500 326.55514675449558126
97600 304.12614008816848354
97700 309.76893167262051065
97800 314.64807648503136761
97900 313.01559385357495557
98000 309.00630270389478937
98100 314.79158878377216979
98200 316.86579027488846805
98300 300.72040064282828098
98400 306.96627055366570858
98500 284.76732899203301486
98600 318.61762938360038788
98700 322.35463839999044922
98800 305.63271422727564186
98900 313.75294236508312906
99000 315.94829611242670353
99100 299.19058834657431589
99200 322.53680092132094614
99300 303.63511261751528991
99400 301.77562457216197345
99500 301.61558716560034554
99600 324.62252310127558985
99700 314.07578474972279992
99800 296.68497490788922732
99900 304.54729626916156349
100000 311.10131886434788839
