# Fix print output for fix printTemp
0 310.00000000000005684
100 305.68963864003683284
200 300.1814069100157667
300 304.68799324332553624
400 310.56585408170212759
500 333.18817080940812048
600 298.3145001530460263
700 319.23375415435452851
800 297.36720228763840623
900 298.39930988186807781
1000 315.23797962359964231
1100 311.15574349991072722
1200 310.54122875883552979
1300 304.61949659108790911
1400 327.88598729363320672
1500 325.5970658694169515
1600 324.82425017444586501
1700 295.92188659504324733
1800 310.72723461163116099
1900 307.69005562519754449
2000 323.2658101333664149
2100 313.16980172368249669
2200 306.5533370990366393
2300 306.27812105246562169
2400 306.30221296709913759
2500 294.14151792987246381
2600 295.88822479136729271
2700 322.47712229716898946
2800 332.99238705082382239
2900 328.89221815389481662
3000 304.02954772353092494
3100 297.07816477614193218
3200 331.11513043185334482
3300 315.82898736282015761
3400 325.44913763144074892
3500 326.78223096973516704
3600 321.72210530994271949
3700 299.25790700638867747
3800 311.39685327432778195
3900 308.2420368971210678
4000 310.33196682091755747
4100 308.94262229055010494
4200 310.42228028372142035
4300 301.8474771575261002
4400 295.90375297128224474
4500 306.74042037480262479
4600 316.2366464909778756
4700 328.4260966434646889
4800 329.89162900433768755
4900 322.8710771735995877
5000 332.5518608583479363
5100 314.34120565077239462
5200 299.60566444405191078
5300 321.02636258776504974
5400 331.78870668019607137
5500 305.43441455096279924
5600 310.96166345759638716
5700 300.39241086891053101
5800 306.99560093689370888
5900 302.70616503069464898
6000 287.56028102860096851
6100 309.47501251394140809
6200 312.58561831779917384
6300 301.22846323362125531
6400 300.9916385560294998
6500 309.97033896369464401
6600 294.77183127365651671
6700 348.89815339291465079
6800 324.1331232480753215
6900 327.24362960534261902
7000 325.05536497794980733
7100 307.16666460789360826
7200 301.53292593538674282
7300 290.00085300816363088
7400 300.27508477162945155
7500 311.99281938620060828
7600 308.7513398996328533
7700 291.23960444513113544
7800 312.70379062741284315
7900 302.17589865435888896
8000 324.32934664252172752
8100 325.3429051710571116
8200 320.91305326325237957
8300 310.56937026488350284
8400 311.13571080775568589
8500 313.79688933030064391
8600 298.11250727652912929
8700 308.39615129301165553
8800 291.99892099757107644
8900 309.3608630293645092
9000 345.9172401234195604
9100 309.68336741828744607
9200 297.47993135975809764
9300 296.36819538591930723
9400 301.65754483511892658
9500 305.27287793460925514
9600 325.43500850959998161
9700 308.13558698171885908
9800 302.55242890759444663
9900 314.12918630045322743
10000 325.87194140031505185
10100 314.06069659277125083
10200 310.62619029059339937
10300 303.00823801913520583
10400 308.49948404764126053
10500 315.50413871507788599
10600 301.30865149681898174
10700 293.17677072721329523
10800 310.27530595616030951
10900 326.32422250877499437
11000 304.02948646948215128
11100 307.16688398770725144
11200 321.90968624475181059
11300 310.7590751879233153
11400 304.70855873001613645
11500 296.41528701132273227
11600 314.31033762977904189
11700 336.69487302854372501
11800 307.35130503024203108
11900 314.32570282363786873
12000 308.0895083180336087
12100 319.56129901900055756
12200 310.26753064343563437
12300 308.43474812024840048
12400 296.98088976028685693
12500 297.75103397744823042
12600 322.2149399738189004
12700 308.58511455115990429
12800 322.83335098589816425
12900 300.79541410934842816
13000 300.52685184820580844
13100 310.14984430842912388
13200 342.52400427945639194
13300 308.79048817805824001
13400 290.65794736409941379
13500 308.95276487977952229
13600 309.89125866040348001
13700 318.85915424602308121
13800 323.4743698458628387
13900 318.49896640411071758
14000 295.15903373341217275
14100 301.620774974798735
14200 328.71051832302066487
14300 308.87787346893588847
14400 293.04383890872128404
14500 284.67569937383285605
14600 315.51945429864667858
14700 302.11520876438754613
14800 327.36312579612433638
14900 325.83533454874975632
15000 312.57032036981894407
15100 302.03924332859764945
15200 308.29595937320107168
15300 318.29049522721874155
15400 318.71765194875081306
15500 300.33374082670371763
15600 311.27126250675451047
15700 312.90763683501154446
15800 305.26142737429182716
15900 308.62348109059689705
16000 310.39342071486669283
16100 297.47880751288948886
16200 307.54009438060290904
16300 312.17489256440757117
16400 315.52748134556321702
16500 315.79509809200038717
16600 313.67947766822192079
16700 326.43916273033437392
16800 298.03978069541187779
16900 318.763283482410543
17000 305.69601396875441424
17100 302.60504089340781775
17200 311.75044576608524949
17300 286.56520037158884406
17400 309.82732943230985256
17500 298.77246081968615954
17600 290.51067856812034051
17700 302.25691645651903627
17800 316.55398618371503972
17900 323.9376610549585962
18000 304.52616342513834979
18100 306.94038550269112875
18200 296.95334147162355976
18300 311.33558817195773827
18400 312.26207059778965913
18500 315.7913764511316117
18600 312.23526697393771201
18700 332.33266497243960202
18800 293.47280595408324189
18900 319.39710568529523016
19000 316.13872456241534792
19100 309.25249541127396924
19200 327.29310550359821264
19300 318.03277442131349062
19400 302.02483421296545885
19500 308.6332348163210213
19600 305.68028041678616091
19700 308.2427304721890664
19800 319.62643484812821271
19900 332.26953222456489812
20000 317.62228317401689992
20100 303.59884396645151128
20200 302.82029677679128099
20300 306.83054654586442211
20400 313.7506827420104969
20500 292.58931282759738224
20600 308.24655337412758627
20700 300.49169960096457999
20800 312.73050389270628102
20900 307.26141694766522505
21000 319.59480864435158765
21100 298.53260799526032088
21200 288.98837549127887314
21300 309.15613308690984695
21400 327.54099761191588414
21500 321.16876092095463946
21600 291.13903260861007993
21700 302.94072343785626344
21800 310.25695712440852958
21900 325.43712981913796511
22000 307.42696479181074665
22100 308.64163906647246449
22200 300.64700757860504154
22300 297.55669690740916167
22400 316.06655989324781331
22500 318.23499902725814081
22600 331.56056427986618473
22700 323.63792369635081059
22800 303.00961158392544803
22900 315.04845729457781545
23000 323.02366101283530497
23100 313.51047301926831778
23200 293.57659640336964912
23300 305.94162299545695305
23400 313.17906811806545875
23500 308.44602191578997008
23600 299.94052711851514914
23700 300.18453693157368889
23800 283.42209191546459124
23900 316.66290594260919988
24000 321.14639592266559021
24100 294.93231364648386261
24200 318.31778274710148935
24300 310.8074797945470209
24400 311.69026776889586472
24500 294.7726124787743629
24600 303.2891845611599706
24700 307.70749311700552653
24800 319.43202382552885865
24900 321.24936179319405483
25000 314.07634220680438375
25100 305.21614955282467463
25200 295.50207585202269911
25300 295.99170851180059572
25400 322.35701327495661417
25500 301.06406290975513684
25600 301.61272518032893686
25700 311.17199049793305221
25800 303.29734894113289556
25900 297.20128780829327297
26000 317.76103329288702071
26100 320.90297050620500841
26200 300.51037983940881304
26300 314.48946044938986688
26400 291.49861628737494357
26500 312.84891761246700526
26600 321.37849647556032551
26700 315.65176940481836709
26800 314.65506265994667956
26900 296.50713679490922914
27000 302.56388297178767743
27100 316.09043143836595391
27200 307.18679495948481417
27300 311.10974788725246754
27400 299.38192486523956859
27500 299.77452592995956593
27600 298.45165941077618754
27700 297.44606451048321105
27800 316.14731414280777244
27900 304.01608678716371514
28000 307.30538624163284567
28100 331.53240378674985323
28200 313.85738423275302011
28300 297.84254495644626104
28400 307.61783708613353383
28500 318.90858249890482057
28600 312.5456581719137148
28700 317.48738225873779584
28800 307.89364980771671298
28900 309.09811961641804601
29000 318.3720754475831427
29100 305.15164225275265153
29200 314.40584137097016537
29300 308.41246778839564513
29400 299.70906322943437772
29500 316.98592799890252536
29600 311.72692252971319249
29700 319.43963401912367317
29800 318.09091046189644203
29900 316.42970013435160581
30000 306.37621590146397921
30100 304.52519528376086555
30200 309.63963185012869417
30300 322.47976983364304715
30400 314.31201967338409986
30500 303.64212810914540341
30600 288.09403297323552806
30700 303.25464848675159146
30800 316.11435346509318833
30900 329.98820054482166597
31000 313.92839147048613313
31100 299.96495239847831726
31200 298.67899877024734678
31300 300.08445728401773067
31400 322.37222957892424802
31500 315.04645651872692724
31600 299.97358887640632474
31700 299.36783713543195518
31800 311.92971663751171718
31900 316.22085706322400256
32000 311.08269478776458072
32100 314.08097693231064795
32200 311.44036222610446885
32300 308.76702176289035151
32400 321.25740381400078149
32500 313.34514048422312271
32600 309.32741665154003385
32700 319.40247454763260748
32800 324.03298090597246528
32900 321.52753641842650723
33000 296.35868362852772862
33100 296.57152477303401383
33200 298.23677653093960771
33300 308.72908702482527588
33400 308.62062635008044253
33500 320.46939087547639247
33600 324.94477254144368317
33700 312.88671574241232065
33800 301.82670982039581986
33900 301.46011022437807014
34000 286.18330569432862376
34100 304.11170842831580785
34200 300.23999914435893288
34300 316.13164043307438078
34400 315.72231063259090433
34500 325.76820102557570635
34600 314.50602778206939547
34700 300.88459961450291758
34800 314.8832553193357171
34900 320.99445677418793821
35000 307.00472468601992659
35100 310.28993884906725498
35200 300.56459096228604722
35300 300.13674849447733095
35400 295.15353641381926764
35500 306.15323385419145552
35600 304.49040864935972195
35700 291.29235301216726839
35800 314.70278019568485206
35900 306.68494336319088234
36000 296.23290970083360207
36100 293.93230035600350902
36200 314.01084377375622125
36300 329.05332643212148014
36400 299.92393409124298387
36500 285.69384748877530456
36600 299.3834723690752071
36700 311.04859127884827785
36800 316.57963567793939319
36900 287.60423523931223144
37000 301.69660782572913149
37100 302.88032232550278877
37200 300.79391393900232288
37300 315.04882261433152735
37400 285.25926896455553106
37500 314.44766340796883242
37600 328.03080237659418117
37700 333.95821097700974178
37800 299.74061786635445515
37900 300.92240974831253197
38000 318.97606675228274753
38100 313.12135018513203022
38200 299.74900299564671968
38300 304.37802414262955608
38400 292.70278374472707128
38500 327.52833331808579942
38600 313.195219757686516
38700 308.44679800624606969
38800 323.95766096879776796
38900 321.27717766218501083
39000 319.46833201067556729
39100 308.59632902677094535
39200 299.37647343947509171
39300 294.59008442072996559
39400 308.56088271858158123
39500 317.54534130983404339
39600 329.15395644639517059
39700 316.47506046077774045
39800 307.94588236039186313
39900 312.9478784283203936
40000 312.15573273818472444
40100 290.99551744449968282
40200 293.02869802028766344
40300 301.65186979717401528
40400 321.63654479653962426
40500 295.55197509139867407
40600 293.26580769527902248
40700 311.99833977184749756
40800 315.3464503468819089
40900 301.89244362940871724
41000 298.62009170421123372
41100 324.0114898834909809
41200 307.83159856103361562
41300 320.45492960244371261
41400 308.41374036784958435
41500 319.65541864668495009
41600 311.75392952327916873
41700 309.07379200683629961
41800 314.7754524870071009
41900 303.4955753431011658
42000 305.99544383874541609
42100 301.91312197959842933
42200 325.63864416583146522
42300 317.12655460405591157
42400 287.72030400158666907
42500 328.37735513699374224
42600 309.72734329141763965
42700 323.98819214396326061
42800 320.55937736215804534
42900 319.95242021668104826
43000 317.25156927658662198
43100 297.85519218812487452
43200 297.20243932138333776
43300 314.64789754888533935
43400 318.6212438928448023
43500 307.0722388719528908
43600 302.1296172698216651
43700 327.94537421787390485
43800 315.80447329083926888
43900 307.68653097414551212
44000 290.71494116752393211
44100 307.85433047906235515
44200 313.30981051435617246
44300 315.13124522541016859
44400 323.07463208856250958
44500 310.7635259912385095
44600 286.68600274396027316
44700 305.47277495997150254
44800 320.39965478771199514
44900 342.43988514432794545
45000 297.67310868596428008
45100 308.45606727264174651
45200 321.79457209993097422
45300 305.71435050023433178
45400 296.87590908110024657
45500 310.29560514132799653
45600 319.96886662092248343
45700 322.26400009728280338
45800 311.99903481381142001
45900 300.54787930223341164
46000 318.09282764835626267
46100 305.07345108070347806
46200 315.70298351633010725
46300 323.4808025165218055
46400 317.78303333400435804
46500 317.05884646688804196
46600 312.12534590172714388
46700 302.09940958748808271
46800 307.34331392530776839
46900 309.0539333887723501
47000 313.13647740050402035
47100 316.56846182831014858
47200 308.81599404520198959
47300 307.67277760365993799
47400 302.70781628753866244
47500 322.56245641307970118
47600 319.03094662388321012
47700 321.01815792383450798
47800 307.92137219411051774
47900 289.89767410448860119
48000 324.6739455782060304
48100 308.82162329214816054
48200 308.41746326537520417
48300 307.99213338716822363
48400 302.02726834425840252
48500 312.94458668555188297
48600 327.37974258054089205
48700 313.81664548420729943
48800 322.50357617895497242
48900 314.72255241737133247
49000 307.91440524853931038
49100 303.22650209325155402
49200 304.76509277618202987
49300 309.6227117501677526
49400 300.04499298244951433
49500 304.31489022028466707
49600 310.5052067372614033
49700 315.45384452663768116
49800 326.93518757273545816
49900 310.29858470524391123
50000 304.36407512478746185
50100 300.64532188911800858
50200 312.59384273932693077
50300 314.6208852390545303
50400 315.83617529927334999
50500 306.71343164976997286
50600 300.45591492538363809
50700 305.49346654172308035
50800 320.9491247591163301
50900 327.36650492070566543
51000 295.35596946286813136
51100 303.65380657107772322
51200 281.10284546635278957
51300 316.22936491979851326
51400 306.13285928233386812
51500 323.87509165551387014
51600 326.43067377265373352
51700 294.10444943201537171
51800 316.38043630509667992
51900 297.72028361070368874
52000 298.91737538362775695
52100 308.94500780827496556
52200 318.89801783785145517
52300 317.52876297348120715
52400 301.01958180056612946
52500 312.41237777525020647
52600 296.41172415867953305
52700 317.78511675715122919
52800 334.46510950430842968
52900 302.41680121383654978
53000 306.72466124270363252
53100 326.39906939982483891
53200 321.16551234858349062
53300 316.79257013007890009
53400 328.07343474585439935
53500 310.00828571979320714
53600 310.49365006288303448
53700 323.44970464784591968
53800 326.66437889013764106
53900 315.27815301441552265
54000 319.51314753537491242
54100 284.22603577979634792
54200 312.11332287588152212
54300 323.33564875320490728
54400 284.46150565425938339
54500 305.19199230256595001
54600 303.94373526525890838
54700 313.557137655105862
54800 340.62750758921328043
54900 317.53816955108783304
55000 314.41777056338827379
55100 317.03039761230843396
55200 308.12247582461935735
55300 315.37469700635449499
55400 317.1850477670027999
55500 306.99447187764224054
55600 303.4187696990292693
55700 320.22142311107927526
55800 285.18290992262581085
55900 320.64005511972999329
56000 314.85139164838852821
56100 306.08956759731705688
56200 316.81449150996007802
56300 309.2007342120531348
56400 294.07405962384467557
56500 305.42615019321124237
56600 305.31183970823042273
56700 313.91474331986944435
56800 328.51923407202303906
56900 302.74564402105744421
57000 292.13788628663945701
57100 312.03628027178785942
57200 320.41832821455636804
57300 320.95805610301221122
57400 320.19370052894936407
57500 309.95061277737448791
57600 307.74645837217667577
57700 305.21387746966871646
57800 321.78117431731675424
57900 319.74980361274668894
58000 302.85911202347915605
58100 305.31901177655322499
58200 322.45448921379102103
58300 322.10478293539239303
58400 310.4751264854419901
58500 323.74055611229090346
58600 325.09659496929168654
58700 322.87860269814166259
58800 322.66760814436116789
58900 299.39205166226327037
59000 310.57462774827178009
59100 306.42350526951281608
59200 291.37297658530303579
59300 297.98406125090662044
59400 306.28566885176223877
59500 319.45023145370930706
59600 310.13562054405537083
59700 303.9388130344837009
59800 315.51108933475887852
59900 322.54542327329988893
60000 317.16158203542590854
60100 308.88387769802574212
60200 306.19517234378326975
60300 313.51976110333947645
60400 306.125144044148783
60500 316.47043644586813116
60600 308.39253175688776309
60700 309.09615410776154931
60800 315.01334993300258702
60900 303.19334127265722145
61000 302.57883384402953197
61100 318.20665284216471491
61200 315.8660457378662727
61300 310.67868224740789174
61400 309.1518370979597421
61500 314.74329207212980464
61600 319.29245648881340003
61700 308.91665267581640819
61800 296.73699484954647687
61900 321.7444753992541564
62000 304.73161800324618298
62100 313.88917058245857561
62200 287.66850973013293924
62300 312.59566608046606007
62400 321.93546692192239789
62500 331.05790289159318718
62600 319.16623242603208155
62700 296.52048245131726389
62800 291.30904983576806444
62900 303.19565266039688822
63000 320.38365536588702298
63100 308.45985093079804074
63200 317.39424942619768899
63300 322.05546349987059784
63400 310.15269063008599915
63500 308.77274960793050695
63600 302.07685205650250282
63700 311.42638093359613549
63800 309.71023453645256041
63900 307.69448125091696511
64000 292.28569341782326774
64100 309.39943570351215385
64200 321.83860750372446091
64300 292.1460985594562203
64400 316.99039777632629011
64500 318.61044126683390232
64600 317.69429509798334266
64700 327.54934742173094264
64800 293.0970901841536147
64900 313.45142785749715131
65000 300.79342854522849393
65100 299.29010166538904514
65200 305.94678818097844442
65300 309.41039244979839395
65400 304.11967659001152242
65500 314.38539294857139339
65600 329.14704745554354304
65700 315.03599171048244898
65800 297.67230545434131272
65900 297.07800220645111722
66000 301.7863936671149645
66100 323.83112219097898787
66200 312.96824575053653916
66300 299.41932801979243095
66400 307.50489832410488589
66500 321.16319812865640415
66600 329.47382242273289421
66700 304.57834898808442858
66800 303.72521370175621769
66900 325.26547088120889839
67000 320.24063713385106666
67100 311.71456605106959614
67200 333.04752264871967782
67300 294.64411610347332271
67400 286.57487691303293786
67500 303.7789363825151554
67600 312.92573937132141282
67700 326.49786180728062845
67800 318.07022859706893314
67900 300.8646358631560247
68000 300.24204984345550429
68100 303.7243013092657975
68200 310.67794108663815678
68300 313.74525070770761204
68400 291.92135898770101221
68500 304.73736733525873888
68600 313.13355734162917088
68700 319.35980580033083243
68800 310.31223951798057215
68900 294.97191921081042665
69000 327.99085891374943458
69100 318.77792799442551086
69200 311.50936797078526297
69300 313.83735400044940889
69400 302.37987258339279606
69500 324.05210749850118646
69600 297.19464943151433545
69700 301.35892777207362769
69800 328.14440423395626567
69900 310.83851481283267049
70000 324.93014343373488373
70100 306.68873441701492766
70200 308.04694075683659094
70300 316.88137865327718146
70400 307.89241656676227876
70500 295.34002291808360496
70600 300.37493178006923245
70700 303.13416935756566772
70800 324.68390036069968119
70900 323.15100570974459515
71000 303.60828047927907392
71100 312.87491699501521225
71200 308.3085157788841002
71300 306.85323733688335324
71400 308.48520082536037989
71500 306.7618506662386153
71600 290.21922841938408055
71700 301.93189765751714049
71800 295.68272993252759306
71900 324.79605372260039076
72000 314.11688359038464569
72100 325.48002191448404119
72200 301.5105984608237577
72300 302.03445852982798669
72400 311.99336551269800566
72500 320.81738476298022533
72600 323.91150253287565874
72700 302.75697010719881064
72800 298.26181793156871436
72900 309.88979873630546535
73000 303.90327311205055594
73100 295.97268744352658132
73200 310.51514381895714223
73300 323.00928424680756734
73400 328.60517479484599335
73500 300.0695655715801422
73600 306.44335792389944118
73700 294.55740674942416035
73800 300.2098083351164064
73900 319.18799330250567436
74000 309.60495778879362661
74100 328.4564434993994837
74200 317.02919222692781887
74300 305.90748881898332456
74400 307.64957635270559422
74500 288.95971870115647562
74600 303.19066195561725863
74700 306.73844070546044804
74800 309.62720996445392529
74900 319.92265073493865657
75000 313.86665404747600405
75100 307.09630522907474415
75200 303.80963475544723451
75300 316.46719421646349701
75400 305.9907913955244112
75500 308.36075615438966224
75600 315.35722440382153309
75700 320.18983931917244945
75800 320.6923646277597868
75900 317.91757724393590934
76000 318.17852495314110683
76100 290.08481562631152428
76200 327.90185254349404431
76300 315.81699507555589435
76400 318.87789165570637806
76500 312.22429002805091613
76600 298.76643654498155911
76700 307.34413712920019179
76800 324.83368242789737224
76900 298.05518215392442016
77000 305.99812277222758894
77100 300.5384224350044633
77200 305.18446477899880165
77300 306.61530672078555426
77400 309.44880935965534263
77500 310.94897232355373262
77600 298.13212841497892214
77700 290.05845505682407293
77800 308.22192833097795983
77900 305.02013752973988403
78000 306.48137628445641667
78100 313.96722261262561915
78200 307.14538247126296255
78300 310.37255712719110079
78400 325.79322768264881915
78500 315.06448866474147508
78600 303.8750738551084396
78700 284.88164135356419138
78800 309.90032850818482757
78900 314.99486906694619393
79000 310.04163201088596225
79100 324.96349859392773851
79200 302.34232387380683349
79300 312.80419239227609296
79400 310.60098246173390635
79500 303.93178475669975569
79600 299.29172557360050178
79700 322.46778652256523401
79800 313.67912696855398735
79900 319.56296078723335086
80000 302.62636312423120444
80100 298.15389938671330583
80200 287.34151099396461859
80300 308.4118919738497766
80400 313.4396926610185119
80500 301.71145180559693699
80600 304.82967378387070312
80700 298.70433430058631075
80800 292.68865650901756226
80900 313.42574313872091807
81000 310.76979264234057609
81100 323.78364959067494055
81200 284.41887991562612115
81300 309.86876491646148679
81400 312.29225383401666249
81500 326.18625418268561589
81600 333.85294930107664868
81700 321.65472548999952096
81800 332.54834775285712567
81900 303.01211109739188032
82000 288.13117497669543354
82100 303.40519250382487826
82200 303.71866807799148091
82300 303.57759326339919426
82400 312.31532755727488393
82500 308.61603377390861169
82600 312.46312442591232639
82700 296.97769664478272489
82800 310.38247101980169873
82900 303.9272942263587538
83000 314.95532548846529153
83100 301.25840746319516938
83200 308.11866234689085786
83300 325.99391269498750034
83400 308.93135482591486607
83500 304.42987174927935712
83600 320.96473076025864657
83700 314.6198300827205685
83800 307.20244822795638129
83900 305.66097595254348107
84000 302.85309712116929859
84100 316.95703096506014163
84200 319.11229115058853267
84300 319.01149828766693872
84400 316.27255742339565359
84500 313.75422164220782406
84600 304.74811504379471216
84700 318.67994952319082813
84800 305.14109456514819385
84900 309.58073279103632558
85000 308.11458331735212823
85100 298.46651189282351879
85200 297.04947678926606613
85300 311.40417289863808037
85400 298.73079712207720604
85500 320.67556880772451677
85600 324.93934860070845616
85700 326.47019967756165215
85800 317.86179667069745847
85900 307.80356639505259864
86000 314.19822378787785055
86100 311.50843076770524931
86200 316.72192852481862246
86300 308.41699782047328426
86400 305.90874155946625024
86500 300.29520922753818013
86600 308.76159858371988776
86700 328.51631173399039199
86800 317.46566907248848111
86900 315.02490507882941984
87000 311.65737734457150054
87100 324.68754837282921244
87200 308.91595750258733233
87300 302.49671159745224713
87400 314.33741785208155761
87500 302.34194622444050538
87600 295.72658573221821143
87700 309.77395803410774988
87800 322.20335699913999861
87900 305.10220967893258148
88000 309.43880704474236154
88100 307.81830032978052714
88200 309.88521465231985985
88300 311.65317601905297806
88400 333.23460919282075565
88500 304.83055133420884886
88600 303.36699960302865975
88700 288.73762443301131952
88800 297.30507346834775717
88900 328.63828395498569535
89000 323.13143102739337564
89100 309.84020728454242999
89200 296.18603922588357591
89300 304.42305468474569352
89400 323.61622277481461651
89500 315.24214911190847488
89600 332.0826362325404375
89700 314.3497685566996438
89800 308.54726549965266713
89900 294.4611223923903367
90000 296.9454925388833999
90100 318.60386036590057302
90200 323.81748392105373568
90300 327.21837862470607661
90400 314.66007810729581706
90500 297.21003243310468633
90600 312.36643641433551011
90700 320.88092059110567789
90800 311.75508423580697581
90900 307.02896578206434697
91000 311.38623763363295893
91100 306.32218434236312987
91200 289.27480017339343021
91300 309.68733832717890664
91400 319.62658177774233081
91500 292.43921863544460393
91600 293.85089450205344974
91700 320.36037664029498728
91800 297.63748024296620542
91900 303.22360337074388781
92000 300.47430742693177308
92100 324.70490679712366955
92200 315.60434940163577267
92300 311.89968157506132229
92400 295.03465277962101254
92500 321.13658296810740467
92600 313.2715958882591849
92700 311.71867634294983418
92800 314.53007375117755373
92900 310.04141497399234595
93000 311.6233353476406478
93100 292.78109010562513959
93200 309.36783830990600563
93300 314.38972061232300348
93400 316.64382625901259871
93500 307.63914907836755219
93600 287.72089754170724518
93700 306.51692981288135798
93800 289.22807589173635279
93900 319.4218735197327419
94000 322.06675419631432078
94100 308.82349255986309799
94200 307.18672086608808058
94300 314.66162756550971835
94400 320.23274640873808039
94500 303.0501994767680003
94600 302.78687143349230837
94700 309.45663927112667579
94800 303.59601617851643596
94900 316.53372741075372687
95000 323.18562834234313641
95100 302.83625964605755598
95200 321.14968163951442648
95300 327.15399828423977624
95400 306.01766798187986751
95500 289.7606593617314843
95600 307.33344326500611032
95700 310.52769233272238125
95800 311.45285049484067486
95900 314.10886650321845082
96000 314.72375140896252788
96100 311.75391279383615029
96200 294.23874822789173322
96300 314.21242978056199036
96400 306.29710465953382936
96500 306.64550522104747188
96600 308.85776787123512577
96700 299.75511266542162048
96800 319.26133833169342324
96900 325.22558599090962161
97000 303.54284910270604314
97100 312.20161521085594813
97200 329.37303312153835577
97300 309.39749399627260118
97400 322.92453479759393531
97500 325.19342018003459316
97600 301.77510817396040466
97700 310.59222133984002312
97800 306.26705584398604287
97900 302.27650506066271419
98000 311.52696992239060592
98100 319.10561098460925678
98200 292.93484798031818173
98300 307.79022318483794152
98400 301.35238103543650823
98500 310.91846899596811227
98600 297.38922922704591656
98700 311.56978057681396876
98800 313.7607962145317515
98900 323.10853099469164817
99000 316.56821075123338005
99100 307.80790073148534702
99200 313.42627981708682228
99300 292.2671867307818161
99400 300.77411662266433723
99500 311.68063247119721382
99600 314.85438636850483363
99700 302.16036633717953919
99800 306.19359252282953321
99900 310.12866448920260609
100000 315.36777459222810194
