# Fix print output for fix printTemp
0 310.00000000000005684
100 313.9089025717593131
200 314.55074058597358544
300 305.26258950652044177
400 305.24910121744414937
500 317.12787764382989053
600 314.82358517260684039
700 315.66186104687261604
800 305.71066259319076153
900 313.67967625537642107
1000 313.47130360334170973
1100 302.98534344670542851
1200 303.63583853267613222
1300 311.30560685051210612
1400 315.73439851978196202
1500 328.36453120535003336
1600 295.50447822135328124
1700 316.0201945706609763
1800 313.75301209277290582
1900 314.09284475066579034
2000 338.78008867714873986
2100 314.4844491465735814
2200 313.21375318971735169
2300 300.49547827597132255
2400 303.09979176092576836
2500 333.94107284335962049
2600 302.98571386188194765
2700 306.94754819443596716
2800 308.79774133462444752
2900 300.34274722611280595
3000 302.14811486021915243
3100 314.68178000048629883
3200 315.09506373038266247
3300 316.06222988839095933
3400 307.09204225213477457
3500 307.99887106242408663
3600 320.73959328180882267
3700 328.8440654252664217
3800 309.44783386969658068
3900 300.84189915766273771
4000 332.50760332536015085
4100 315.67382199226841522
4200 333.39793864108344223
4300 297.01096101277846628
4400 306.76623803783058975
4500 306.90843733000957627
4600 305.454468602449424
4700 330.85316264545787135
4800 303.65363570394652015
4900 303.11448036649795768
5000 286.72872543772047038
5100 306.70129767369115825
5200 324.66361256110667455
5300 310.1369939897215886
5400 321.3565469171597897
5500 295.32420557438308606
5600 305.39076965080431592
5700 311.81162804006777378
5800 335.96148863777619908
5900 308.94262355094019767
6000 305.35105093063310733
6100 308.15410170373883147
6200 329.39658122993256484
6300 309.30677435841658962
6400 299.62064204000984091
6500 320.41185514219267816
6600 316.5209109931146827
6700 314.45540107686616693
6800 290.84838289174530246
6900 303.49795032530897743
7000 309.79988234835002459
7100 293.54604303232963503
7200 303.09411252506265555
7300 315.1035056009670825
7400 302.32449393013115468
7500 314.9482289244985509
7600 322.69661381135244937
7700 304.00995284234045357
7800 309.14381038497015197
7900 311.85663905333728962
8000 328.19733663396067413
8100 309.60081603817235418
8200 306.88840687930786544
8300 320.86348955882198197
8400 318.03712233527181752
8500 308.50156745589498541
8600 308.02086854833532925
8700 308.16284068440126021
8800 295.60167742876654984
8900 299.1426147438152725
9000 301.83488009213181158
9100 318.1011089370983882
9200 317.38421312919319917
9300 306.68783069920817752
9400 299.93690751761562296
9500 305.40580330306022461
9600 308.42498590634630773
9700 309.96017811961183952
9800 308.50876009289402191
9900 300.14562287553434317
10000 313.42879967757323811
10100 316.47761078728098028
10200 311.61964945684724171
10300 299.06854640259268763
10400 296.01789591067284846
10500 322.03778968933829674
10600 301.96087501913638107
10700 314.94853916830089702
10800 299.23678710855608642
10900 294.65166951187700306
11000 307.00995923468843785
11100 293.14311928567263976
11200 309.13124257968627262
11300 313.43719550842035915
11400 303.25853082128509186
11500 304.82661806957401041
11600 322.99860914909731946
11700 295.39687099840512019
11800 319.45673245396835682
11900 319.73908653997199281
12000 301.08236094107854797
12100 302.69326502242694232
12200 303.38813012229888955
12300 303.57975971355028832
12400 302.94099609453934363
12500 325.04773123137283619
12600 306.83660576757125682
12700 304.9159908758993538
12800 314.61532810454093578
12900 305.88577703944736186
13000 294.39601346717603292
13100 302.82921154363782534
13200 301.86502781699391562
13300 301.32597171868195574
13400 325.77129345824204165
13500 332.54387023026663428
13600 314.71114600904314784
13700 295.9302970970548472
13800 298.76409444502394308
13900 312.92528115575385073
14000 303.98225386975008178
14100 306.18409995171032278
14200 304.61695971443077724
14300 300.35078495865235482
14400 307.59070583367565632
14500 329.71022874287461946
14600 320.43499753142947384
14700 308.76034803034184506
14800 295.99087226198889766
14900 305.23046943180384005
15000 320.93429497665886174
15100 299.85704475683729697
15200 315.01915744383472884
15300 321.05924559471537805
15400 306.80612031763126879
15500 310.88139847056089593
15600 306.87971121382116735
15700 309.48263526482548968
15800 298.19730516907753781
15900 321.9112742554548845
16000 319.31927839260976043
16100 311.52275133997164858
16200 299.6543627582773297
16300 302.09511127508591244
16400 299.48814955585487496
16500 309.17737020896680633
16600 317.65138115922883344
16700 319.07812523581281994
16800 291.5152122035941602
16900 295.56977584867331643
17000 309.05203692604487742
17100 307.05163266168949576
17200 305.85429712521789725
17300 299.05888223110730451
17400 305.02375109117161855
17500 306.97841797591269142
17600 327.3961329778247773
17700 315.47212590630152818
17800 303.62828339349397311
17900 314.17505658571411686
18000 325.35383590465158932
18100 315.83022451280430687
18200 301.93882924589695449
18300 296.92610882421962515
18400 302.57377851076142861
18500 322.33424837347763514
18600 319.71663830501159964
18700 318.78799287787171579
18800 306.35654730669875789
18900 310.56475745987819437
19000 311.60246871950079139
19100 297.82551275444751582
19200 311.71598348943075507
19300 318.93974614158918257
19400 312.05808009331121866
19500 312.45748597453399498
19600 302.92487432951804749
19700 306.20977296548625191
19800 310.64509527969556757
19900 306.9198651938880289
20000 317.91356292918459303
20100 316.18229048925229563
20200 316.61153576082574546
20300 299.6663529027798063
20400 305.23320863332031649
20500 289.20749038455141999
20600 324.84022706055321805
20700 318.0224070557389382
20800 308.51172276072219347
20900 289.82315679103766115
21000 299.436704758560154
21100 318.33679226066482215
21200 314.10401845080349403
21300 308.17694490269036578
21400 311.87007741696191943
21500 309.48616386172187731
21600 308.35717641888510343
21700 304.42885899954399065
21800 302.85999849105388648
21900 320.97345680529269885
22000 328.78513294405257739
22100 309.01300542966941975
22200 309.02790150951375381
22300 316.05616450592077626
22400 317.02838319425893587
22500 307.83922095516567197
22600 302.51388258185573932
22700 317.53359564847505681
22800 313.9555638672375153
22900 293.70478978970010075
23000 290.0355859364689195
23100 294.98462354472405877
23200 298.65313241220809459
23300 310.50796204783250687
23400 332.67008753302013702
23500 319.80596284614932756
23600 311.63162632110015693
23700 341.2578826422903262
23800 308.31271984984181245
23900 304.35655180930410779
24000 308.24057914874606467
24100 319.53419949045729709
24200 324.7719868130765235
24300 337.36144486820569455
24400 316.25572977346917014
24500 317.25166047302099059
24600 312.17814683001074627
24700 326.49172438962938259
24800 304.16539043541399678
24900 312.53231977463440217
25000 313.45947040211996182
25100 308.89234599202183063
25200 320.96896262251749476
25300 312.49315593396511304
25400 304.42452450244491047
25500 307.63035442347688786
25600 302.63211296325931698
25700 307.57542563225325694
25800 306.05460362159226406
25900 327.57191945791277021
26000 309.71159824739419264
26100 299.11175281471537346
26200 299.22149556467246612
26300 307.9305089476304147
26400 313.7837205625399406
26500 302.52786776419816306
26600 332.84390864542751842
26700 323.84310494842435446
26800 315.46637300590720088
26900 294.82040983662750477
27000 293.1541045797695233
27100 317.41325171450853304
27200 316.64446362937212598
27300 307.44367050820733311
27400 322.42700916445403436
27500 320.80987942260804857
27600 310.13412763974048403
27700 287.85946036224527234
27800 291.86511563042500939
27900 308.67517858454908719
28000 325.72294703761940582
28100 306.33303273719741355
28200 305.15023915969169366
28300 301.92361066441674211
28400 317.20956974206734458
28500 304.40860276515093119
28600 298.69486753841340487
28700 291.75824192652044076
28800 288.63432541785181229
28900 311.99779155149497001
29000 311.76393027337195463
29100 301.82774839877743034
29200 307.41755777542465466
29300 314.87735704401990233
29400 310.84803840939167685
29500 308.46421672502799538
29600 312.13342962611466191
29700 300.04350375657656969
29800 306.40276388037420929
29900 321.50721608311044974
30000 311.27211036728670024
30100 309.68036851841907264
30200 316.21835752109842588
30300 310.42152319237771962
30400 314.78286560745698353
30500 309.89837742924532904
30600 325.03953174340415444
30700 307.32836716854677661
30800 287.12022495872167838
30900 317.09497333778114125
31000 314.50158564923265203
31100 304.9265526637349808
31200 300.98168129208164601
31300 292.18653080211515771
31400 315.82874560924062735
31500 296.94038994154078637
31600 294.33465455062162164
31700 313.19051123864863939
31800 325.95838851549171977
31900 295.64428804459049616
32000 312.10207173858640317
32100 320.728197218831383
32200 312.72308971064751404
32300 300.17226045051472738
32400 296.89604354639470785
32500 305.40120232971935366
32600 320.69370314235794694
32700 324.64188428341645931
32800 314.7391693783092137
32900 311.62997438877584955
33000 303.13035001786471412
33100 333.36276188578943902
33200 316.56891423437286903
33300 302.10181752820625434
33400 305.21863896347377931
33500 307.21396953363057492
33600 301.57285676846919387
33700 317.68760794979596085
33800 330.31879437815712208
33900 307.74101075436487918
34000 319.09480734965734428
34100 317.46271593590512339
34200 318.76378323620764377
34300 311.28217203087797316
34400 307.61549004775355343
34500 289.32884034595662115
34600 299.84756354586130556
34700 311.14739372051855071
34800 310.3283676132567166
34900 300.95524265289736832
35000 304.63219663245456559
35100 316.72895327765837692
35200 327.67708522750348266
35300 315.38014191726881563
35400 309.83815871649863993
35500 310.28897613598650196
35600 305.35007793555195121
35700 301.34841851764070952
35800 316.9202082336581725
35900 332.70379375004984013
36000 309.76565344000289315
36100 311.32774475437048523
36200 304.30302392564931324
36300 309.83228230318167107
36400 308.73141717764514169
36500 301.44926414482142718
36600 298.48897293859664615
36700 327.16480795666768699
36800 311.74677771482106436
36900 319.81644701575027057
37000 305.56893290408106623
37100 315.2720028433753896
37200 303.16477900692149205
37300 318.3566646071049604
37400 311.27799835812112406
37500 309.36093217497540309
37600 297.56269417515198938
37700 300.44144537068581258
37800 305.96497742998656122
37900 310.47284148110935575
38000 317.26605742541534028
38100 328.9988304200347784
38200 329.36972339638089124
38300 316.69421886750194517
38400 305.92025680611459393
38500 289.99840209791443613
38600 307.15991293696873754
38700 321.09388602621152131
38800 319.85125635398856048
38900 314.08637442320537048
39000 302.33476121731126796
39100 312.26999973218426021
39200 301.49686966884701178
39300 308.11157295896566666
39400 321.5602337067884946
39500 309.55967986566361105
39600 317.63249252962066294
39700 332.24329911465002851
39800 315.12105476533076853
39900 317.43967837068151994
40000 297.00316207266678248
40100 305.20771364970266859
40200 301.83016764362048434
40300 290.78934814229904759
40400 315.40573310556726483
40500 325.09955078220974656
40600 300.76317584226876534
40700 302.81890073835842259
40800 319.71127733133573656
40900 318.38747625334627855
41000 307.69168958363786714
41100 316.29368051390156324
41200 342.42369753573649405
41300 322.30272091448858873
41400 312.90268173783783823
41500 314.25219024109946986
41600 314.56602835827465015
41700 326.89222854360389192
41800 315.12776086445882129
41900 315.28985644232756158
42000 314.48919689363651742
42100 321.38507229179236901
42200 321.49988772288890004
42300 304.43064792475030345
42400 296.64687176780023492
42500 304.84564276439232344
42600 315.75449694452834137
42700 312.93659478448233813
42800 312.98570007471670351
42900 313.88172354364144212
43000 299.34231903430196553
43100 309.56538850477022606
43200 322.5800205223686703
43300 325.51125811190297554
43400 314.72191216884158393
43500 306.6478704423489603
43600 302.77055635663663224
43700 316.83953316735522776
43800 321.1378331190524591
43900 293.10390332588758611
44000 294.65059962644772895
44100 312.23770781936650565
44200 325.2694157792675469
44300 312.59473174094790693
44400 294.55309511278016998
44500 306.82017247790929559
44600 324.83042932494475963
44700 311.06511842364380982
44800 296.69428392032864394
44900 310.91021037599597321
45000 322.78905251877699811
45100 304.54563907557667335
45200 333.40505599411648063
45300 318.50003149229382871
45400 314.75208198400855508
45500 313.05198230290625361
45600 300.55413582289179431
45700 304.32421072502069137
45800 307.08382065130115279
45900 326.86265287290524384
46000 304.52775932909003131
46100 305.68997888615194825
46200 310.59215427426960332
46300 322.9778554621241824
46400 312.28241068900035771
46500 307.76205257917303015
46600 317.80217591864675342
46700 306.05297894645821088
46800 300.46378735904335144
46900 319.92105977849593046
47000 318.71351318031958044
47100 330.26772768685742676
47200 322.13457075427896825
47300 321.28907866755247369
47400 306.68662382197919669
47500 307.31791281947357675
47600 327.11325329929394456
47700 310.15179298369986327
47800 312.3442483073386029
47900 298.53464797148171783
48000 311.97413198957099212
48100 289.37496483211327813
48200 307.24776380246709095
48300 309.06280746956036865
48400 294.50122856297781482
48500 313.2702909547733725
48600 306.9520044301358439
48700 303.62038286722378189
48800 310.8993679058470434
48900 299.15091904226346742
49000 306.20857338973581818
49100 302.53625480701174411
49200 300.57585711290465724
49300 308.25003925925722115
49400 307.83952875220739998
49500 322.23447926449239276
49600 309.72737028206546483
49700 307.42277876642515366
49800 306.12293906625097861
49900 303.43914647154667819
50000 330.8010819468369732
50100 318.42728092906560278
50200 294.11458894176587364
50300 311.42257150858733894
50400 314.54498590083738918
50500 302.88057776103289598
50600 305.29840606515989521
50700 304.68426177650616182
50800 323.35467779774774044
50900 296.10515067438944925
51000 329.89134285518008483
51100 312.6011370357275041
51200 309.06453958296725659
51300 291.2558724154215497
51400 313.32702700514732896
51500 315.92257862659732837
51600 297.86613526333349
51700 321.57798458960905919
51800 329.7594503897352638
51900 293.60240371210602461
52000 294.80617525317580885
52100 307.39101391898020665
52200 311.33043036854701313
52300 304.81424330594353478
52400 328.12871670304019744
52500 327.83502809706959624
52600 305.11644864860687676
52700 295.5865058024429004
52800 301.05645359139879247
52900 316.75893214555219402
53000 316.96386280242256817
53100 316.65670572965285601
53200 327.37120933339491557
53300 298.79900840667113471
53400 316.06855249189112556
53500 316.17906776142416447
53600 303.86126263724509045
53700 302.23097578256550833
53800 309.16668718824809048
53900 299.26229964361954217
54000 318.9981902545638377
54100 315.51461282402112829
54200 310.6729873217937552
54300 324.74047058909889074
54400 322.83694800749202614
54500 307.73045089664242369
54600 292.16127140768458048
54700 309.20850591624378012
54800 313.54742611281193376
54900 305.86186557536825603
55000 326.29497488979649233
55100 322.82294329937792554
55200 308.79130355510449135
55300 316.87111574527290259
55400 293.863899664929761
55500 300.66276539369255261
55600 309.44034692163501177
55700 305.07800547614385778
55800 310.60480071771519306
55900 318.02983012270613017
56000 302.42277852946045869
56100 313.99079086747713063
56200 313.28471883077190796
56300 325.40328285262819463
56400 305.14458179529481185
56500 306.55351014197736959
56600 309.9257767491890263
56700 303.57874666849568257
56800 299.75669984095060272
56900 301.96121805680473926
57000 310.6875195519777435
57100 316.8768535463527769
57200 303.39172550851895949
57300 297.48045864550130091
57400 326.2697819070664309
57500 316.86259450222348732
57600 310.97929432394079186
57700 296.83010717766399011
57800 308.09967767389679238
57900 309.09933941497041587
58000 320.16866339430828248
58100 314.0731719794735568
58200 307.80216218456479282
58300 299.67056996547063363
58400 307.35542245839275211
58500 320.91543561285266151
58600 317.30149342339990426
58700 321.89312993694346687
58800 302.30830639503381008
58900 284.9112132458728297
59000 304.30380292475479109
59100 314.51058332222839908
59200 311.18856715568773552
59300 324.45217475574020227
59400 314.38806481932982706
59500 310.28519470353666065
59600 308.80366789587725407
59700 299.39358451978318953
59800 318.99304006050823546
59900 323.86249694685909617
60000 319.65922489455476807
60100 329.98525643956975273
60200 300.77380869745468317
60300 313.27110086818350965
60400 306.21509418124998092
60500 307.33613185066559481
60600 310.80039396685475594
60700 317.14061555006583148
60800 311.17119393198140642
60900 311.77876075922995369
61000 329.26322109287843887
61100 323.10080717546151163
61200 312.02349486502441778
61300 313.28491943885876481
61400 317.23148151496673108
61500 304.45183961600201883
61600 303.98075856177797505
61700 297.26398630788247601
61800 316.29233209671485838
61900 317.6404846102313968
62000 295.6184337290850408
62100 311.64938679718108006
62200 314.26033641450743517
62300 300.67269021231749093
62400 323.57439460610299875
62500 313.08647066662899761
62600 307.46183370231830168
62700 318.05979376886836008
62800 314.13864779025658436
62900 298.42239043866754855
63000 338.82238091129772783
63100 320.24196866850542165
63200 296.93270125485736344
63300 307.012732788248627
63400 333.14594747484386517
63500 319.44821288748494226
63600 326.05785488274653972
63700 307.36950672913366134
63800 320.11677409035587516
63900 311.21190380297281308
64000 294.03768116771755103
64100 302.59547222775910313
64200 313.01627714207108966
64300 318.13053916509926466
64400 307.49656009095383524
64500 296.2411518858391446
64600 303.56743087717865137
64700 306.45598223615650113
64800 289.8191087994470081
64900 312.58482301165264516
65000 322.05067727546662582
65100 316.89080903323912253
65200 293.32229288339078721
65300 291.40586250550086334
65400 321.34043832086967996
65500 318.98108030756787912
65600 305.76151928494857657
65700 306.51335269583933041
65800 316.47711455499603517
65900 316.50393104772609831
66000 301.82953355752403013
66100 310.80944940226555673
66200 318.48781712970645685
66300 301.17670138003455804
66400 312.04010220942154774
66500 311.45881453436874153
66600 305.03445347071033211
66700 308.24561279895510779
66800 300.80254572224509957
66900 299.84201065051195201
67000 308.16639884015819462
67100 318.7394867595274377
67200 324.8710496523839879
67300 306.79008289131468246
67400 313.31263963239962322
67500 305.90618194929840001
67600 320.10060490191881399
67700 322.6295576499226172
67800 311.25063937284176063
67900 315.33950955708360198
68000 301.60815675737347874
68100 297.44974849726378352
68200 315.14936242314001902
68300 329.23366645109541651
68400 316.17623104567388737
68500 301.6591588905705521
68600 307.59531445518422288
68700 308.19685407452590198
68800 308.24019392353113744
68900 290.59121820940782754
69000 310.99217713596635804
69100 306.71749070607023668
69200 323.59417386951486151
69300 310.26669671435848841
69400 310.56038608930964529
69500 317.90440630877259309
69600 329.07619475240284146
69700 312.84249239609977167
69800 303.65018387220277418
69900 302.35129784133312114
70000 299.05565562285869419
70100 328.54276616256782972
70200 299.57354258532012636
70300 330.1083770995058444
70400 324.25582117892190581
70500 314.79906625366123762
70600 307.46603902948021414
70700 279.41691623155531943
70800 305.80332539560998839
70900 314.2394779723698548
71000 298.27461710739402179
71100 299.09020592380255721
71200 302.31412275060694128
71300 314.37467996644153345
71400 329.86585293915970851
71500 298.11408246919268095
71600 304.1815098824823167
71700 329.43081066760129261
71800 314.160590576674565
71900 312.90070392992487314
72000 306.82545645541591739
72100 287.84773637547050384
72200 310.55502935938937981
72300 315.02476250386723677
72400 303.3634215503148539
72500 303.76136403299034328
72600 309.61434469958845739
72700 333.18518680541887989
72800 302.84375980699292086
72900 304.73931020482848453
73000 297.64955227815761418
73100 318.22704110007151712
73200 307.64995570109692835
73300 287.61749002706920919
73400 313.22201798630607072
73500 300.37883351819965583
73600 321.44099791801750143
73700 303.57964310524005214
73800 306.28752906947448764
73900 332.70052027322248023
74000 314.68084443756663404
74100 317.44938255890684786
74200 337.12223959131330275
74300 316.17307417187731744
74400 305.63595519466406358
74500 291.87463085706190213
74600 303.03242922242350232
74700 302.66364374452342645
74800 300.62587200495175921
74900 318.45677722131460996
75000 304.20426453816617141
75100 293.97747226744354521
75200 310.43266613411242361
75300 327.00896922498458252
75400 302.88882312360925653
75500 339.92617654817598805
75600 305.3403968470009886
75700 319.59724220563970221
75800 312.71623814924407725
75900 295.24208653293163707
76000 334.68991835268809609
76100 302.01121699948112109
76200 312.8852311702202087
76300 318.4805500657439552
76400 315.87374324078365362
76500 322.4987027848558796
76600 297.34419711023707578
76700 313.98660922134695284
76800 305.08260448446145574
76900 305.99506835893907919
77000 320.35664523512923552
77100 310.81246793248351423
77200 321.07089187847236644
77300 307.64315758624758246
77400 310.39153286815621868
77500 300.82192593277898141
77600 300.16366426925111455
77700 300.83886166460939648
77800 323.53808987528293528
77900 300.83331515693396341
78000 308.90444655380326822
78100 320.95918541006699343
78200 315.12928606314619628
78300 302.0226646617374513
78400 311.71373564965870173
78500 312.97970846832612324
78600 299.95411501777209651
78700 303.40473113182986253
78800 306.65305247046444492
78900 329.04389129127821434
79000 310.81184525836937382
79100 311.13032223203782678
79200 308.49680821414608545
79300 297.21771863359560939
79400 293.0820710843361212
79500 299.88973081428281375
79600 323.32549594783210978
79700 319.6138411212764936
79800 308.78877412259771518
79900 304.63172866839499875
80000 315.08696184603900292
80100 302.73010110972700204
80200 308.47286580285776836
80300 308.30670387088326834
80400 317.91168398956699548
80500 324.98325711527763815
80600 320.43891399620360971
80700 339.01080491619762824
80800 301.98658021423455011
80900 305.19676782085736022
81000 283.21941128346395544
81100 303.48510223650743001
81200 293.72476083697313243
81300 312.71231283540186041
81400 314.7085506084100075
81500 318.53576703714713858
81600 315.95764873369870429
81700 311.05918470106843188
81800 304.21732922153159961
81900 310.07910186220561854
82000 297.95500024375206749
82100 326.82566319615187922
82200 316.04350658787535622
82300 305.84782429225231226
82400 308.2353055528179766
82500 323.881970094084636
82600 308.65705476342196789
82700 318.20653885803704952
82800 300.27178293533381748
82900 309.39774845039897855
83000 300.53643491926436582
83100 303.26530452963692142
83200 327.31664289558858627
83300 320.2377785370514971
83400 299.06619905282997252
83500 302.23055194991383132
83600 299.74200733585092848
83700 307.53220871859360841
83800 309.76926708774465169
83900 320.18371158457455294
84000 331.0770285628466354
84100 309.63175676652764423
84200 292.15584463684677985
84300 322.47090281648434029
84400 317.34546849768616994
84500 292.89879433034894873
84600 304.52907521597978757
84700 308.98461902523916933
84800 305.62560957405526096
84900 291.50002177642795687
85000 313.34263670387161937
85100 301.83207378631516349
85200 290.43784472341582159
85300 317.5563534406073245
85400 309.53995721826413501
85500 300.77523769804417952
85600 317.08647193334053327
85700 302.85305712760799679
85800 302.44476733676583535
85900 322.09269318340375321
86000 295.70835850033142833
86100 301.71367984215828528
86200 302.31328533442962225
86300 320.43683307023820817
86400 300.4087518265757808
86500 308.3424616760482877
86600 313.18968180205092722
86700 331.93255501063845259
86800 306.16730565894675919
86900 307.65497385743884706
87000 298.43068148346804946
87100 313.50439966862541041
87200 322.03539451679193917
87300 285.96623573509549487
87400 290.29945511234086553
87500 315.21924240512873894
87600 316.93686572230438969
87700 308.69433588646035105
87800 305.79408263386869749
87900 314.66511801844148977
88000 333.43415254519925384
88100 318.69458996039355725
88200 316.5278482308852972
88300 297.60062336114975778
88400 312.20519727223592099
88500 301.69102983498686399
88600 302.03910600987796897
88700 304.64553108543776716
88800 294.85200196243425808
88900 317.30746880405575894
89000 316.18179654830549907
89100 301.35917272954196733
89200 305.38665170550768835
89300 315.57972707916519539
89400 317.12397712120997539
89500 314.78218193380666889
89600 324.22055935625502343
89700 299.39491499015099407
89800 316.80930711293723334
89900 323.42802221085588599
90000 304.76228976669386839
90100 313.48493266852341321
90200 317.05280126541651953
90300 319.39103610980765779
90400 312.17084495229693175
90500 311.623825635226126
90600 305.72500094118601055
90700 314.50459865191220388
90800 305.45105933063217662
90900 309.48282982778437145
91000 313.71439511175663029
91100 302.55670704072787203
91200 325.4910238308694943
91300 303.99435229746256937
91400 290.28865518784982669
91500 319.96823737772808727
91600 321.1047680939071256
91700 311.1739222421846307
91800 315.16531448982937036
91900 298.71167873098494283
92000 307.94356923411169191
92100 322.5636557925366219
92200 322.27047084075530847
92300 310.59516250949269534
92400 312.28754448208189842
92500 308.26251129937077167
92600 325.87201022561475838
92700 320.66922333457347349
92800 303.80956993349570894
92900 294.90770486073500933
93000 298.82145657778301029
93100 310.81860777911958849
93200 332.83580261395007938
93300 314.99889253425243396
93400 305.96249423712345106
93500 331.23243472605878424
93600 303.25868159421031578
93700 310.37665696021923623
93800 294.85820506457895362
93900 317.34652914792843603
94000 333.78485846902731282
94100 323.38281897813004662
94200 301.34064066895814449
94300 301.95638798304923966
94400 309.42235280725714119
94500 303.83936850860010281
94600 285.29498587476462035
94700 291.57177520942997262
94800 308.70287021643241587
94900 297.44572145712589872
95000 309.05205627555460524
95100 310.02086660479318425
95200 326.85359217365692075
95300 318.81216109951532189
95400 301.65528722396817329
95500 302.66016818030993818
95600 305.05608046956871249
95700 299.85784949691577594
95800 306.33235939329375697
95900 313.91954302746506755
96000 312.17012114361341446
96100 302.26264430712689091
96200 296.59810665120221529
96300 304.05255053020562173
96400 317.76854114784305239
96500 339.5553995098591713
96600 306.63298798205511275
96700 309.58251130729280476
96800 306.44477018933292811
96900 331.62921531715545598
97000 328.44111453729175309
97100 286.12945256129279414
97200 314.14342239290635916
97300 317.20908929875668036
97400 303.64548422815363438
97500 310.02855326613666875
97600 305.48166872568822328
97700 311.19328804626928786
97800 317.07643291969793609
97900 306.4309456501204636
98000 302.99250272623885394
98100 295.52254587053693058
98200 304.90596238917817118
98300 317.83856470477763878
98400 328.04281326415417652
98500 311.7322062421613964
98600 308.48498600407504
98700 300.13721309770892276
98800 291.00224008223449346
98900 315.16864569247218242
99000 301.89934224134191254
99100 297.96384230752391886
99200 304.92816964766285537
99300 308.13956215104957437
99400 316.38404151592249036
99500 342.12665125817295575
99600 306.41591262934514361
99700 315.76349046900668327
99800 327.66430311743766879
99900 329.94187076169993134
100000 312.32388159878030365
