# Fix print output for fix printTemp
0 310.00000000000005684
100 309.86694767521606764
200 304.6951165940635633
300 301.39703370590262921
400 309.96363110619313375
500 311.72207133074658714
600 298.201810134438972
700 308.67884757265790086
800 308.98666310214252917
900 309.32165861650059924
1000 313.85443838204298572
1100 312.17905477175582973
1200 306.39201795658647143
1300 302.3328640455984555
1400 317.64060138153649859
1500 311.48061514400774286
1600 331.88230839667602368
1700 297.29855364421456443
1800 310.93298464134630876
1900 319.15767102128427268
2000 336.2009449552919591
2100 298.17099575825864122
2200 306.9088680936106357
2300 311.23403152692657159
2400 288.65955118001460278
2500 311.55183705973166752
2600 299.74818227630441925
2700 290.62499530340750198
2800 316.33619296413797883
2900 311.15003137590139204
3000 282.58395593053455741
3100 298.97678492188998689
3200 314.86227223251455598
3300 338.505923441590312
3400 321.8740802985757341
3500 303.4607153600823608
3600 295.34479916192987048
3700 308.08762536764612605
3800 320.72444928037424461
3900 317.05957920958792329
4000 311.69757621353409149
4100 328.78988475639266653
4200 322.13992568250671411
4300 309.63451491318761555
4400 292.86876617543208567
4500 305.94326950079317839
4600 312.70481615317214619
4700 326.64480006122141731
4800 295.43647799226539519
4900 291.27030893897733677
5000 292.75723311904619095
5100 295.14095511982941389
5200 305.09832927353238574
5300 296.23337708615127895
5400 332.43364771382908884
5500 324.505847333073973
5600 299.25070870821815561
5700 311.79289055497378058
5800 316.59236537935294109
5900 309.68423441868907275
6000 298.9956359932457417
6100 324.1304780164682029
6200 317.31774971561253551
6300 311.51610604948604077
6400 312.62876677805979853
6500 310.74335803257065436
6600 303.24782856497705552
6700 305.5695985816506095
6800 300.6699388678985656
6900 304.3195124010338759
7000 312.40873381834234124
7100 305.99509612677462655
7200 314.92134201559775875
7300 314.2250573279682726
7400 306.41987282376891244
7500 311.83335077426744419
7600 317.61229235477446764
7700 306.00754254081533645
7800 310.27310701130585358
7900 303.81845509884539069
8000 310.34068516019146955
8100 300.07018046607720407
8200 302.7484304763580667
8300 312.55026144244118314
8400 294.54435005571815509
8500 312.15775347002642093
8600 300.96090271205753197
8700 304.72090498548868709
8800 313.43184786289737076
8900 296.82044316458734556
9000 302.32785995236298504
9100 327.63104520780780149
9200 327.86763801725510348
9300 306.00467722659266201
9400 279.77618709035715483
9500 310.76479745663749554
9600 296.03934819587658467
9700 317.55309787267970023
9800 316.80434707897427415
9900 342.85665829418326211
10000 320.66774451485395048
10100 320.27711301066557326
10200 314.45431299142200032
10300 305.48279266829871403
10400 304.12456807592553787
10500 289.77418439326027055
10600 311.8561648732500089
10700 303.26557114783418001
10800 318.74240016864712288
10900 302.41108428045117762
11000 307.23020984012759982
11100 306.36281139417604891
11200 326.99946628686706163
11300 304.87486807112782117
11400 316.29146173730600822
11500 309.52608095545076594
11600 326.851033787586573
11700 309.12815468442425981
11800 316.47567470109646592
11900 320.540844725150464
12000 320.74319475824876235
12100 311.43247636510051279
12200 308.00420190214742888
12300 305.46162009466615928
12400 312.35243850717409941
12500 303.11881112157971074
12600 316.15346126023183615
12700 316.9824760006492852
12800 322.17649647587194295
12900 318.28887089629682805
13000 311.13326074486553807
13100 280.9724023336071923
13200 312.06058339827330883
13300 325.96914832322414668
13400 314.83201849332090205
13500 309.21457071780417891
13600 304.42443906419543964
13700 298.15469355545297958
13800 317.56549642164816305
13900 322.19518689012727464
14000 304.16534651775327802
14100 308.97307947837612119
14200 315.79723184371226807
14300 303.22077636890600161
14400 294.10538954366177222
14500 298.47024390227238655
14600 308.0160805086437108
14700 300.86556333714611355
14800 288.98874795520259795
14900 304.16123010693655715
15000 319.4756632450873326
15100 303.37574232716451661
15200 309.93850706789197602
15300 310.80234450306085137
15400 307.52615752307787034
15500 310.09197080690927351
15600 297.91354528108422528
15700 310.18614852948923044
15800 309.99418621199498602
15900 307.9713243075381115
16000 306.44914429091249986
16100 301.58345904415136829
16200 301.39211305285817843
16300 294.48762638893384747
16400 290.60952007839961198
16500 295.0100060331059808
16600 311.20867455788902589
16700 311.59299594835277958
16800 306.68851328301184367
16900 310.96107252016264511
17000 316.75395985048652392
17100 312.0884823768201386
17200 307.48654633152449378
17300 315.39069246305206207
17400 322.1630328642631298
17500 309.08523716292637573
17600 301.333902483773727
17700 333.82705564312243496
17800 310.8717118680291378
17900 314.56522654316160015
18000 291.74008980315181816
18100 308.31358975904390718
18200 315.36319064461292783
18300 318.36888764000644869
18400 320.36879552856720466
18500 307.33063777201692801
18600 315.99390090028327904
18700 309.42662301027178273
18800 300.39375796335639279
18900 300.6697514485422289
19000 309.05068369876858014
19100 290.8029167886456321
19200 314.60482355384101538
19300 316.04452433781011678
19400 324.1192462864540289
19500 301.96817534716132059
19600 299.71380964957523929
19700 313.17950882270980628
19800 301.91588258681900925
19900 321.74310768171528707
20000 313.29001325801306166
20100 302.77891413339057181
20200 304.60276260720740993
20300 313.92993374874060919
20400 311.11763835015574386
20500 290.5743260524251923
20600 300.94949681663081265
20700 315.77419078893524329
20800 313.05642483999503156
20900 298.75254644141449489
21000 309.38699146355094172
21100 318.83046224908343902
21200 311.27028539673119667
21300 315.13951861045001124
21400 298.73096445039846003
21500 303.21106671214982953
21600 309.6959662423881241
21700 310.4190097785314606
21800 298.90081309199479165
21900 317.0726935026806359
22000 313.68772386437927935
22100 306.12944988881554309
22200 310.73072521557031678
22300 300.92819013078747048
22400 285.22954797227646395
22500 322.94199735713067412
22600 330.91225526634764265
22700 319.71407266445663709
22800 304.46245261982221564
22900 297.1113524037056095
23000 311.38116915537892737
23100 314.80286130636096686
23200 317.60508333184372987
23300 330.14129935781880931
23400 304.93982854988928466
23500 303.9433492905619687
23600 306.81493922862330237
23700 313.38882787824434217
23800 309.32652812610911042
23900 287.09404836007973927
24000 307.34732282147547267
24100 322.71242342884931986
24200 313.0228583162500513
24300 293.11147754908705565
24400 307.51982349572966768
24500 317.89503932784128892
24600 302.3503110467421493
24700 292.34877035616119656
24800 311.70737854176456949
24900 317.52831181679812289
25000 306.06550541359905537
25100 302.09867876600890213
25200 308.46904582841352749
25300 314.94972145995905066
25400 311.30950769592823235
25500 324.49878338070328709
25600 304.7568496300515335
25700 297.13735881138183004
25800 318.47269106307118136
25900 307.60835502818298437
26000 303.65196879420591358
26100 313.05968832650427203
26200 315.17384970879578532
26300 302.30719516598679775
26400 309.92174991103678394
26500 324.89344976978514978
26600 300.86487452011658661
26700 312.44133646360785406
26800 317.19916127805987571
26900 311.73715612881113657
27000 308.08558876801578208
27100 292.20378854665227664
27200 301.92661972688978267
27300 302.02197286414013888
27400 307.81712463740205976
27500 320.5372455270906471
27600 327.13137149509213941
27700 298.1800527052236589
27800 298.63028946641287575
27900 328.79340053184142789
28000 312.32922604011935164
28100 310.50182144044595134
28200 302.72798349466773971
28300 298.6049133706721932
28400 311.72389382126766577
28500 300.81900947572967198
28600 322.93199797265856432
28700 297.64940862822152212
28800 299.97319003277448246
28900 337.6042380642196008
29000 306.099358090387625
29100 304.42522331858668849
29200 314.76197247869100693
29300 314.56618027968136175
29400 304.83023679892107793
29500 291.2977971167010196
29600 313.08506727189592311
29700 316.78788955245613579
29800 312.79089583437718147
29900 301.92942907082641568
30000 308.48575795559327162
30100 312.04734638399003188
30200 303.45777816568244134
30300 305.08589403885633828
30400 320.21989825070994584
30500 331.84092702718936607
30600 306.92946869562109669
30700 294.52709858188529779
30800 293.2826102442417664
30900 310.59528985120289235
31000 303.70630157132666227
31100 317.9327541360152054
31200 303.53279155289874325
31300 309.22806355082121854
31400 309.90778184356770453
31500 326.72685690874561715
31600 310.71797420437815163
31700 296.27837654454577887
31800 300.07609195198324414
31900 322.4134298531542413
32000 285.53395326029612988
32100 305.23639707362531226
32200 320.21249889155853907
32300 309.17483357440016789
32400 307.95082256998892944
32500 300.09938960404718955
32600 329.68646816079387918
32700 299.51948506960735585
32800 310.10448773643565801
32900 303.97490137477927874
33000 303.29284220777901737
33100 305.38889538104416488
33200 315.5256139620841509
33300 321.10352185447925422
33400 306.92130784234217344
33500 295.79759087270554119
33600 290.89219113875213907
33700 303.62071608684016155
33800 303.15987209102968336
33900 317.17375982050515404
34000 318.14702269190155448
34100 332.5148543091561919
34200 308.29326497223490833
34300 303.8421870201279944
34400 305.33554110263463599
34500 325.36374473221883363
34600 323.28844365406939687
34700 324.2484590511209035
34800 302.57651812555553761
34900 299.98583352672704905
35000 305.85615858529774869
35100 310.89996844920972308
35200 323.41392452537331792
35300 310.47038666660915851
35400 297.46754378993512091
35500 304.22652643247954529
35600 316.91798527339864222
35700 327.99187442543444604
35800 317.59313757732496697
35900 312.71178680553396134
36000 306.88297314964228235
36100 306.43672731223097117
36200 325.83294916480684833
36300 317.58054451873897506
36400 310.1487972380596716
36500 319.76793274219278373
36600 311.03573915532319916
36700 336.22741207474274461
36800 298.34840999153311714
36900 297.2859344064393099
37000 309.53222119557170799
37100 305.21483140835744052
37200 319.62878820065606078
37300 324.91402690658793517
37400 302.74710439138891616
37500 301.17586783726056865
37600 304.96051243027631017
37700 321.36343541319638462
37800 316.86707882027360483
37900 307.07992878885647769
38000 312.77303860404748548
38100 295.49852967917445312
38200 296.53435008848123289
38300 316.04741306898034736
38400 323.6391401159832526
38500 308.72816755593800053
38600 310.98413798983540346
38700 305.43722914589136508
38800 334.51868537078803456
38900 312.50941062498060319
39000 318.28403403838501617
39100 312.89774460583561222
39200 316.49495382712893843
39300 311.79530542333753829
39400 311.63401126784759754
39500 315.31494998253310769
39600 301.88992079751255915
39700 308.728227991222127
39800 313.5980738531334282
39900 324.00633322451312779
40000 316.29316275751824605
40100 324.65647692209847719
40200 310.75021957517554938
40300 329.96945050230158358
40400 303.72221633254611106
40500 296.26474860040400472
40600 300.33576617436483502
40700 305.74237003192416751
40800 322.27328086107769423
40900 315.15773924027951125
41000 304.53832971325408607
41100 299.83079107839404287
41200 326.80378999584797839
41300 314.36844431994921933
41400 317.68797564260927402
41500 295.48999765590963307
41600 315.07973509053601902
41700 317.00137726318155273
41800 315.14919542793109031
41900 317.57858778714029313
42000 297.12146779202714697
42100 299.49137027589580384
42200 312.08535265916623302
42300 306.09343061386840645
42400 311.13942402890472749
42500 324.74710819458397282
42600 319.91165039143982085
42700 311.19290327860016987
42800 290.42024908239051229
42900 308.76673245745763552
43000 312.59335320661915603
43100 304.77352985525652684
43200 303.09312596863111366
43300 301.86252746360941046
43400 309.41458229305038685
43500 308.92332862166131235
43600 324.76947931972756578
43700 296.92591927337218749
43800 302.35699728096045646
43900 304.37567420554876207
44000 296.92521457502056137
44100 314.90372321526007227
44200 314.47234437335322355
44300 327.94279576055095049
44400 309.56869643193124375
44500 303.29804191440979366
44600 292.18946400056711354
44700 304.96940711467038909
44800 312.59303991283252344
44900 313.28625458533048231
45000 318.68240066112821296
45100 325.59318380123181669
45200 323.1756906904086577
45300 317.02525727774565212
45400 294.44429009611894799
45500 304.49027298946418796
45600 310.27744322325861503
45700 317.94172320960973366
45800 310.17389293649961246
45900 330.41508131553655403
46000 323.07683912570280427
46100 301.75941922036395226
46200 289.26224434919356554
46300 311.24996754276804722
46400 295.00125196668057015
46500 303.52396651477459955
46600 325.18639473329238854
46700 312.70177828731777936
46800 322.54848044240031868
46900 319.52348396096010674
47000 318.05416221544493283
47100 302.61403181083369418
47200 299.34802955528687107
47300 322.40811514862855347
47400 305.88055465765609142
47500 294.52001828189622756
47600 309.22685118222472056
47700 324.76705629925072571
47800 316.88332444272174371
47900 294.35004219068929388
48000 296.30118680714031143
48100 314.88363315533456444
48200 310.17027646754542047
48300 330.32194189798127582
48400 313.54011249636477032
48500 310.19063126552100584
48600 282.72018842249866566
48700 302.81031744349206747
48800 303.34271862778223294
48900 307.81813317996130763
49000 306.98894607069712492
49100 300.36421684372510299
49200 317.29755701198143925
49300 310.75079443035826898
49400 310.00435245548129615
49500 313.15703089159808314
49600 302.46950288118426897
49700 307.25150596352460752
49800 311.8434115487100371
49900 310.44769554184142635
50000 305.66842270650477076
50100 316.83156444827125142
50200 312.52793111893612377
50300 305.87271753224189297
50400 299.41614455350577373
50500 317.75843625356861821
50600 312.5100426830131255
50700 305.12925564837092907
50800 292.59621688318941324
50900 304.26347683903833286
51000 314.48155115166997575
51100 322.94016419012046981
51200 328.12300502746074926
51300 305.19814901151642061
51400 306.97676348598417917
51500 289.31965466793656105
51600 309.8606264861176669
51700 322.63655603796826199
51800 320.81934870673700289
51900 305.03762731623419313
52000 330.93993173770707017
52100 311.6961066847813413
52200 288.4254385027279568
52300 308.11186166298710987
52400 304.8213726714745917
52500 308.02628323684427869
52600 308.30063039175632866
52700 294.16485854753278772
52800 308.05043113673747257
52900 311.10692013842270853
53000 314.44663915086198358
53100 327.77675295205619932
53200 317.47675270399059855
53300 307.47268170466679749
53400 292.01110776085602083
53500 312.25350952392261661
53600 307.05372861596731582
53700 300.41430746379973016
53800 310.95440187567345447
53900 318.46507162194677676
54000 307.38264362255682727
54100 287.36443570837360539
54200 300.57504741881143673
54300 304.99182304787473186
54400 304.62483302842605326
54500 329.71918903453649818
54600 301.09531320264346732
54700 310.25430545119451153
54800 282.40112269999599448
54900 308.38120688415273207
55000 305.79355868605398427
55100 312.46385980502913071
55200 303.79891372687217199
55300 303.34203753746567145
55400 299.02240084069893555
55500 312.4031623833826643
55600 317.9967592633574327
55700 312.21686823523589283
55800 306.03843187390066305
55900 306.80455024242240825
56000 296.23263036671221471
56100 310.81137795505804888
56200 313.4421468040519585
56300 330.06782168285616308
56400 298.6772563745009279
56500 306.22472192123353807
56600 314.38940990935094533
56700 300.42542211142517772
56800 294.99193891864251782
56900 300.7303374279235868
57000 312.03756675139788967
57100 326.6382680857478249
57200 317.83521543116523844
57300 305.79378696115912817
57400 299.80231816085358787
57500 313.18657604994695021
57600 316.69878945384874669
57700 318.16351270749936475
57800 313.82249008096692933
57900 310.82990090765571267
58000 293.47580239730837093
58100 291.98528762275475401
58200 308.24492725138077276
58300 316.60551281879645558
58400 329.80807976452280172
58500 312.11735395888308631
58600 305.69021614205280457
58700 303.07655993041663578
58800 315.38573401228438797
58900 290.20775419322797006
59000 308.74072087663682851
59100 316.63421066855147501
59200 305.29922053727858611
59300 299.80382598440797892
59400 300.41832717318777668
59500 303.69794257863105713
59600 301.46927710627699071
59700 314.02262945985825127
59800 330.86145626383836316
59900 305.33653188205249762
60000 300.41314412618686447
60100 316.22938206247937387
60200 304.08158063724766862
60300 296.85937660189313192
60400 307.86791583378180803
60500 318.23947542005254263
60600 314.31676661882249846
60700 301.54358809185845303
60800 303.47619461776054095
60900 294.20438730306426578
61000 301.5545511342915006
61100 299.85385688546949723
61200 318.39746303109745895
61300 308.28863320552056848
61400 312.42136601017210751
61500 320.89324844274983661
61600 313.07636791677856536
61700 311.74248955143173134
61800 303.03509480922576813
61900 292.50732748645214087
62000 308.03702240834144277
62100 292.98539895579983749
62200 315.45964772096323259
62300 312.82271190094019175
62400 336.11679313200272645
62500 326.67168844600627153
62600 313.68407199906465621
62700 309.84884167750078632
62800 322.86992588086138767
62900 313.23565102972833074
63000 310.47551320609090908
63100 295.21228906758807398
63200 303.03445284559245465
63300 309.41978933669309981
63400 315.76139564749308875
63500 307.64026905939283552
63600 299.58200354282331546
63700 308.36142971212098018
63800 320.28498936487102355
63900 317.97187579404049984
64000 319.0753705120892505
64100 311.06643762196989655
64200 297.77410576236934503
64300 291.36698321127136069
64400 297.54787336673138043
64500 310.86329890882024074
64600 329.26245644402371227
64700 306.34389304971466572
64800 299.37851038823021099
64900 302.21991991607910677
65000 319.97395775438309329
65100 316.58036213740984977
65200 314.31084268873865994
65300 313.75670151431080512
65400 309.55137057002372103
65500 320.88794205226133727
65600 314.18760244818281535
65700 310.99238373503766297
65800 292.89048772921796626
65900 298.72684881304394366
66000 314.90737481160846301
66100 331.20607109576872062
66200 324.15634625450684325
66300 312.35907217673707237
66400 305.50380056445760601
66500 305.23428079600671481
66600 297.46425969636652553
66700 317.86551257671061421
66800 312.77590534089836183
66900 307.68929210461953971
67000 304.89012121873304295
67100 294.04480466752727352
67200 300.56388199438589481
67300 302.60087206053896125
67400 313.33384573289680475
67500 306.91348943261664317
67600 313.47732738285992582
67700 288.67190403118763697
67800 309.85274675247916321
67900 316.90480811319071108
68000 336.33741994144298815
68100 320.0179502872445596
68200 307.25004159387123082
68300 298.41304735117546443
68400 299.41573941722560903
68500 294.96055303021023519
68600 324.90640928485368022
68700 321.08538324568479538
68800 304.31451665109318583
68900 320.21952972937481263
69000 314.03464414117485148
69100 295.55091280188213432
69200 306.39234365565249618
69300 311.65572138871800689
69400 295.90005596916898867
69500 301.96767931071792646
69600 319.73659664799015445
69700 329.27585111281354102
69800 309.85230015887606214
69900 294.92402356424514664
70000 286.91540558550667583
70100 317.25513292087327955
70200 307.31080937926299157
70300 313.80279141875098503
70400 334.74371908397358766
70500 331.38812088316382187
70600 301.45362286191135581
70700 315.72980060071739672
70800 302.04826110052113108
70900 290.68011216648682193
71000 312.21006958064344872
71100 325.83005159348158486
71200 311.02900629395702481
71300 296.67266104518176917
71400 310.09345760040235973
71500 296.76639040462919183
71600 309.58064476380803853
71700 307.45149625747751543
71800 322.60420428496689738
71900 316.1232189713393268
72000 303.17414491629176609
72100 295.49249246308795591
72200 300.8080263397837939
72300 294.49294815485939125
72400 301.48595520236028733
72500 318.39458601043719455
72600 311.6805000314523113
72700 306.42102333618214516
72800 301.85103866050104671
72900 319.59044232731815782
73000 320.31095731913575264
73100 303.59193782739220069
73200 298.41711598537625605
73300 339.51103164570736226
73400 310.6243517987493874
73500 302.48287595879730816
73600 310.47655461200611171
73700 316.54089373199803958
73800 318.71050719602288837
73900 319.5038879897552988
74000 319.51786611873075117
74100 297.31231011284035048
74200 304.64026964110462359
74300 311.97741381538884298
74400 302.2072645866496714
74500 310.49810171308428153
74600 327.98633955611046531
74700 313.98305613995415797
74800 305.9693443004290998
74900 297.70410434850441561
75000 297.15268992540813997
75100 319.30803299933978678
75200 333.99545378132228279
75300 318.62275896147900767
75400 310.30453152821161211
75500 286.73401615263338726
75600 293.41358656030104157
75700 306.81266706337549977
75800 326.57289663012858227
75900 304.48965166008997585
76000 297.1235211088600181
76100 314.33513805259809715
76200 300.74965445431990929
76300 306.72900988401721634
76400 311.25285051551981041
76500 299.74887847828887288
76600 307.15997561381260539
76700 293.38914298971383232
76800 318.57097160645122358
76900 311.4065937542106326
77000 315.2826851158787349
77100 305.55946165342936638
77200 300.24501938883531693
77300 298.26635591820189575
77400 318.40520744913783346
77500 314.37293701455536166
77600 316.51997884964242758
77700 290.60614029974038885
77800 306.43600402970020014
77900 322.91045449757410779
78000 297.68330495169874439
78100 303.50015093653689746
78200 295.81171923491257303
78300 316.67889031214065199
78400 313.49178500213469079
78500 311.72433797464225336
78600 307.27268629244122167
78700 298.88927333685330723
78800 313.77892322797629276
78900 297.27037131836982553
79000 307.60941088804219135
79100 309.5755842077910529
79200 299.46942314180466838
79300 296.92877729730525971
79400 313.71171773974248254
79500 302.82582298339974614
79600 298.04949802983225027
79700 332.32352063197885172
79800 320.67879866154760293
79900 320.80450938867738842
80000 296.7786857576987245
80100 298.84706309634714216
80200 306.97308669359227906
80300 326.85218313216324759
80400 317.70415416582272883
80500 296.3564205361805648
80600 308.3722558989928757
80700 319.67067356030167957
80800 306.89046922829214736
80900 293.36513886413706587
81000 311.04212906985651443
81100 319.30965944580452742
81200 313.00593640463273459
81300 290.27341305794544724
81400 313.06939038121203112
81500 307.65540629975021147
81600 299.85360882879240307
81700 299.31812279578070957
81800 330.31627536959507552
81900 327.22044824464569501
82000 307.39944933910373948
82100 323.67189693670320594
82200 302.22970965501144747
82300 308.83496955446355514
82400 301.22624603904148444
82500 318.36771299583585915
82600 298.26551369295498262
82700 302.92056136654167631
82800 316.019014742030663
82900 305.54083449996778654
83000 295.55424331018855355
83100 292.31814377006020322
83200 304.82190224804446643
83300 336.46765512267563736
83400 325.21373158658013836
83500 322.00424260436523127
83600 304.40813003290531924
83700 313.25504657526539631
83800 313.03904039162563322
83900 303.01226483287683777
84000 306.13244880914584201
84100 322.1135208559466605
84200 297.78774486153690759
84300 313.69403439618963603
84400 313.77473925233164209
84500 301.74241357429463051
84600 326.29427098233054494
84700 316.60138774920568494
84800 294.78907807470278613
84900 315.85579101026957005
85000 308.24025424120219441
85100 306.86904211376827334
85200 309.11966300885256942
85300 313.91055587867833765
85400 310.76250520383700859
85500 306.86189668412043829
85600 298.59251829872039252
85700 304.87015559384900598
85800 327.77271706499686843
85900 320.84285648666383395
86000 294.73648955040096098
86100 291.18224368205989094
86200 305.27678782003863489
86300 318.06901043319930977
86400 334.3246838617103549
86500 310.74146500002706262
86600 325.06378548121142558
86700 302.15495806872746698
86800 297.95535561006937542
86900 317.23172531523363205
87000 315.99564940816236458
87100 309.16597472661902657
87200 305.05070308339878693
87300 288.72079602786533314
87400 309.44850635798013627
87500 319.54072858388548184
87600 314.21088633242038668
87700 299.47958833374730148
87800 315.94689236844681091
87900 317.16795817901089549
88000 287.76551889202823986
88100 320.936740594483922
88200 319.13805437326715264
88300 303.71414162204297327
88400 309.50902725413749295
88500 316.47511777759422102
88600 317.27610136515744443
88700 325.36342369848568978
88800 329.84651030446002551
88900 301.60953559628944731
89000 319.68678136886285301
89100 324.41527699910619731
89200 303.84366295295302507
89300 308.66790855816907424
89400 314.1434217996459779
89500 305.91286512649759288
89600 314.71117401680425019
89700 303.39066846103435182
89800 298.23784974668262748
89900 304.87109040998404907
90000 312.37872736874982138
90100 300.19954230239363824
90200 300.05448028084111911
90300 316.02749842025156113
90400 332.15486737786528693
90500 300.84995946226996466
90600 322.96845842364115242
90700 312.8197701461525071
90800 312.52281461605309687
90900 319.23882518139566855
91000 295.85850349062570785
91100 304.96974589082088869
91200 302.99587654625901223
91300 305.98506512506224908
91400 305.80493225116572376
91500 311.64017791837534332
91600 312.93285353632558099
91700 302.90347261513107924
91800 339.90721296557586584
91900 314.00240604048070736
92000 306.32303652799561178
92100 310.08527567985237283
92200 301.17871024546849412
92300 297.37351525674512231
92400 310.59563620525500482
92500 319.15277695032011707
92600 326.01640134797872861
92700 310.6060179605053122
92800 295.20467115214756859
92900 291.61956386801523422
93000 312.12503966365392216
93100 319.01841958228322937
93200 312.74785428913924079
93300 297.6498556491844738
93400 324.61273134024764886
93500 331.07739969815128234
93600 313.08911500884801171
93700 314.46346709889519389
93800 320.60662695574109193
93900 306.54831540767349907
94000 307.2927823732686079
94100 300.56733014706594531
94200 301.40966037321476279
94300 305.13614684441932923
94400 326.65208591810448979
94500 319.34074813969994011
94600 326.0309648100133586
94700 313.54293592251849532
94800 299.21028699184097377
94900 292.67215914860707926
95000 299.3618568334264296
95100 327.25052237708615621
95200 297.66195320778228961
95300 314.16506355019237162
95400 308.85481456599313788
95500 304.17482107357994892
95600 311.99765940241007911
95700 312.54379176993086276
95800 308.26026441539062262
95900 297.27888294013746417
96000 316.8348807407215304
96100 310.88050775268033021
96200 315.46933189603578285
96300 310.90536058499208139
96400 328.32691763723630629
96500 293.95342774498925564
96600 318.4503102571798081
96700 309.61296906609715052
96800 311.67613897838594994
96900 292.42872197780565102
97000 293.30359034054555423
97100 322.52479718081713145
97200 311.18355423320770115
97300 296.69547909832169807
97400 309.75286763633147302
97500 323.72651578648117265
97600 316.74723491017618926
97700 324.43390406181151775
97800 305.9698268960772225
97900 287.90372471006492106
98000 311.16945473543387379
98100 316.30533343703370974
98200 305.71312104335510185
98300 310.36637773064086332
98400 305.5196757006482926
98500 324.51182878008097532
98600 313.24314076113944338
98700 328.17808149040848775
98800 308.68945328516235804
98900 308.51172490346959876
99000 302.71644220875066367
99100 314.4727419449017134
99200 304.06922070500945665
99300 290.90022569021954268
99400 291.63966939223485042
99500 301.46800349145098608
99600 302.73556085366499246
99700 321.19073980500434118
99800 315.91208452730296585
99900 307.83330089584609368
100000 307.83738438108110813
