# Fix print output for fix printTemp
0 310.00000000000005684
100 318.3718374554717343
200 311.65853555040899892
300 295.8557468323183457
400 306.0222142156587779
500 320.42178290836250198
600 304.87572952913632207
700 330.17059886333709073
800 328.52867894327772547
900 301.5500325917971054
1000 293.85954298808684371
1100 304.0027135257140003
1200 309.72754239168767754
1300 299.01756426612308815
1400 316.94849811645934778
1500 321.55309026611314493
1600 297.97008079459237706
1700 289.58022344059565967
1800 328.38115482515047461
1900 315.84839735872253641
2000 298.85998624214965957
2100 312.41175588943622188
2200 319.61969782766362869
2300 299.2178958232716468
2400 301.12875469489421221
2500 311.24540324236079414
2600 335.31200201945773642
2700 332.45820006216570164
2800 279.3271913880606121
2900 315.25276806084696091
3000 311.19789731454216053
3100 299.96266947393462488
3200 299.94426278707834399
3300 310.63719322159369085
3400 319.27326910243789371
3500 311.46595242446090879
3600 328.94859522172282595
3700 305.65305240332259018
3800 303.34904868863515048
3900 346.23582274777078283
4000 307.6773767047865249
4100 311.15614956226517052
4200 293.22241837031731393
4300 301.45092108670598918
4400 320.09878676498721006
4500 315.04299762064601964
4600 312.27521492188549246
4700 302.28152325294189495
4800 307.28440022123794506
4900 313.55054732764932623
5000 301.03826369126340978
5100 311.23361334162058256
5200 306.66479266599151288
5300 309.2720080368347908
5400 306.69315379128823906
5500 339.19740540879263335
5600 314.85530738801941197
5700 291.83867649460074745
5800 311.83035214407618696
5900 321.08298249591194917
6000 316.07099001633827129
6100 318.09101232944772164
6200 332.05339710932850039
6300 310.22196565145884506
6400 297.64170730136396514
6500 302.44955886661051636
6600 340.72796455590844289
6700 317.8264563531274689
6800 287.49925233789934964
6900 291.93943071019350555
7000 300.99901844053800914
7100 309.26459977538695512
7200 315.71336850862087431
7300 309.10769760058059319
7400 318.39087620756964725
7500 330.63596066105139926
7600 299.65489060587299264
7700 291.55228454584153042
7800 315.28021634049611066
7900 322.52150624546493418
8000 315.14060064613698842
8100 300.05230576679980459
8200 313.21981593692731849
8300 302.74782449680463969
8400 305.05661753152162419
8500 319.30421447476896901
8600 312.51558894421515333
8700 299.30127875892350175
8800 303.45589114548317866
8900 296.1092389171870991
9000 308.02713448346605674
9100 297.93301966879954534
9200 291.36961512158239884
9300 304.60893382435449439
9400 327.27240892854274534
9500 326.52392053705852959
9600 301.2844671652243278
9700 297.13506392940558953
9800 307.96253765613289488
9900 296.676749300853146
10000 308.34407678992653246
10100 317.2919857533856316
10200 337.56114910256781059
10300 309.2344445971349387
10400 300.9689568382144671
10500 302.77840798623969931
10600 283.41791856241354708
10700 312.48292861362921258
10800 317.13716914008313097
10900 314.3087596061056388
11000 303.16982794153136638
11100 302.66966241257802039
11200 291.97908670693630029
11300 311.57685783165374005
11400 317.82067381444278453
11500 316.67047878653545467
11600 307.69892425121702217
11700 307.53161618658862153
11800 298.11461756428803938
11900 314.72820378037943101
12000 313.82944489757920792
12100 323.15783202976956545
12200 314.99195209845470345
12300 298.11153132269237176
12400 305.9604335079910129
12500 332.14981980912796189
12600 324.8893285237516011
12700 327.65454226750006228
12800 313.19079376672249282
12900 308.18106048795408469
13000 292.24572841480880925
13100 307.93812115991079281
13200 281.79168323746273472
13300 321.37864986656552446
13400 323.62916196962953563
13500 293.72013446092853428
13600 301.04818434763012647
13700 300.92841691170775675
13800 311.23123717934151955
13900 314.39259851685784497
14000 303.9481989579409742
14100 306.34982515643736178
14200 311.63832909915282698
14300 313.62534799769468918
14400 310.72257792376916541
14500 328.56859083988058501
14600 331.56525513699699559
14700 316.74982342417825976
14800 292.71975726690675401
14900 316.44617452887945319
15000 311.89083492709687562
15100 308.51556112231810403
15200 286.00683223633370744
15300 306.34000578939651405
15400 327.14645321249167864
15500 332.4802388150944239
15600 320.97568123256718309
15700 292.34067157893423428
15800 299.15503412777582071
15900 319.04644106641160306
16000 306.25307684355425408
16100 314.02408931652382762
16200 322.99883911800390024
16300 319.98057967569042148
16400 302.15688051362656097
16500 308.6395354657110488
16600 323.02986303078131414
16700 302.08410917784544836
16800 309.97517493171562819
16900 313.05210211686420507
17000 301.90512641526737525
17100 308.80471977256996752
17200 307.68730907277341657
17300 302.93579710035157859
17400 315.03337345592780139
17500 320.34831993649567039
17600 321.57954106628960744
17700 309.74016562028378985
17800 317.94867113510929357
17900 327.63605361535422844
18000 315.62424908339932017
18100 318.20200299306725356
18200 318.19169045220786529
18300 314.53281166856578466
18400 310.66436354957471622
18500 305.57694086909305042
18600 313.33212464641690076
18700 309.39593002896867802
18800 321.99010550595141922
18900 322.22754501008239458
19000 306.5084473695089855
19100 299.0562228516629375
19200 313.35447755044629048
19300 285.24998887481842758
19400 314.44789626619353839
19500 312.92293928772278377
19600 308.3417476025700239
19700 311.31979472687788757
19800 310.39266234471472217
19900 323.93460073176845526
20000 319.38563983017769488
20100 310.60410377006212457
20200 317.80127963255080203
20300 324.15622863126293396
20400 299.84253076959396367
20500 299.76203493528146282
20600 313.97917142284899228
20700 316.22055835626235876
20800 316.24963529840624687
20900 330.03642511550390282
21000 312.91399842282828558
21100 302.71913052829438584
21200 287.47062913440316834
21300 314.26415615153609906
21400 308.95164535276603601
21500 313.8506549784890467
21600 329.5830251810711502
21700 281.40420180951753082
21800 307.25183770241056891
21900 326.86728468273452108
22000 312.78259457220707418
22100 328.08667779776089901
22200 326.78959975113974679
22300 298.75590701977944263
22400 295.01947642573713892
22500 300.17144835363023958
22600 301.40435936185815535
22700 304.49266594661014551
22800 299.06506656912381459
22900 308.4740306005805337
23000 296.16749136138366794
23100 311.55338804335224268
23200 313.53887003538915224
23300 306.31540060968512762
23400 284.7853537317213295
23500 313.79598170213012054
23600 304.96401742755381292
23700 308.77408691415183739
23800 313.06018530697707547
23900 318.75838114573076609
24000 302.72530134211643826
24100 305.79853333834790874
24200 304.60072117742384989
24300 309.01896792780178203
24400 310.55590284367502818
24500 328.36630480954761424
24600 304.1891806643039331
24700 301.22758751012872835
24800 303.05489396905420563
24900 305.89035813299841493
25000 295.29463208367832294
25100 294.73834474787247473
25200 306.40923977837985603
25300 305.64493372460856335
25400 308.16391576593497348
25500 310.89273952473024565
25600 298.10108019021947712
25700 336.42143938143635751
25800 310.82607837701908693
25900 287.88559542108572487
26000 297.5552392450765069
26100 310.83278613633592613
26200 316.79016913962470881
26300 300.88936172865271601
26400 317.78708288651961311
26500 309.05613447295263541
26600 309.0529526838627703
26700 323.1794071970296045
26800 318.06235105063382207
26900 310.09749610314645452
27000 303.78936665681072782
27100 310.53036558286601121
27200 294.11054138630129273
27300 288.29554323483148437
27400 329.2955275931863639
27500 316.03535396911598809
27600 288.20582124593903472
27700 285.35063877259705123
27800 307.6787349555291371
27900 310.58005265180156584
28000 312.01039991883703806
28100 290.53823299910044398
28200 314.11126406062174965
28300 310.33280870610445845
28400 318.71836777943013885
28500 328.74135237292813372
28600 302.21897990237016529
28700 309.06673430522829449
28800 323.62954439916097726
28900 318.439132553466834
29000 300.96075526397299882
29100 284.57727083321134387
29200 307.81282568877657013
29300 307.16060128232066972
29400 316.86899689388081924
29500 322.07581713519977029
29600 306.28796981675014877
29700 304.81844337988974303
29800 319.58607244240943146
29900 311.67836798671555698
30000 317.63221806995943552
30100 321.70356342471279731
30200 304.60010863735192288
30300 308.90028818069595218
30400 300.13296714550540401
30500 316.83518987695350688
30600 304.32327152616841204
30700 294.69288106688884454
30800 309.25180888867907925
30900 305.98927489643995159
31000 296.3244016747046885
31100 309.73670993461655598
31200 311.09898708607011031
31300 304.76978090358073814
31400 307.31707441475066389
31500 298.33657182965333732
31600 309.66618198796493289
31700 307.30609436557449499
31800 301.83042164422352016
31900 304.25600341790743641
32000 319.14866919566901515
32100 326.81549594026785144
32200 326.84849965055735765
32300 318.86706597764583648
32400 307.13133281341220027
32500 295.75492701004844776
32600 317.53664516228820958
32700 320.10545711394701129
32800 331.63936740733691977
32900 306.01400730673475437
33000 288.36421962017146825
33100 308.72278020102294249
33200 309.45081124003922923
33300 311.67835717285083774
33400 304.76221667926694181
33500 299.434255346566772
33600 308.02179985608586321
33700 313.42826179226045724
33800 318.63874107370838829
33900 297.13454514575539633
34000 304.81429513614438065
34100 302.67653997493687257
34200 307.76347518551182247
34300 299.98216529649704398
34400 313.16826046266379535
34500 309.96741260776536819
34600 302.40273341403684526
34700 317.84178145754884781
34800 308.19660437503102912
34900 317.16020339540210671
35000 324.54158995029871448
35100 292.42099869079726204
35200 312.35638355169703573
35300 323.34436426974212964
35400 316.40052189138026506
35500 319.83939068996238575
35600 302.73806608708201793
35700 294.21397715833148823
35800 307.48544339110736701
35900 315.42958342915642334
36000 299.49002134528677743
36100 325.32415553138162068
36200 316.49481438117817333
36300 308.8344501550884047
36400 295.52727073344556175
36500 311.87756772651613346
36600 313.57690742047520871
36700 324.08498795292439354
36800 317.1521707636264864
36900 315.67071310842760568
37000 303.60138890265233158
37100 304.69394988611429653
37200 294.67534329869175735
37300 310.39760618892916
37400 318.78394168615682247
37500 318.77155837412743722
37600 322.6070280335144389
37700 312.99358178374473027
37800 281.47862451395718608
37900 301.45235506824718641
38000 317.46647297831293599
38100 308.29724860607103665
38200 317.19031504380922115
38300 294.81683435603230237
38400 294.15820625798681931
38500 311.78256523709870862
38600 316.45585064200196257
38700 306.01421164084774773
38800 310.64072099324090459
38900 302.43425979709883222
39000 311.57724597404552469
39100 316.3283598076054659
39200 315.76025140056452756
39300 309.06775132879818102
39400 306.19707961222815129
39500 309.20332376755777659
39600 315.80756091242324146
39700 301.82377276084207551
39800 312.59115020399082141
39900 327.58625766832756199
40000 322.65557144740864715
40100 310.50949155711242611
40200 329.40637529496228808
40300 320.34731031197821949
40400 296.16111003400624213
40500 311.85248436812622685
40600 303.51213291106040515
40700 307.85159699332484706
40800 321.44007632113562067
40900 321.47427664767707256
41000 319.27823202988867024
41100 310.10971275081334397
41200 315.18592875917607898
41300 306.55704827691732817
41400 322.89032091943562364
41500 316.53460972586339039
41600 300.55038146678941757
41700 291.28998198333329128
41800 306.49859934965371622
41900 315.25656135892245402
42000 322.17900374944048281
42100 314.56345791141922064
42200 303.39236027751945812
42300 314.52542780920367704
42400 309.49205812078542976
42500 324.33571258068872112
42600 304.8720288319770475
42700 303.33813913006326857
42800 311.4431662993801524
42900 304.02374869283448788
43000 338.23783311539477836
43100 303.00695833755384001
43200 313.92868067917032704
43300 293.94583386870550612
43400 319.0773078790733166
43500 309.27230846509763751
43600 323.46089315034498668
43700 279.38737740882595517
43800 306.33848280994294555
43900 304.00507185390250697
44000 329.91037936785045304
44100 330.53493936364446881
44200 314.51921906690785136
44300 294.48352851612696668
44400 301.88272278739901822
44500 309.99224743145305183
44600 319.18301379851942556
44700 294.90193337476802071
44800 310.81449594629140165
44900 319.27457926082996664
45000 319.40766819232129592
45100 331.9024644526616612
45200 306.0059259646626515
45300 309.31968974685833018
45400 296.36664570289599396
45500 313.20919233189994202
45600 300.26137927235703273
45700 327.91112771912793278
45800 316.69405387259820372
45900 280.26189184056613612
46000 313.16430213876611788
46100 309.79075388088233467
46200 293.00766906890498831
46300 306.86902867516806737
46400 311.59135167812894451
46500 291.41258723231629801
46600 312.63896834060989249
46700 316.16541351751544653
46800 300.43922998359403209
46900 304.00892826403946856
47000 317.5901535100252886
47100 314.32036404242393246
47200 315.86388817335762269
47300 294.49530928752523096
47400 329.20729505053554931
47500 314.30419258032219432
47600 313.89093334410483749
47700 316.61025991847543537
47800 309.50100973807855098
47900 302.57484573077152845
48000 308.50145814984489334
48100 331.71467131170163611
48200 295.52216511703608148
48300 303.1267832588405895
48400 313.99184525445195959
48500 314.85009726230362048
48600 303.79487399397982017
48700 314.04708535926874902
48800 311.30208476916419613
48900 311.61160389815472627
49000 338.03652950347930073
49100 314.97594732860898148
49200 315.53685985764644784
49300 303.86858880478888523
49400 321.42784072579343047
49500 320.35311381036427747
49600 301.387534398886487
49700 304.6940186474806751
49800 308.42694916629494628
49900 324.52646501653373434
50000 292.87297485110934758
50100 318.37744052664356786
50200 324.19772261157874027
50300 289.35026148705662763
50400 305.36859284485558419
50500 309.33981043185144699
50600 310.74744224715783503
50700 307.86498763276108548
50800 311.01169149975396522
50900 292.82607368705174622
51000 310.41102917017491336
51100 310.82134527152646797
51200 310.93181223251838219
51300 317.79882022482689763
51400 323.14427413260699495
51500 322.20481050114887012
51600 303.89207291617282181
51700 297.75250274793501148
51800 306.4969023026237096
51900 296.6869287639303252
52000 298.9913497192496834
52100 305.92535697867549516
52200 309.8832083863412663
52300 317.38916458474761839
52400 314.82823816275094941
52500 310.20689618530315101
52600 317.45778484413676779
52700 309.21086463090307461
52800 320.02988958445592971
52900 306.46126684113079364
53000 324.05262107471708077
53100 307.51845412782677158
53200 308.92228101297786225
53300 318.28788485409120312
53400 322.75685763730683675
53500 329.44453174308745247
53600 314.01556436847067744
53700 294.711121863683843
53800 310.20354744664609825
53900 308.26519943144114677
54000 327.65009834224684937
54100 309.87839486166876668
54200 297.34480498182722386
54300 326.62707525786629503
54400 306.96685115265410104
54500 304.12885356500760281
54600 335.28799628038098035
54700 305.53148298758139845
54800 312.93879917405092783
54900 330.62465699210935099
55000 319.57322720696771512
55100 316.46771291066255571
55200 293.11267633369703844
55300 298.13774586209126483
55400 314.5010552095537264
55500 310.89663844030303608
55600 309.01263492077464434
55700 310.59749811537375308
55800 320.08353591412424066
55900 299.37068434075945333
56000 307.56670168943355748
56100 327.94510073655794713
56200 321.30900570317800202
56300 316.95479513167498453
56400 312.00054583578076972
56500 298.39952322058877598
56600 323.61370176170083823
56700 292.83072955532395554
56800 314.79253591828313574
56900 326.91377697612142583
57000 313.9888221197608118
57100 305.48832130476546354
57200 288.2674198419606455
57300 303.25468755475407079
57400 306.37315575967357972
57500 303.07221669499818972
57600 303.91175761803356181
57700 295.0129879428887989
57800 316.68524350593963845
57900 295.00000207630534987
58000 313.55591503409584675
58100 310.35180313934898777
58200 305.65310587291281763
58300 298.96944430524837344
58400 295.4518191076176663
58500 312.1533072326183742
58600 315.59382749049967742
58700 314.34368718021033828
58800 312.48976292278808842
58900 324.80595436776860652
59000 321.04485862772776272
59100 321.75743278604244324
59200 311.35804148482674236
59300 299.55613780061707985
59400 294.44828285686793379
59500 322.89853993273834476
59600 317.88105340897845963
59700 315.6446408596556239
59800 299.85522145598196175
59900 309.90019703924258465
60000 316.95449615393732756
60100 315.05228406425021603
60200 319.49322595985131557
60300 303.12596370356209263
60400 312.05230156547560227
60500 310.16646968346674385
60600 312.40579267404194752
60700 324.10746920067083465
60800 315.79309905406501002
60900 309.42130444566356573
61000 298.44340407985674801
61100 306.20071443767727715
61200 313.19149815596534836
61300 293.22851375458822076
61400 314.3099200507764408
61500 307.39805677783971305
61600 313.488281737831187
61700 312.33916719914941496
61800 298.82860009429350612
61900 304.71189400735624986
62000 310.75399403902088125
62100 319.00628563632278656
62200 320.29226542093266517
62300 306.40370782327983079
62400 290.51008500004775215
62500 308.92942176648398345
62600 314.99519625787621635
62700 304.53185287626070021
62800 301.98603418367622453
62900 299.93298085506711459
63000 334.39322203156604019
63100 300.07705511792283914
63200 296.80238700057486767
63300 300.11771509913188538
63400 327.05496267734014282
63500 318.98537657114297872
63600 326.9298416591961427
63700 303.29413233271895933
63800 315.58976104038919175
63900 321.66891268447386665
64000 311.32147895744105881
64100 321.55134789024043585
64200 300.25848320488148602
64300 301.40597980899116237
64400 306.40092703680898012
64500 300.21157798108839643
64600 312.97620525717513829
64700 309.53920271192527025
64800 301.11173261212525176
64900 301.79743500499836273
65000 296.6529891532510419
65100 324.8980344099541071
65200 303.89594136768499766
65300 295.00810095536070321
65400 321.08313301654010274
65500 321.08205582307431314
65600 316.72212508980669554
65700 317.36185399331884582
65800 318.95650450669131715
65900 301.71051395418322727
66000 330.45380676935383235
66100 312.6763887922696199
66200 303.41513700833735356
66300 317.01138574203355347
66400 294.19302372101702758
66500 313.99832910210437831
66600 295.29332240866591519
66700 306.0525104846271347
66800 311.34479875772956348
66900 308.73494409551608442
67000 312.78295165949049306
67100 300.20489219013836646
67200 298.00740183173928699
67300 317.56292378143228916
67400 324.01131971780046115
67500 318.24304596764824282
67600 312.97107987194044654
67700 296.88507460324848353
67800 311.29333371507834727
67900 311.58080296957683686
68000 303.1000768525851754
68100 298.33618745536597316
68200 302.15939676417775672
68300 326.57191797730132521
68400 300.70495796253783283
68500 300.10356859863924228
68600 319.55565863453938391
68700 311.56822436270738308
68800 300.43353850647116587
68900 290.79164714260974733
69000 312.03314906654406968
69100 300.64574352277566049
69200 299.12844270652260548
69300 302.36058083875690272
69400 295.38416398685529884
69500 324.06418004529393784
69600 325.52921822917949157
69700 301.22169403080630445
69800 307.44578527860733175
69900 310.81055740017990274
70000 318.93107036290354017
70100 320.59898356711880751
70200 302.50642961164066946
70300 313.89678801658504881
70400 296.38481657289702298
70500 307.36794604348852999
70600 311.62834455875844242
70700 316.49381204488599906
70800 304.10463655772338143
70900 313.98235349707670139
71000 309.73643010856937963
71100 301.49208370331325568
71200 308.96513589674799505
71300 297.03167684387665304
71400 312.69736291150593388
71500 318.03805137521766255
71600 325.58885858990862516
71700 312.17503207297573908
71800 289.47778518450820684
71900 301.9025308196493711
72000 303.92648896383747115
72100 306.27539242169302725
72200 312.33750851811987559
72300 315.75931114911344366
72400 306.20152474262420128
72500 318.669518559615085
72600 303.97881570668454287
72700 297.96862245328725294
72800 305.73231042213853925
72900 305.70075089605762741
73000 309.9637431508708687
73100 312.9552363977795153
73200 330.50134170833598546
73300 307.18455022414241284
73400 319.92235462276886437
73500 322.23075506534951273
73600 331.98804929815247533
73700 321.31940448176055725
73800 305.75329279608274646
73900 300.02232152136690502
74000 305.70620753147460391
74100 344.58194177890811716
74200 295.32134500560744073
74300 311.38941530387347711
74400 305.07418645434808013
74500 303.80863916480893749
74600 298.63169462041309998
74700 310.23087895814421699
74800 312.26504234302319674
74900 290.30355777791226046
75000 302.53900970365606327
75100 294.21826185314859003
75200 308.36649919222236349
75300 289.30121888549172127
75400 299.74230987374289725
75500 330.17106520258306546
75600 311.0693732140378529
75700 301.81855571886853795
75800 299.60329775206980685
75900 306.34454619094816508
76000 302.8280682449041592
76100 302.40047356459604089
76200 291.36228275438463697
76300 297.88110501372489125
76400 292.19334239963927757
76500 300.15726928192032119
76600 320.38633307777433856
76700 307.47621017359944062
76800 317.65196479314289491
76900 302.4592877424179278
77000 309.2911841198610432
77100 323.99434814920624603
77200 294.77386595788988188
77300 343.76200988604148279
77400 318.89443340348014999
77500 305.00583245091343088
77600 300.19053107595050278
77700 299.90680584144229215
77800 318.48851751210884231
77900 329.0114406026832512
78000 312.32524926442579272
78100 315.13444139226027119
78200 306.21434374021345093
78300 306.96708358182360143
78400 314.64484031000898767
78500 331.64739096784597905
78600 318.61700773858621005
78700 302.17966114285087542
78800 311.11442656941198948
78900 315.09590340541075193
79000 326.8261465464097455
79100 318.27882821715871842
79200 296.84256024496676218
79300 312.48912215755655097
79400 307.53406529437927475
79500 318.79391187813371289
79600 300.93195809958757536
79700 316.13005525375410798
79800 308.67130281828451643
79900 304.7306572576114263
80000 306.43754605278456893
80100 315.66472514328711441
80200 305.34254686588184313
80300 307.98435694248354366
80400 331.15954357702401012
80500 313.25584677192682648
80600 313.47813553446434298
80700 312.7546176580598285
80800 307.01503180573507734
80900 315.3615085340686619
81000 309.00659792413802052
81100 313.55329038603122171
81200 291.10217144276009549
81300 305.66333096703988303
81400 311.56789796072212084
81500 308.68275349464909141
81600 303.97728870934992074
81700 324.3211283266900864
81800 302.16060718916423866
81900 315.20488799462634688
82000 322.90614913469516978
82100 326.37221187535618583
82200 307.56025094416401089
82300 297.83567150489193409
82400 287.55133980207875766
82500 309.6060978237242125
82600 306.67355807653240163
82700 305.927545278273044
82800 293.67132456687647846
82900 319.88648775669958013
83000 311.52085431763629231
83100 313.81714104330410464
83200 314.4895267115513775
83300 322.37028499372445367
83400 299.19409709779353079
83500 300.20453223180913938
83600 314.29487620499457989
83700 311.86499928144149862
83800 295.54575327852484179
83900 299.24600334897940002
84000 306.64611563420550056
84100 331.61582705366430446
84200 320.20231046664088126
84300 297.36419354397679626
84400 283.88558369048024588
84500 310.12670242704984958
84600 316.93738210483320472
84700 302.70467748970997945
84800 300.22634222212786881
84900 311.09780080631355759
85000 288.67297357655019141
85100 305.05122057173599615
85200 322.51696294137286714
85300 311.87504944128204443
85400 306.54918132715630463
85500 333.58744374352454543
85600 325.88106975035668711
85700 318.49265309062326423
85800 312.31453189519697844
85900 312.2146837416378844
86000 295.65667694155365552
86100 295.28448809956762489
86200 317.24299090151396285
86300 289.77687041516242061
86400 301.38566636590951475
86500 298.12414347138189896
86600 305.340438419755003
86700 301.0099228599719936
86800 296.75837741813569437
86900 308.73599525792525355
87000 321.00348368753742534
87100 321.37254164486716945
87200 312.10234350095623768
87300 299.48272978522595622
87400 315.19668320421004637
87500 315.17528909762239664
87600 305.99955947543281809
87700 297.21589168605129316
87800 322.31337240764872831
87900 313.35324903181827949
88000 320.06712515009013487
88100 300.49417148580215553
88200 295.14549400151162217
88300 314.46810427665758425
88400 326.35849531882644214
88500 316.8976649754634991
88600 306.81895895397667573
88700 304.02280810080446827
88800 294.70630268427134979
88900 325.83280962492733579
89000 299.16658460795537167
89100 303.67702343394086029
89200 321.38844550971623448
89300 322.93389548425403746
89400 313.80735339068667145
89500 297.44890491550250999
89600 317.03323196129628059
89700 317.47193447380590214
89800 302.55869377458225244
89900 307.21450562072197954
90000 292.86349464317305547
90100 311.61414149464178536
90200 302.6239677414785092
90300 320.59489351574171678
90400 300.56532935895245373
90500 288.97777932306576076
90600 308.27895318601753161
90700 306.58622821753527887
90800 317.66880031430986264
90900 320.1086398695510411
91000 312.58142473748324619
91100 301.90781952194811311
91200 325.61510156421661577
91300 313.71455627862474103
91400 321.181863565928154
91500 308.58751565280971363
91600 291.83288741817187883
91700 303.27623929649575985
91800 297.83221258653964014
91900 312.2959013772803587
92000 313.95448810324432998
92100 304.35089390161527945
92200 294.63516774337148263
92300 297.11517469447113626
92400 332.02429332174523324
92500 314.88096245457859368
92600 301.57448643706635494
92700 307.89008916493412471
92800 311.76740612178366518
92900 297.160082840252187
93000 304.34071650444269608
93100 325.99985055257411659
93200 311.37705606503590161
93300 296.94201894472610093
93400 313.72584259606111345
93500 324.33091289171068183
93600 313.5339270637783784
93700 314.44382573756269039
93800 299.58418991701603318
93900 302.88167737039196936
94000 323.59718951546602739
94100 319.19986495112425473
94200 298.79246811545652918
94300 314.79161334717150567
94400 315.54721100541257783
94500 293.14439427130639615
94600 314.40695483068657268
94700 300.42965288031223281
94800 280.74590832645679939
94900 315.04486768256373352
95000 322.21772489617166002
95100 311.65932195572111141
95200 308.7104081876860846
95300 311.46123472843544278
95400 318.49359588192345427
95500 312.74731824354569198
95600 301.66763418684610087
95700 317.49353114655781383
95800 303.85380453010731117
95900 308.97104551197571709
96000 319.70468539036897937
96100 318.93803770836626654
96200 307.72774744618976683
96300 290.72668023949330518
96400 305.21940000370864254
96500 305.27988286721904387
96600 318.35078016071344109
96700 323.55681309109382937
96800 319.41772896744697618
96900 308.3483929908465484
97000 337.47360948417087911
97100 309.33566630911150241
97200 306.29006058486476149
97300 290.78197581971761565
97400 329.09156682343228795
97500 319.34426714645280754
97600 317.92357238545395148
97700 282.79507807440222678
97800 299.87459113971624447
97900 313.01403556399208128
98000 315.11552122319767477
98100 309.07404751596106962
98200 307.7795351209122714
98300 316.9123140828552323
98400 320.8392658367729382
98500 296.92491409086841259
98600 300.34608096864320714
98700 319.47571179170449795
98800 321.31628659431515871
98900 308.34719004059002145
99000 306.96987366945847953
99100 305.07468052504816569
99200 305.59757138165360857
99300 311.67471019893417861
99400 305.39000103131712649
99500 307.65190550262047964
99600 315.94497577441359226
99700 310.63739374135855087
99800 332.85143357045757284
99900 315.59474828827490001
100000 302.69931106445790192
