# Fix print output for fix printTemp
0 310.00000000000005684
100 294.77211738808352948
200 309.59571217381977704
300 294.90985565824433934
400 290.05971257764849724
500 301.24233192247362467
600 298.0594272850119637
700 341.04475773899088153
800 304.88064528170616541
900 313.35054350646134935
1000 319.81086108479496488
1100 308.70984107930490836
1200 296.2278519615323944
1300 322.65627341394008454
1400 331.63851028772199925
1500 321.42794606624772769
1600 284.10060012150165676
1700 313.22996270706613586
1800 301.06497098565949955
1900 327.6669240981227631
2000 300.00866302534780061
2100 310.52747463030431163
2200 323.26604930999423004
2300 310.30148839810243544
2400 303.88125645035268008
2500 324.72240127456069558
2600 290.68969900009665253
2700 297.34114808932116603
2800 300.89791881736846335
2900 331.32799599541044699
3000 305.69597980455353081
3100 325.9286173042083874
3200 316.77759947398845952
3300 301.11501460313672851
3400 315.97178682714070419
3500 304.29321108510225713
3600 315.62793418883165941
3700 291.47782736263440029
3800 317.77131284199077754
3900 290.25650956271391578
4000 302.76890590549965054
4100 306.17248372926366073
4200 333.32815336410970986
4300 320.33381111696843391
4400 309.9430303369512103
4500 298.23058361491223422
4600 293.39321810180740613
4700 280.76986391366216367
4800 299.05429529593891402
4900 308.8012540680759912
5000 297.72121148726694173
5100 298.6950621714601084
5200 307.07164179643547186
5300 318.99692444163031269
5400 314.57414778781929954
5500 311.80558712137195698
5600 301.38556487914075888
5700 302.96765032682816354
5800 313.06636478747492447
5900 310.41053025863618586
6000 315.92845778986890082
6100 312.60325411820605268
6200 285.16648241918557005
6300 303.72265063631044768
6400 296.92269444190031891
6500 312.03600462161477935
6600 318.6157912183310259
6700 343.63218563254986293
6800 313.30241011610240776
6900 303.53651503495046882
7000 309.63746458866989997
7100 305.00003364505232639
7200 302.33092841691137664
7300 306.80031451544323318
7400 303.12395508837636271
7500 303.71819738129397592
7600 323.73155106103519074
7700 312.99691692887768113
7800 315.89700652287268667
7900 313.18353737819131766
8000 307.1651063522909908
8100 299.27425996476250702
8200 305.84972025945074847
8300 307.11185732703569329
8400 308.33695943478096524
8500 293.99912282099120375
8600 313.29119410617289532
8700 320.60668932498833783
8800 322.83141266033669581
8900 299.55030651044972956
9000 327.04607231057860872
9100 316.87513140867139327
9200 309.09459606150363697
9300 299.91331130766690194
9400 311.33391121691261105
9500 324.10752887439787173
9600 306.60170092302274725
9700 326.80882103289616225
9800 312.54848672000446186
9900 294.24342357905339895
10000 283.63033698903007007
10100 296.67104679310631354
10200 323.36639776675383473
10300 319.14940732999588135
10400 327.98830357686978232
10500 320.12655939044890374
10600 319.25908687169459199
10700 328.94315394951803455
10800 302.70416745795529323
10900 303.58062248767333813
11000 328.2274430216834844
11100 307.37117441792906902
11200 319.32521265935406518
11300 309.29982135766948659
11400 307.5121993798518929
11500 304.22829535179295135
11600 306.89729728713984969
11700 315.29018392866197473
11800 319.75748850558994718
11900 324.37321257923582607
12000 314.14854934217459004
12100 296.88423505995228879
12200 298.00767000855302058
12300 299.01070662143848722
12400 302.65590883767134756
12500 296.82223224738532963
12600 334.4625455500595308
12700 312.31783305476523083
12800 307.5334918023261821
12900 314.1740421039257285
13000 302.53606206276151624
13100 295.76933604090055496
13200 303.61977990030868568
13300 315.46673483311650443
13400 328.92215383156872122
13500 310.23631828308691638
13600 317.0255410210518221
13700 292.61746490499524498
13800 329.75984318360286807
13900 313.78383159066942198
14000 300.11040489171369927
14100 305.08385760235472617
14200 299.21158825355087174
14300 327.72257662486481422
14400 316.1934834738030986
14500 344.6800524971778259
14600 308.2844816869997544
14700 312.32277404750266214
14800 325.22242181854790033
14900 314.53108366263688822
15000 313.90961078352415825
15100 308.79112929493771844
15200 303.95378250694477629
15300 299.85934037100849991
15400 314.96884168246901936
15500 333.05865275756013943
15600 320.3754829273752307
15700 298.91214609613109587
15800 300.43145658227388139
15900 307.09694044145641101
16000 308.89452942680543401
16100 320.54723015258809937
16200 339.99166440756147267
16300 307.42085147056883443
16400 312.35286257469425664
16500 333.94971189051261717
16600 302.58242240869253692
16700 296.82777154703853739
16800 304.06641156947199534
16900 328.30288928557774852
17000 313.74119575029106954
17100 311.18328372353761324
17200 317.45050138016580377
17300 307.41236497533657257
17400 316.29867157869625771
17500 304.61118982020468593
17600 314.36188551299511573
17700 317.97627500360027852
17800 309.13678530415745627
17900 306.76584963762491043
18000 314.98474047648386431
18100 305.66592556180069096
18200 303.52541398445981713
18300 304.30939302695497872
18400 304.05651129734872029
18500 312.35183597568669711
18600 300.88628859693858431
18700 304.39936617497204452
18800 299.66507932376572398
18900 311.6533527369211356
19000 315.05908271843958346
19100 301.79825457995116267
19200 300.15877480477541894
19300 311.99362639039048872
19400 326.23008463014343761
19500 292.89055439871185627
19600 300.59308818607513558
19700 309.73406504335031286
19800 324.26076646307319606
19900 322.72144171447996541
20000 307.07005154890833865
20100 310.26274766714828957
20200 312.83289218900642936
20300 310.41481532731893367
20400 301.83407472724644549
20500 313.72020649851435792
20600 313.61889905759250041
20700 290.7474902627440656
20800 305.42913945828439637
20900 317.33586669121962132
21000 310.31773837924504278
21100 306.66008906561972935
21200 327.79372919617850357
21300 305.7919074677580511
21400 308.84471380823868003
21500 302.23266638669298345
21600 320.65571264335670776
21700 310.97756946886033802
21800 317.36904866397611613
21900 314.47363999986470162
22000 326.85517395745108615
22100 311.76149291916351558
22200 300.74622247977134748
22300 308.96189359662218976
22400 307.80580753169374475
22500 310.74348673483348193
22600 299.3150176082812095
22700 295.98681816588594984
22800 294.00114640982684477
22900 327.86060649418197954
23000 311.02781275167552621
23100 332.69378156142568059
23200 320.75729907636434746
23300 324.97161505063257891
23400 319.70660435229490304
23500 315.18865877821758659
23600 312.58308868304925454
23700 301.32098437473564445
23800 294.57816656463683103
23900 304.58910903352085597
24000 302.55816978662124939
24100 322.72360038556911377
24200 321.00752084548219045
24300 311.9958865531777974
24400 300.10658205401961141
24500 316.55453505145243298
24600 309.74305136319810572
24700 321.16315108389994748
24800 317.52046675971820378
24900 317.02646241531755322
25000 322.41369167283136221
25100 318.95947488083953658
25200 321.61046102810013281
25300 339.60312900738597364
25400 320.53076089212135003
25500 315.29664903681720034
25600 300.07129215347794116
25700 301.82717159491340908
25800 293.5949783842121974
25900 313.69860919855915427
26000 319.86221071114391634
26100 314.83703939030868924
26200 296.49644907127094484
26300 304.31760671770922499
26400 315.19634966744916937
26500 317.49766287721570279
26600 309.26976696924009502
26700 327.84753758602641938
26800 305.82410583927025982
26900 297.69537551811038156
27000 293.76168985343150553
27100 297.93672484254670962
27200 322.65091169034462837
27300 310.42923992368872632
27400 317.21952917276172457
27500 313.11798818110167986
27600 320.02693565720801416
27700 309.57275746192595989
27800 292.27089847338260142
27900 313.12736054692527432
28000 320.28866838222228353
28100 320.1480805846366593
28200 296.69390587302223139
28300 311.68880064604161362
28400 302.76306605521716619
28500 288.38443406168795491
28600 290.86393310434868908
28700 312.34527147102642175
28800 300.61149695727306153
28900 303.06116413755506755
29000 327.73709456806454909
29100 313.12614333810120115
29200 323.64727823011452301
29300 304.09080283091634556
29400 307.90433810502980805
29500 308.00934727770447807
29600 314.97894113119662052
29700 307.17294960182891828
29800 319.74684333000493552
29900 321.65495784235326937
30000 324.20796878619012205
30100 306.58056441587837071
30200 301.29886472920856022
30300 286.14191369122090691
30400 305.02766649788725317
30500 317.88920649582018996
30600 318.02325452659943039
30700 305.21432311110993396
30800 315.74663554709530899
30900 281.08390760960861599
31000 317.76674886271069909
31100 317.95523970465586672
31200 304.18955852778691451
31300 323.32396136985011026
31400 318.30261787493782322
31500 309.50207211384685024
31600 300.38676824846453428
31700 308.66519658481610122
31800 322.42779952981334191
31900 315.13662282790943436
32000 307.27215485379917936
32100 316.69266026954471727
32200 318.10277123748841177
32300 295.18624462482978288
32400 324.7801913362218329
32500 297.49498214083553194
32600 320.51873118730958367
32700 318.47877005519870863
32800 302.61653124579243013
32900 307.1219911304492598
33000 313.92621820088584172
33100 301.72344708341131536
33200 312.93451246671457966
33300 316.77401861980888498
33400 327.30299013144582432
33500 298.68599859707990163
33600 311.44836269636442694
33700 300.83249424606714229
33800 311.05900974353659194
33900 324.35645028194392125
34000 310.09912525342582512
34100 320.05715969275854604
34200 318.02186421098866731
34300 302.40687628857813252
34400 303.83652955369979054
34500 318.43417456432047175
34600 314.78688094206114556
34700 294.82487076846206264
34800 321.57418056869687462
34900 316.2089139891984928
35000 320.16895329380338353
35100 305.07594014389252379
35200 291.98780294413393221
35300 302.83599746905827033
35400 308.98444119313796818
35500 341.77667106747907155
35600 321.65185561854639218
35700 312.58009583087857663
35800 302.21171436962936241
35900 307.47952881852137352
36000 308.13580583777820721
36100 296.40077175716504598
36200 295.60639111177152927
36300 316.60702471139256886
36400 322.66302928307567299
36500 296.97786500064330539
36600 303.84468429338255646
36700 307.14303834140559957
36800 328.25845640507435519
36900 309.00753989971667579
37000 308.34500158857821361
37100 311.51930009556389223
37200 319.66918699776437052
37300 311.1344539850179558
37400 307.36071368930686276
37500 302.87957537261030438
37600 308.99596373897014701
37700 330.95247432516612207
37800 312.79973718001491534
37900 335.60365753217229212
38000 311.59538459409526467
38100 291.10673962584365881
38200 299.13838394151986222
38300 309.68088486969139694
38400 322.15952619802231993
38500 322.11326094629561112
38600 314.63789784685297946
38700 313.34794963683191327
38800 325.69964204587068934
38900 307.58712207462076549
39000 305.06679931999963173
39100 293.49686439580733577
39200 326.16867667970507227
39300 310.69743002533755316
39400 297.82871928034950315
39500 314.27718027704236192
39600 315.6005926732823923
39700 300.66227798025335005
39800 303.53187641789935469
39900 330.29078882341076451
40000 309.16806309900442784
40100 305.19229284568120875
40200 321.74514237064198596
40300 314.97987219878211818
40400 314.93931890118955153
40500 301.34702903993655809
40600 304.63072426633601708
40700 318.05320810389412145
40800 309.75384822085646874
40900 303.71577884032552674
41000 305.56328334947187386
41100 327.72720145502876221
41200 309.62749963111269835
41300 305.59283852796335168
41400 323.77673057888193853
41500 313.78797974278467109
41600 325.12469789118995322
41700 326.17749781673444431
41800 328.1863306847932904
41900 295.45602028105923864
42000 315.37537580706174367
42100 297.91051408888500873
42200 328.07696904984675257
42300 303.12865008366208031
42400 303.6595133834250646
42500 322.04655015107630334
42600 327.68353635205073715
42700 299.55301437291234379
42800 306.57308564124758732
42900 323.38194420277426389
43000 304.13188849107751821
43100 304.85182084335997388
43200 304.13667981603532553
43300 303.78050399652170199
43400 308.02245197922343323
43500 321.09375860195149244
43600 323.10840908924859605
43700 292.69250348942352957
43800 311.05569312273206606
43900 312.27049471671199399
44000 298.18333020933846456
44100 313.63377691094876809
44200 303.6393046613825959
44300 310.70395916678739923
44400 297.48635314057872847
44500 306.09615532984128095
44600 329.13989252114248529
44700 314.78916796602226214
44800 307.42268163545844573
44900 293.55600608329712031
45000 307.42629797299213124
45100 312.55214253133527791
45200 307.64017404722335414
45300 313.25969998786524684
45400 290.07449328918448828
45500 305.65241687941789905
45600 313.75794614648333436
45700 307.78251952220728072
45800 310.12207986254713887
45900 310.18261512002720792
46000 314.5954515684130115
46100 311.34763179276967549
46200 296.82913573279290631
46300 322.39864207614243696
46400 310.21498273880627039
46500 296.16621429741542215
46600 298.50324046511423148
46700 304.87477772033491874
46800 322.31055031671832012
46900 305.46591622494059948
47000 300.31984418591508756
47100 294.74827601597746707
47200 295.49967624812518352
47300 305.99711433817947182
47400 319.17008226778602875
47500 319.45005526968810727
47600 309.64208661105789133
47700 315.41765847808414946
47800 300.20464595041210032
47900 293.18601723267676107
48000 284.80140225422434241
48100 314.76933273238125821
48200 313.65966211518315276
48300 327.88304106804253024
48400 316.05417205033813843
48500 304.18443867810782422
48600 291.84018012324264646
48700 303.67980620561957039
48800 293.89286371380387664
48900 304.64374158917559043
49000 319.96444566950833632
49100 310.78533443884111875
49200 304.41543534585298403
49300 328.6427190195850585
49400 299.49408044921148075
49500 293.74834458579761076
49600 307.351433490040165
49700 315.56266666374347096
49800 317.19927844666165129
49900 311.30569746817343457
50000 314.43236741706181192
50100 297.84160079770344964
50200 331.34262614327627716
50300 304.16350362179957756
50400 317.76033556999402663
50500 325.93147755792568887
50600 330.77452536814638506
50700 307.67677490420743425
50800 310.2480902769725617
50900 308.68215633373540641
51000 311.62135452240386257
51100 321.2156853744021987
51200 312.601862419609688
51300 322.16350247506801452
51400 320.88889909038675796
51500 318.83498788994063489
51600 306.13702348624775595
51700 291.24407482021933902
51800 303.67743957464011828
51900 306.56159202791735652
52000 323.27579652733385274
52100 305.72576845933923551
52200 294.1119052685557449
52300 298.68098629915010633
52400 318.25958837799305456
52500 316.5106493650611128
52600 312.8247108311763327
52700 302.34146146640222241
52800 295.00381274306994328
52900 314.22614188249804101
53000 323.61880936130489772
53100 295.5701937210617416
53200 307.13757331118341654
53300 342.93752243883722031
53400 318.56517666482005779
53500 311.74511348448004355
53600 300.91837208796670211
53700 285.66501044276424182
53800 292.26614520815280684
53900 308.2042634411801032
54000 324.341355100456326
54100 302.81438944607771191
54200 322.80389397541108565
54300 310.35512177472202211
54400 317.53416097067184864
54500 303.44715217305912347
54600 299.73312779530027683
54700 342.10904087064648138
54800 313.3605502198735735
54900 308.52231497855183306
55000 321.89593538523530469
55100 327.1342508835841727
55200 299.80472961741298832
55300 305.01727727387014966
55400 298.18586564716514431
55500 298.14133714164120192
55600 306.68835572024732983
55700 289.34796753741341035
55800 311.14293724873380143
55900 305.50521940994161696
56000 303.95255509935020655
56100 337.76747623695280254
56200 296.66962210768957675
56300 301.62542314093343521
56400 301.21979276595641295
56500 305.45505279224772721
56600 313.79771880998447386
56700 325.9618855425949846
56800 286.74094265063968123
56900 307.3318606083178679
57000 319.46691746542632018
57100 308.92272998451090871
57200 309.23597191196671474
57300 314.50221239988621846
57400 316.10496442614669377
57500 311.00441885373294326
57600 308.81301597467592046
57700 299.74582501007688506
57800 298.41696721153311955
57900 301.39891564381298394
58000 319.20548186694389869
58100 310.13413261233142748
58200 306.56200825119572073
58300 306.27545317499067323
58400 324.46254054958910729
58500 315.01133013723858767
58600 309.52122577880271592
58700 300.41826250678423094
58800 300.89320640185576394
58900 305.93347493399403447
59000 320.50466924833784788
59100 313.89101895713253043
59200 303.21386171203300819
59300 302.80327547002724486
59400 302.77250172072854184
59500 296.08822054050619954
59600 314.35903633151349368
59700 284.91421486107583405
59800 302.37713702364550272
59900 310.13452942984622496
60000 323.77871220737057456
60100 319.17407382125685444
60200 329.86519218029388867
60300 319.63244385894699917
60400 313.34835191515156794
60500 306.00819256316265182
60600 310.24260260288616564
60700 311.26546934843429426
60800 314.48859943918677118
60900 314.58244881219764011
61000 322.20335172952133007
61100 312.9881247164208844
61200 286.22693427117400233
61300 307.12550765022842825
61400 316.60025726422355774
61500 328.48585869149752625
61600 329.96932125095219135
61700 293.73562413161499762
61800 315.95449439364273303
61900 299.12614647971457771
62000 311.0219730514739922
62100 314.91709601412651409
62200 329.4094821172243428
62300 325.24411565229655707
62400 315.881359976736519
62500 314.94756302198044295
62600 330.19503909286072485
62700 315.5744539395353172
62800 300.33444702169072116
62900 307.55656708022831936
63000 311.31125511864746613
63100 295.31286570661734459
63200 315.04115676227939957
63300 309.93100491321177969
63400 323.4499390926189335
63500 317.89084778938558884
63600 307.20485356429759349
63700 316.89577329017720331
63800 301.47232553129225607
63900 299.15343939577434185
64000 299.35823105147215983
64100 310.88501066756828095
64200 315.62372369761891377
64300 304.27137256347111816
64400 339.89822599190136998
64500 315.14323743030269043
64600 305.48664073333685565
64700 305.3040211093990024
64800 315.97477801150989762
64900 317.54390363001891728
65000 321.92863236417059625
65100 303.79146997948947728
65200 302.69704832527571625
65300 307.59993485997443941
65400 317.00382820481712542
65500 307.08697839253949269
65600 303.27826733793432368
65700 315.44736883398252303
65800 307.13462726428855376
65900 302.95943994854422954
66000 307.27410510984049097
66100 318.655110808286679
66200 299.98796294158688625
66300 314.58082788945125685
66400 301.59109022931778554
66500 300.02683717388589457
66600 313.68976134192718064
66700 303.48651977202467833
66800 325.97433992744834086
66900 308.98660346879688632
67000 319.67343226754002217
67100 299.68770901655864236
67200 295.39726080688160437
67300 305.80563947013484949
67400 310.67049364668190492
67500 292.07165869032343153
67600 318.99051502711807871
67700 319.30673276722916398
67800 310.09855317835808819
67900 312.45323905221147243
68000 310.20459630293669306
68100 311.3698278448478618
68200 310.77474808541029461
68300 308.71631153561895644
68400 296.43574653912855865
68500 309.5754906662213557
68600 305.02207779505954477
68700 300.33601965422599278
68800 317.3094606696161577
68900 337.09548736180920514
69000 309.76633091184993418
69100 295.80196565645701412
69200 318.0290814679311211
69300 311.91452900392215497
69400 304.75794604859606807
69500 314.28566206158814111
69600 318.50511041090732078
69700 303.71738226572978192
69800 296.56622737875608209
69900 311.66663758416370911
70000 312.77400232537343072
70100 326.23954908598807378
70200 322.49619522389508575
70300 301.86040349147066308
70400 304.77655401951449221
70500 313.44119184492257091
70600 319.0666836555292889
70700 284.87027233676030846
70800 315.95310669566418937
70900 308.21838412454621903
71000 312.21964938535336387
71100 305.85879129744392912
71200 301.28598078222728418
71300 316.27229084081062638
71400 310.95310674824861508
71500 336.44246428654793135
71600 311.55130254318709149
71700 318.54071889505178206
71800 297.71431111654578672
71900 324.05414777252013891
72000 320.27525250196873685
72100 307.14892621966976094
72200 317.36226352866663092
72300 318.7812784712850771
72400 316.0475151379791896
72500 321.58840485178706103
72600 313.12573432493479686
72700 304.32857607038329206
72800 323.02269081926129957
72900 299.97062129690033316
73000 311.8766458445961689
73100 318.61081762046671884
73200 313.01080407460983679
73300 319.74468085916930704
73400 321.81817856969490776
73500 312.46861117359975424
73600 296.20584096703385057
73700 298.7359413561295014
73800 307.27241480947384389
73900 301.79136125533545965
74000 322.93379948916896183
74100 302.48733861989427396
74200 304.78962897712614222
74300 311.54926010542976655
74400 320.24662492074634201
74500 305.44986447803455576
74600 323.9747867006776687
74700 301.65529745600457545
74800 305.92640259085078469
74900 323.23625459383811176
75000 311.60181250126578334
75100 305.67491337076342006
75200 318.98878161971714462
75300 297.82836742624800763
75400 296.67530859354366157
75500 314.24607470190755976
75600 308.05649065485107485
75700 304.84026540669680116
75800 299.0112554443865065
75900 306.92617877355041855
76000 301.80031554907446889
76100 297.22977812469008541
76200 294.36052564119813724
76300 313.57800230427011456
76400 324.3675031875931154
76500 289.57332358464560684
76600 293.26281753233467953
76700 308.6610433864781271
76800 279.53168755904414411
76900 301.22002620249440952
77000 324.29255407433191749
77100 305.89055359669021072
77200 299.48905350399854797
77300 321.1788657647101104
77400 298.76539320085555573
77500 308.84916174953951895
77600 315.3532370105133964
77700 318.65691462149283097
77800 308.39332757366179294
77900 316.01241669252505062
78000 306.32794458044281782
78100 301.96760583292603997
78200 313.08133593225591085
78300 321.76785000135470227
78400 295.97822356659469278
78500 288.85195165900518077
78600 324.90540840495026487
78700 334.47433147676838416
78800 301.35805037811451257
78900 306.66809827448633996
79000 314.25977457738309795
79100 309.19347720428982029
79200 318.04706272837586312
79300 329.29566161914061695
79400 316.2295682883886343
79500 315.61186073423635889
79600 297.82002449621688811
79700 306.73538798332032229
79800 303.02061491571294027
79900 302.21843441676378461
80000 316.36682228693854313
80100 306.51932096890573121
80200 303.03507741969809786
80300 307.09949764446281506
80400 319.17481895525480695
80500 321.31914036170684312
80600 315.02033008115955681
80700 305.27187245464455145
80800 307.78960829538317512
80900 301.12869247190360511
81000 299.7365359597653196
81100 303.74755277757196836
81200 320.54502280115525537
81300 317.26735492361530078
81400 309.82432119767935319
81500 299.44717801117229783
81600 312.19483187755201925
81700 321.75481413004098385
81800 320.5847564875987814
81900 313.90800170419225879
82000 297.49307384958279954
82100 304.3231835969680219
82200 296.12375474957207189
82300 318.39583528853501093
82400 298.53299846551919927
82500 309.30671017015225743
82600 309.25651875375808686
82700 311.22219679803595227
82800 314.81551171595458527
82900 324.20449972302020569
83000 332.07019458038877247
83100 310.91640010484655932
83200 297.54285829319854884
83300 308.73953528370174126
83400 303.45876049290188803
83500 329.19859072414146794
83600 325.00615226409149727
83700 323.29589316785370556
83800 328.76220801684064554
83900 302.44076455428034933
84000 312.41157066672337805
84100 306.87615753764868032
84200 301.23262988401069151
84300 313.2658150265237964
84400 315.20336521304176358
84500 304.65584017490158431
84600 314.85251592049331748
84700 303.84277617758408496
84800 299.26773302415705302
84900 311.11590757100947258
85000 294.41811058674943524
85100 318.23459283997607372
85200 310.07289931065020028
85300 314.53334864273654148
85400 305.15484024352002734
85500 305.24555612285791995
85600 315.70955594416000167
85700 297.82771219194688683
85800 324.34728723135117434
85900 307.29029900219256888
86000 292.20494504729845175
86100 317.5158515987304213
86200 314.96444306736782437
86300 302.08396446407533631
86400 303.16968883627555442
86500 301.92674051958124437
86600 304.06673367862765645
86700 313.24104166418720752
86800 327.69389949552441976
86900 299.98604991046926216
87000 300.84334969110710745
87100 322.43252890459388027
87200 314.44263721632387387
87300 326.79283366238206554
87400 316.18250410145344631
87500 319.31638147870114608
87600 296.23340865735758598
87700 306.15085477443255968
87800 302.52773099635442122
87900 298.54818708266560634
88000 292.77482982285715707
88100 302.0471033325834469
88200 323.88818912326081545
88300 310.98242952279167639
88400 319.17187743082223506
88500 323.49860257090506366
88600 310.40323829056291061
88700 302.30550419217240687
88800 313.33285545140972772
88900 317.63966311930812481
89000 302.75852062998416159
89100 308.57734505951759729
89200 308.77233142972323776
89300 310.57309234640894147
89400 281.90438613936373713
89500 309.96708948430693908
89600 308.40126369844023202
89700 316.06200991811613221
89800 314.62627982704702845
89900 298.6797591704157071
90000 309.66058114398452972
90100 318.89630710478820674
90200 316.08626473909430388
90300 303.52331595254031527
90400 305.65887862073128645
90500 303.68627165277365521
90600 311.5872664397807057
90700 306.25371282279877505
90800 298.30177936111158488
90900 311.16609210125062646
91000 316.61288872275764561
91100 327.66074192526309616
91200 292.48758137504404431
91300 322.48822471865577199
91400 326.4228276652673344
91500 304.0175758781393256
91600 304.87941730815254004
91700 312.81023268355812661
91800 305.27523660810356887
91900 318.03633729596919011
92000 302.29921159103554373
92100 310.16988283922540859
92200 307.84272272963045225
92300 305.3521540663331848
92400 290.5512196808303429
92500 305.53332361832531205
92600 306.58456240138070825
92700 305.43287117262906349
92800 320.44534682550920479
92900 311.1025041693197295
93000 300.74974031442201294
93100 295.79281939573377258
93200 297.9378330041671461
93300 314.52358049247385452
93400 331.23053694329723839
93500 321.83931851766300269
93600 303.46605239267910292
93700 284.73313718806628003
93800 314.95236987419571051
93900 307.93738165553480712
94000 298.6679674077027471
94100 300.24750125757714159
94200 310.32960732224785261
94300 319.00775130773848787
94400 296.31700856193867821
94500 319.98048265720262862
94600 318.14520602164276397
94700 318.87478765431012562
94800 300.51985226832266562
94900 326.6280931730329371
95000 321.30443942956429737
95100 316.28842510859868753
95200 321.96924931554536897
95300 310.10393495999159086
95400 336.31528289335773252
95500 306.46433809483386312
95600 303.29958272063316826
95700 302.48519454740204537
95800 311.35561098041159767
95900 315.01218623136344377
96000 298.6014652594072345
96100 311.28523089950840586
96200 333.48675784968077096
96300 307.13310691003164266
96400 308.62356513961901783
96500 301.91833723540992196
96600 312.55645325066859641
96700 295.98530691438554641
96800 330.33779101635201414
96900 311.62685768920493956
97000 306.16886524190431373
97100 331.40429422497123824
97200 309.55964007041512787
97300 305.82879544554623408
97400 317.8755280740069793
97500 315.47030947692570635
97600 308.11314242667117469
97700 296.51999680417014815
97800 317.1579542026818217
97900 324.38166736048214034
98000 301.26500363392801773
98100 288.27155790060163554
98200 307.03832477422139391
98300 314.12934039093664751
98400 290.99970719210119796
98500 318.21928696322135011
98600 302.81566313565213022
98700 310.42997425271170187
98800 312.45003857900644562
98900 294.98498851920254538
99000 301.84184260334779992
99100 308.13846100267670636
99200 325.03099659782225217
99300 305.57694618602067749
99400 311.17350640494674963
99500 316.6731132293695623
99600 315.21329055418459575
99700 323.47929736529380307
99800 311.35512743228719046
99900 308.19702597260618404
100000 320.27156875484678267
