# Fix print output for fix printTemp
0 310.00000000000005684
100 308.75480847981316401
200 302.21850625542509761
300 294.26090749255843093
400 292.65999639801566445
500 322.69574772513550442
600 315.16049687186352912
700 324.56712586055709835
800 299.20124092824988793
900 301.23174645034407604
1000 291.37678671745555903
1100 299.00684729647747417
1200 314.69083632919728188
1300 313.95260347530546596
1400 289.83462864990116259
1500 311.71437298352515199
1600 307.41662700064978253
1700 326.91925555461511976
1800 326.60665166369051349
1900 311.47849851362337859
2000 307.31994259297579219
2100 297.69665933433492455
2200 314.9339157830436875
2300 321.40961461121986531
2400 299.05501505262793671
2500 311.92523999366494536
2600 308.04620064936477775
2700 323.09532024941120198
2800 303.07690272016736799
2900 293.90789223026570198
3000 295.07500651065845432
3100 302.65850719246441258
3200 312.80257775086226957
3300 318.00286838783534904
3400 335.27266967028265299
3500 306.93613366015790689
3600 311.93540639010791438
3700 308.12732288678512305
3800 295.00882991581244141
3900 328.24735641188760837
4000 319.41182727837269795
4100 306.45487213754705635
4200 299.60548501825161338
4300 304.66518700080428061
4400 312.6588917865412327
4500 307.82589649062674653
4600 313.50339623281098511
4700 325.36119196322937341
4800 298.9154116676742774
4900 297.80171678682228276
5000 301.66627090443921588
5100 313.28896190765226493
5200 327.55410003365886951
5300 319.31866993389451181
5400 322.07459001040155044
5500 301.53599376106143382
5600 310.30227427913882821
5700 329.21440817350821817
5800 319.65862485398548642
5900 308.72163671381360928
6000 312.7432624969516155
6100 314.4761653427514716
6200 291.43245202035654984
6300 295.23662995622970584
6400 290.76265870710778927
6500 310.92210101969550351
6600 300.47832621764132455
6700 296.49128085978804847
6800 304.97515222484821606
6900 312.43556402136107408
7000 323.4980303194279827
7100 311.96535894536305022
7200 300.05490683096957127
7300 309.00297930157859128
7400 317.13164652421357914
7500 302.44989604302503494
7600 310.97141559159939561
7700 315.08725151183847402
7800 336.60357702271937796
7900 301.60302780219336682
8000 308.15820164716296858
8100 335.92906802067096805
8200 306.15536531101781748
8300 285.87377395476966058
8400 287.82579037053858428
8500 306.53226365385626195
8600 315.43921098552903004
8700 331.36425881847907249
8800 311.76679151868779627
8900 296.74761940723101361
9000 315.81157006288111688
9100 310.86242532740226352
9200 310.32239568578717126
9300 289.36505557235852848
9400 312.61288513758171348
9500 304.04883511972940369
9600 300.22345186931863736
9700 315.42062971957096806
9800 330.14713687875888581
9900 316.96899250548989357
10000 316.1433810926522483
10100 302.36799314329624622
10200 294.80978991192466765
10300 324.66435111870157471
10400 301.23334282528753647
10500 313.17017984594997415
10600 303.32560794164504614
10700 318.73075214152146373
10800 338.72665639087153977
10900 318.13286867445913231
11000 305.43824630868044778
11100 298.99750657966802692
11200 330.37315829113094878
11300 326.07182458507548972
11400 325.7703852164294176
11500 316.34497396332454855
11600 290.6505083604703259
11700 309.57788762275419003
11800 319.43106991399764638
11900 319.7609788547080143
12000 296.63473922024894591
12100 302.10064281356858373
12200 299.02715237867892029
12300 317.51795119884206997
12400 301.95816986126664005
12500 291.36798246085271558
12600 304.13669881063418643
12700 323.37133138228500684
12800 308.988020853379453
12900 299.78997402044490173
13000 293.76604872179984795
13100 300.83768456510813394
13200 337.86287384988298754
13300 312.22062994990693596
13400 312.98784224519232566
13500 306.20623683300158291
13600 310.1222140102130993
13700 297.40805268706435527
13800 322.25189892054697793
13900 323.5447180629002446
14000 308.21592935560482829
14100 317.02524294629301949
14200 313.86773799447382771
14300 321.36222665239671414
14400 300.31283009379234272
14500 304.25169123348001676
14600 333.15330276302751145
14700 316.38379717323545037
14800 323.64754881799933628
14900 298.09540178555937473
15000 294.33757980652052311
15100 301.17517037792816836
15200 302.65607278145256487
15300 313.92620819778943542
15400 297.60663394081143451
15500 303.64113353126771244
15600 319.13689648561853573
15700 300.64487697302564584
15800 300.74948556082267714
15900 328.31685909310152738
16000 298.94862944017160089
16100 305.84756891269756807
16200 287.50294834273819333
16300 306.49673684239479599
16400 301.77947276837215895
16500 290.65263819385722854
16600 316.91682327489547788
16700 313.17402415818850159
16800 340.65714652666036955
16900 291.0422717178718699
17000 317.2181096557524711
17100 301.22232435129666328
17200 321.33694459982649505
17300 324.64134241201014675
17400 303.47860748826906274
17500 305.58425692805684548
17600 295.4167590229161533
17700 313.70837435081074318
17800 318.43799458910126532
17900 319.039338070185579
18000 324.85106154478347662
18100 301.17360931789193046
18200 299.50582944202596991
18300 282.72576977423875633
18400 310.10869234312838216
18500 312.69605202665223942
18600 328.68175961568948651
18700 304.98424549257845229
18800 314.73113402687204143
18900 303.32734937336255143
19000 328.88485752487315494
19100 319.56105882668811091
19200 309.52435531330939966
19300 313.76996099388912853
19400 308.84409630443576589
19500 303.90874495514094633
19600 293.30888670568720045
19700 316.29883200584026781
19800 318.08905718030524667
19900 304.72259961321140054
20000 305.92808494105213413
20100 315.89871394629142287
20200 325.90250195753390017
20300 302.77049223618166707
20400 295.76553562158989052
20500 304.28922498356735105
20600 328.92641399626324983
20700 308.48199424198122642
20800 313.89835025212522623
20900 314.36710105849994079
21000 310.56779028723781266
21100 309.8513248230131012
21200 297.68373515254461381
21300 328.75932693223484193
21400 305.00977259703785194
21500 318.69495541340631917
21600 304.58989898471025981
21700 295.83667458799379801
21800 295.1356262382805653
21900 320.34213785035035471
22000 318.755613110912293
22100 299.83509305103979159
22200 301.45912596745199608
22300 297.86743250352424184
22400 326.27927695173002576
22500 321.19642970797036696
22600 305.93729997301335288
22700 308.00873011277406022
22800 318.65171103525659646
22900 306.82678089409245104
23000 299.9377315572015732
23100 311.99169853518554874
23200 298.56956245087923207
23300 310.33735818110500304
23400 318.10863614661462861
23500 325.34999802693414495
23600 312.22095295370007761
23700 300.35869598025084315
23800 298.78103693591123147
23900 316.45963293849160891
24000 299.15470734849719747
24100 314.89990556877813788
24200 316.89973268035510046
24300 331.24981624319559614
24400 299.02840858519556377
24500 293.18500841097574039
24600 316.89531122536692465
24700 310.59665569252956629
24800 296.43593584857865153
24900 307.83621319014531537
25000 317.57334030065015895
25100 320.50004472669075994
25200 310.95832029498274096
25300 310.87353153380684034
25400 303.83087899941824617
25500 308.10253462643697731
25600 301.73613382616059653
25700 306.75299854558409152
25800 308.95835835805490888
25900 305.4990206458018065
26000 301.71839490304074616
26100 310.06347000556002058
26200 310.56600983217134626
26300 297.15050558208622533
26400 291.59278700737075951
26500 299.69499429544589475
26600 305.01948628986758649
26700 309.25087371976462691
26800 291.41247738534275413
26900 307.20791894989707771
27000 293.0383314945404436
27100 320.9059220948193456
27200 305.81724005120111087
27300 298.81228556839215571
27400 308.78328101541404749
27500 325.41530814206947753
27600 300.57630141423192072
27700 303.13736200909858098
27800 311.11683882522390832
27900 324.04365908368953342
28000 316.63682944694517118
28100 301.02011391755041814
28200 311.06203105154787636
28300 310.10659017940099602
28400 320.94483037272482306
28500 304.67080095696536546
28600 301.37921980736967953
28700 315.33891548499479995
28800 322.24159061946926386
28900 312.71717924008908085
29000 316.46112292411703493
29100 317.08608301552681041
29200 301.68628659710714146
29300 316.07709673772717451
29400 311.61443832486810379
29500 302.4810989816941742
29600 304.14737927537458972
29700 319.45749591977738646
29800 303.2843971966724439
29900 296.43110539858435004
30000 308.50308754650620813
30100 309.65944416438088638
30200 326.93967785184412378
30300 310.62907276500556009
30400 275.24091276431471442
30500 315.98652584724834469
30600 315.2167518315463326
30700 301.76273169559334519
30800 308.29935712823970562
30900 323.06958966135374567
31000 317.00158509596241174
31100 301.11283332646297595
31200 301.91816165764231528
31300 318.87669463325192964
31400 326.35890494482515578
31500 307.64401490321296251
31600 286.55823229665480767
31700 306.63027332214903709
31800 303.14432471777473665
31900 308.90222780446458728
32000 305.01174425508736476
32100 318.27064315706303432
32200 317.20323739615230352
32300 305.37978642876953472
32400 303.85464210755196746
32500 325.93990145685467041
32600 308.46128988375795643
32700 326.63105088884401539
32800 305.18530404192893002
32900 317.31575078958036329
33000 294.47522912091500302
33100 297.25877735159076565
33200 300.29583541573936145
33300 307.9846448448442402
33400 329.0558119284551708
33500 305.61172609019985202
33600 295.73210686274109094
33700 306.80559478768844883
33800 301.03769899709737956
33900 324.09615830699328853
34000 330.89365514105185184
34100 315.4269716929101719
34200 311.45789504682181814
34300 296.53099581728935163
34400 313.50226565999435024
34500 295.99435121928331682
34600 312.33651414808235813
34700 319.04954695763547079
34800 291.6112949605438871
34900 299.65438151880181294
35000 306.35994186586879096
35100 308.38374572822351638
35200 313.04899602366151612
35300 298.49894746533658463
35400 308.59323987837376535
35500 317.27446982578914003
35600 313.35770867920490446
35700 312.26337367165626802
35800 298.20512831736846238
35900 305.63894247195270282
36000 305.67258772762778563
36100 311.04678792981025026
36200 330.16033511952792878
36300 345.96429382038871836
36400 307.7158610377931609
36500 297.84780383152434524
36600 305.61522859885423031
36700 314.39292208235235648
36800 316.55009522356277785
36900 313.9564597629185414
37000 305.72333752563724829
37100 300.58618831797315352
37200 314.29967952755947636
37300 325.93733599563552161
37400 333.76583255220475621
37500 312.28276023858131794
37600 315.25058327268953917
37700 304.44547534189598537
37800 316.52883345630050371
37900 320.89254347123585376
38000 297.84766665511727979
38100 312.83006244254329431
38200 304.07554159474585731
38300 310.96296345905471981
38400 313.85476134243970137
38500 313.90442639568965433
38600 294.85629108403048804
38700 310.91329827071109548
38800 301.22675855055615557
38900 313.96575625882292115
39000 304.06818549137364016
39100 311.17013076233075708
39200 301.91722289026557746
39300 303.25945787737532555
39400 294.60587709045557858
39500 308.40863515301879261
39600 322.4437351954734936
39700 302.69565396702785165
39800 305.95027101365678845
39900 324.70357659429208752
40000 340.4102240217427493
40100 307.19287724149722862
40200 308.14548958913621846
40300 318.2559135761662219
40400 310.82327801706719583
40500 297.39910193511923353
40600 301.36066639243267673
40700 313.0668931529415886
40800 300.74384095602016487
40900 311.35960134452517423
41000 318.88757807935621713
41100 298.26504211104651176
41200 298.4376740901105336
41300 302.0281525494507946
41400 314.58256842463578096
41500 287.24709304597570281
41600 301.59094880238848191
41700 316.10183743952353552
41800 315.22978369713001712
41900 311.48715019187676489
42000 307.15310347537121061
42100 308.94875500426809367
42200 326.8526416185815151
42300 320.76347222137536619
42400 318.53304170397939288
42500 326.15628434136476699
42600 323.64794569904017862
42700 309.36660837087634945
42800 309.16438425212726315
42900 296.77377268957900469
43000 310.51025931173796835
43100 314.32687725403440027
43200 311.6810951744777185
43300 323.83170329091086614
43400 332.99159817259072724
43500 302.82130733524314792
43600 299.28594360055205925
43700 291.06884593684378615
43800 314.13339771902587927
43900 304.63535124793713749
44000 298.88756093115068779
44100 313.96754401172881899
44200 280.28398354918618907
44300 306.07471533659639817
44400 307.2531249867552674
44500 297.3498763850634532
44600 296.40322074411579933
44700 296.84251156417832362
44800 308.83307412464125719
44900 312.89353118867148851
45000 292.34845766973404579
45100 298.60018755250359845
45200 308.03420737517342332
45300 312.28208268130759961
45400 326.95857196792326249
45500 304.01734108521094413
45600 306.30389977864717821
45700 293.46688399105534018
45800 300.64894112127228709
45900 310.42850400662524635
46000 312.70377886622185315
46100 315.12937617724332995
46200 313.74177067041136979
46300 316.48282178466286041
46400 278.65041250000541595
46500 299.24914184324620692
46600 311.62543577376891335
46700 316.21726396858446151
46800 318.07551845213714614
46900 303.19448785499253063
47000 319.16121035521808835
47100 310.61357446897051204
47200 294.22016493005986604
47300 308.05380960249129885
47400 321.0197320632508422
47500 322.41340907335461452
47600 316.03815349781649502
47700 302.46454818633588957
47800 294.55994517432304747
47900 307.90490776392698535
48000 336.59531090556220079
48100 308.70111048030457823
48200 302.83678428282115647
48300 299.22049878441617921
48400 303.26018199495172212
48500 314.03793909775419024
48600 305.98986109946145007
48700 301.25925374085829844
48800 313.99009504489401934
48900 330.04732993106819094
49000 311.2263458371732554
49100 307.14078275202007262
49200 325.47648186659824887
49300 304.61379715616311614
49400 315.67640973348147782
49500 309.33265415336563819
49600 303.5749981904264132
49700 313.61546480817810334
49800 322.99086544429860623
49900 312.5803893970450531
50000 298.35982363032576359
50100 311.74364505987779239
50200 314.1714671650304922
50300 309.13158902207464962
50400 297.05725711381501242
50500 298.86549359307502982
50600 331.24244665666276433
50700 318.86133699637605332
50800 320.20416438930124059
50900 324.91994120293009018
51000 323.8186933061898003
51100 301.61000843838229457
51200 316.7612306161506126
51300 320.09597139683870637
51400 314.27271139987573179
51500 309.9497434080829521
51600 310.99239094934222294
51700 311.36421867429481836
51800 300.75608769866062175
51900 300.49647686485104714
52000 303.88297336238406388
52100 321.79161024003292368
52200 313.64725995802268699
52300 285.0301784146679438
52400 308.7961606908096428
52500 311.50363240390311148
52600 326.6981879919575249
52700 318.08436905273498496
52800 330.52306996128527317
52900 304.29010303646350621
53000 295.11958623451522499
53100 295.7216377366235065
53200 311.62143376648731419
53300 324.76617949343375358
53400 309.3765927592795606
53500 295.41288973499575832
53600 296.89870831411292329
53700 305.91525300044531832
53800 314.67727008699637281
53900 305.74449893056879546
54000 317.98213625485084322
54100 327.7841371711168108
54200 303.38793328805809324
54300 309.07950365060389686
54400 303.48336198990597268
54500 315.8632766199764319
54600 326.50137400372085494
54700 325.97001490009893132
54800 310.1912115699802257
54900 303.17636572560530794
55000 310.30330112713437529
55100 295.32072313993330681
55200 309.68687551739577657
55300 299.19416271287667541
55400 312.95677598042271939
55500 325.2559834190731749
55600 320.52139927247111473
55700 318.42671984572973543
55800 309.16837162240318548
55900 299.17929775089413624
56000 296.33451721760656028
56100 318.43792328243688416
56200 325.85432102871044435
56300 302.88550312143303245
56400 301.02033431257729035
56500 303.74812898373500047
56600 326.87541007795704218
56700 310.51986658646922024
56800 312.86150482798609573
56900 324.5876587454769151
57000 290.31453383356864606
57100 307.45015855490458989
57200 295.04479416353774468
57300 319.74688609275307272
57400 304.30302126667339735
57500 326.18172943584727363
57600 310.63252490842791076
57700 303.45587824998295901
57800 289.13440828926417225
57900 303.87332200908542745
58000 296.1656998265671632
58100 307.05081201396490087
58200 305.07798803915812869
58300 294.71470888650958386
58400 302.37140891887906946
58500 294.4430314486855309
58600 310.98979551203370875
58700 319.69494970877889273
58800 332.99281857498039017
58900 310.50031210453738595
59000 307.47515360137811058
59100 308.89368748080306659
59200 283.92304495867716696
59300 301.44385002115234329
59400 322.37216502196571355
59500 303.33482134209378955
59600 303.29574498208125988
59700 301.033812030410445
59800 291.51882222383136423
59900 309.52911598717906827
60000 307.55848416797078926
60100 333.88660935729177481
60200 312.12098907166091522
60300 302.45372489124054027
60400 323.26669800783292885
60500 313.76455134339039432
60600 305.84479907843075353
60700 335.03595443704142554
60800 309.24109326123027586
60900 320.29137078630299129
61000 312.39996490847397581
61100 305.63773394916370307
61200 303.26043811800002459
61300 310.41382036825342539
61400 313.46203409145988417
61500 310.0627354061040819
61600 320.46737142641779883
61700 281.57813024686072367
61800 314.03202163632471411
61900 314.96993973840631043
62000 319.7241735698724483
62100 302.81041107526527867
62200 298.81974316187887553
62300 317.43500189930779243
62400 312.94776511034746136
62500 291.35581134020139871
62600 325.1247086937748918
62700 314.97013963210753218
62800 332.45537072901487363
62900 307.35006165151395408
63000 304.10763435424098589
63100 302.24294859594277796
63200 292.44253143239853898
63300 304.33873785433172543
63400 314.03290004363924481
63500 316.64039982695453546
63600 309.28228535436255697
63700 296.07818619047225184
63800 296.38081659446805816
63900 296.46692314472761609
64000 294.54972952615725035
64100 304.03167600639676493
64200 336.31261349030370411
64300 326.56351553102945218
64400 311.23230826231031187
64500 297.11965621958131578
64600 326.36866429763756514
64700 327.15900579844964113
64800 314.90194975537065147
64900 315.17963278833661889
65000 296.16986548401365553
65100 315.35496921652969604
65200 319.14477716653931338
65300 318.67056539559189332
65400 308.36162914805260016
65500 323.18999976783391048
65600 311.31693909915020413
65700 300.92551697315428783
65800 308.68896272710315998
65900 310.28315461286103982
66000 317.06121186698226211
66100 307.27938065461165706
66200 296.7025040104248319
66300 315.41030502935660706
66400 305.95869140200545644
66500 312.98844542286462911
66600 314.33482961555671409
66700 326.93714584538821555
66800 304.78288044357782383
66900 297.9920626746136918
67000 306.19143466677041943
67100 310.54632536908866314
67200 318.62822191034621255
67300 312.36499629878204587
67400 299.88235184465338534
67500 300.0646382637639249
67600 309.29355926669029486
67700 309.44478376101210415
67800 309.64393718826477198
67900 295.74770907065033043
68000 309.84044757896572264
68100 327.77388131495962398
68200 324.64603924837234672
68300 317.33651213775266342
68400 300.2507226162380789
68500 312.157964206878205
68600 300.48740138156074408
68700 317.9411551005452452
68800 323.5100364770146939
68900 312.30371457408983815
69000 297.56134976692175087
69100 301.24221065216391935
69200 323.0030916044119067
69300 295.37539087410920047
69400 317.15405827925673066
69500 315.04862986685935766
69600 299.62367309826089468
69700 299.42500671184018302
69800 305.22988967377182234
69900 323.48860372461746238
70000 294.79526274521293772
70100 303.91905528229142419
70200 308.34840067278150855
70300 330.27898054333019218
70400 321.84223142515617155
70500 296.97208665436306774
70600 297.47040465165144951
70700 307.39257120327687289
70800 303.91922971664479292
70900 321.3965624106776886
71000 309.22266676026578125
71100 303.42113375525184438
71200 304.7431754645114097
71300 304.76897878590881419
71400 308.8821925838288962
71500 324.69145753852808411
71600 304.87891345715581792
71700 302.72464231331883866
71800 315.51169622935924508
71900 309.09942029679467623
72000 278.85660907858755309
72100 310.73818373111072333
72200 321.8731071983044103
72300 290.77870355175195982
72400 306.73882715150131162
72500 309.2906356774688561
72600 300.75339998090674953
72700 308.60540348524443743
72800 313.68964225851277661
72900 315.49013298019673357
73000 304.37153325317183317
73100 317.77358792495806483
73200 299.72633904462395549
73300 313.36440271977426164
73400 319.81215797578096272
73500 316.05280554500131984
73600 310.06351249319936869
73700 300.81579682646986384
73800 305.7683988889487523
73900 295.0358658856813463
74000 308.44170041071441801
74100 320.38721917020063756
74200 298.96797855784797093
74300 304.1570504855640138
74400 301.47702690484021559
74500 318.63832053704317104
74600 330.21847393561938588
74700 295.89864163402239683
74800 306.98793150558731213
74900 319.65607570657670067
75000 306.03568718407535698
75100 299.02084301422843282
75200 300.85928341210666304
75300 310.79862742040893409
75400 331.39470462808623097
75500 299.99534282852010847
75600 302.45619427718725092
75700 299.03336906156687292
75800 306.51622026631076778
75900 330.31383405488548988
76000 294.7385656579466513
76100 312.65490746123754207
76200 312.93620668018775177
76300 295.25015405646803401
76400 306.90252193131743752
76500 308.74094049277522345
76600 317.05024405487267813
76700 312.63157994210541801
76800 299.76056194806028543
76900 316.9059130815604135
77000 309.70065461363924442
77100 303.98742659519001563
77200 297.93785740906031378
77300 304.03760611206570275
77400 313.93154432985431868
77500 324.18959834922662822
77600 315.57461940374327014
77700 313.14442358239432451
77800 306.9823370548910475
77900 298.12126697372434592
78000 308.34009671600239244
78100 304.82266519541275329
78200 292.74401832238612542
78300 311.23932981685123877
78400 310.72172739120935603
78500 309.36701994290518769
78600 301.02399981990703282
78700 315.34998594101892877
78800 316.85156404593999468
78900 316.67869431014059955
79000 308.31028609315114863
79100 294.71006412806644903
79200 303.0479226900008598
79300 312.76930960050657404
79400 314.12669701915768883
79500 315.50778613617205792
79600 298.78136399340644402
79700 321.43538601084691209
79800 306.51526717557271695
79900 303.52191299326210583
80000 295.09920514402563185
80100 320.5536189938831626
80200 312.74120624791316914
80300 297.71587617722855157
80400 313.61510041104759239
80500 300.95308813652678737
80600 309.77275793730484565
80700 305.28171997682665051
80800 309.20225715320998461
80900 311.53131624079634321
81000 319.6508253728800355
81100 318.80398869300142906
81200 300.44371508431095208
81300 312.52341898175097867
81400 314.16555983976491007
81500 330.28826073178146316
81600 308.10710373330385892
81700 304.79415922458616706
81800 303.07524412920429313
81900 320.63241774814252949
82000 302.02525623210050298
82100 298.96150859724679094
82200 309.52313065442240259
82300 299.24599207107388565
82400 301.61161201411107413
82500 320.6293638749128263
82600 318.13787191194558091
82700 313.73662174086888399
82800 302.40959550374265064
82900 319.76532531870839193
83000 316.18378444334246069
83100 300.27924208082470159
83200 300.80021434641633959
83300 325.62170045148434383
83400 316.40650506667213904
83500 324.93730964405841632
83600 292.39632003778967828
83700 321.56833534779224237
83800 297.79506816042254513
83900 297.88197539222346677
84000 316.49058385717472675
84100 314.98127686690912697
84200 333.06721460243647925
84300 300.53039960085271787
84400 296.85580071913125266
84500 313.87664376136149258
84600 316.88527059906829209
84700 304.70491712641836557
84800 324.70464555813146035
84900 330.9729097511889222
85000 317.97450516894423345
85100 314.99780964534238592
85200 294.11812059542057796
85300 316.95231364612681091
85400 310.17498713038315827
85500 315.15646844286510486
85600 303.99203837532587613
85700 319.98807266842720765
85800 326.07704999543784652
85900 311.40923575668335843
86000 311.68876809287121432
86100 283.69696153784798298
86200 306.21294324779455565
86300 311.27939255305517463
86400 307.79070926060819602
86500 302.88923324603433684
86600 308.99656833470220363
86700 303.11285132851372737
86800 315.76133589692955184
86900 313.38746039553643641
87000 326.40843209270900616
87100 319.18515254376899293
87200 305.10744627262818085
87300 292.13975950870030829
87400 295.20259454476564542
87500 305.47358114141360375
87600 312.69084549392459849
87700 323.64241822577992025
87800 303.37426184369928706
87900 315.03336112596554131
88000 302.89954241390609013
88100 319.0792185147565192
88200 321.47002657019902472
88300 297.7757544302187398
88400 310.78153203132700355
88500 315.95186623005957927
88600 324.46688488575426845
88700 324.66147738081127727
88800 303.01305704452204282
88900 304.12379133758503258
89000 311.49222667731271486
89100 312.17369399349553305
89200 293.93132069740846646
89300 314.65440507024499084
89400 325.34294986952897943
89500 302.45725207201286366
89600 310.04066039492022355
89700 306.01822361012023066
89800 302.48501998819796199
89900 318.39569736496838459
90000 299.50856781749774882
90100 299.46124384174572697
90200 308.44566955574242684
90300 304.72693870965161977
90400 296.32863655427627236
90500 310.98876075549304687
90600 318.4405998893537344
90700 289.64952148053453129
90800 324.73207996917307128
90900 321.13284351617573975
91000 317.25611744541180315
91100 306.43949042667958338
91200 312.90868782168848838
91300 309.93442480883499002
91400 324.21106413989213024
91500 309.30855824254678055
91600 305.47745167350296924
91700 319.66229714054804845
91800 293.34626292519465096
91900 295.61140410195747563
92000 310.70265164953696058
92100 327.46141177132381017
92200 297.4027462531868764
92300 304.80297753247776882
92400 302.13394618952810333
92500 298.91271462872356324
92600 314.72235729103596213
92700 288.9477155360163465
92800 298.55793149379610441
92900 305.81179743481783362
93000 311.89718931428677706
93100 303.99052269437402174
93200 308.76591819021177798
93300 304.73509680684503564
93400 302.8567648543262294
93500 309.06787836835718508
93600 291.64962816693918057
93700 301.97851096768692969
93800 321.68857452565583799
93900 307.59563527350775303
94000 306.98389402344076871
94100 292.78393537628681997
94200 316.94527469917386497
94300 314.8933199506976166
94400 310.44227829137327035
94500 314.85566950478494164
94600 301.47844938392313452
94700 312.97741233443446163
94800 325.37826397522303523
94900 292.25704391671780513
95000 295.67138685682033383
95100 303.61572998756668085
95200 311.29673441047668803
95300 313.10383320398659635
95400 300.30493595518294114
95500 316.81542526619375622
95600 304.38122884644337773
95700 300.62509096897866812
95800 321.06834983528216299
95900 320.92774005470852217
96000 307.27367181765055193
96100 310.35345618715319915
96200 330.04773078071212922
96300 298.23870960915132855
96400 311.60128286075786264
96500 304.90674736723275373
96600 323.1587671455315558
96700 313.16987744380867298
96800 314.23751921507431462
96900 310.35079223664683923
97000 309.4609885767807782
97100 310.65229572115077872
97200 304.13261535762325138
97300 332.68975029549022793
97400 313.59150846943862234
97500 302.86189290715941524
97600 296.96802324484735891
97700 306.9890294639871513
97800 324.81362305769800969
97900 301.77458595734339042
98000 307.54895323202742929
98100 308.93547279516798199
98200 319.15722998453389891
98300 301.89495570843354244
98400 283.79827797161846092
98500 317.32338432619093282
98600 297.06528912543495835
98700 325.27634136395738551
98800 326.37381174056218924
98900 311.33031049249518674
99000 305.63690928569383232
99100 324.43024154994958508
99200 321.41782857750155245
99300 312.06503364406290757
99400 304.2210409478859674
99500 315.68416230632658426
99600 297.1290807415136328
99700 302.03057045433916983
99800 309.14405033930074751
99900 321.73095108318790381
100000 313.36497753105197717
