# Fix print output for fix printTemp
0 310.00000000000005684
100 312.82130156852321079
200 310.15813277855795604
300 308.11203857940432727
400 308.73066471018154289
500 317.65211471999413106
600 315.96585036119097367
700 328.21289289841496384
800 325.23531486274873714
900 301.47002957805580081
1000 303.38336908477708675
1100 312.26174648580109761
1200 304.14581140681258375
1300 304.54220242289244425
1400 313.69705140668810373
1500 334.32118571796246442
1600 305.74828538823322788
1700 325.25937727705377256
1800 323.48636472598457203
1900 306.57189371347294582
2000 294.36795560896001689
2100 312.53009661644523476
2200 315.13569304459969089
2300 310.00367844720250332
2400 308.22051302413046869
2500 314.10434913997659123
2600 312.66208474562796482
2700 303.68131944753213247
2800 302.37643842743653977
2900 302.64794826489224988
3000 305.71816485148548281
3100 294.06768958070506415
3200 322.259390655786774
3300 323.44588223710229613
3400 315.41000042983159801
3500 304.18284339826232099
3600 298.18606141123939324
3700 311.55033219124010202
3800 327.14318244231412791
3900 319.06826492860415101
4000 316.68614135011540611
4100 302.53743224672223278
4200 309.16554348716692857
4300 311.84800722484465041
4400 294.63715423623210654
4500 301.5734052256693758
4600 313.71166322559690798
4700 310.07132120104591877
4800 303.75741400666362324
4900 313.91571445110349714
5000 298.32705373520741432
5100 307.26283022272303924
5200 298.47727295563367989
5300 293.3539394591131213
5400 316.4010156156535345
5500 316.61864259005960776
5600 297.5074335658155178
5700 302.99911742399660852
5800 298.680816456773357
5900 304.83173915818520072
6000 304.84172928841758221
6100 309.53685122700795773
6200 308.24246470747658577
6300 295.32953685823196111
6400 294.43787667463664093
6500 312.01752441776170599
6600 311.68837482609740164
6700 310.14869424279731902
6800 288.13767936824308435
6900 315.15646173029153942
7000 316.42282237302293879
7100 303.62687771828086625
7200 300.74344744756416503
7300 298.14934826090961906
7400 317.27784599928094167
7500 316.84031321571791295
7600 315.27077582725564753
7700 313.61681444996946766
7800 311.16889113684140966
7900 331.06688282415683489
8000 331.46537750005495582
8100 323.60266113614471806
8200 315.95324830000464544
8300 299.6592332830604164
8400 316.07531587394515782
8500 312.35067817412942759
8600 327.89549934670509401
8700 314.96315795745078958
8800 324.07183013269747107
8900 306.598038158753468
9000 299.30881966475885747
9100 311.39646390049648517
9200 319.90967869804654811
9300 322.0194025322545599
9400 302.89388047616557742
9500 315.40195824999869956
9600 328.15851514096641495
9700 302.19168273981091488
9800 299.24424423780499183
9900 312.00139924551518789
10000 325.82011705460092799
10100 319.69842385877893776
10200 299.34643898106355664
10300 300.87282169341938243
10400 319.364078507749241
10500 322.30379257890922418
10600 335.08996639512645288
10700 310.09299383150681706
10800 305.57684577099485068
10900 318.34250583805112456
11000 316.3304311412477432
11100 292.31108948619578314
11200 307.13395632406661662
11300 308.83915271323940033
11400 305.51232797761639404
11500 313.29525777943013054
11600 316.39213375378483306
11700 297.55859731912551069
11800 312.89733320959442153
11900 319.03964296164843972
12000 325.20997483688393004
12100 314.45820369784587456
12200 297.55115815613731911
12300 293.48958927201897495
12400 314.64702358709092778
12500 305.41129532526394996
12600 307.95149494947776247
12700 302.49785313051501134
12800 315.25590832805971786
12900 312.09402329440587209
13000 292.47949602137219927
13100 302.99443343390225891
13200 306.15458764997856633
13300 310.37229609992925816
13400 319.35851321019271154
13500 327.01595736782536505
13600 302.21034474295589689
13700 297.76374278288847108
13800 321.62754034078199084
13900 297.38080176768949059
14000 310.16214118730704286
14100 319.49936792715476486
14200 302.68705051780892745
14300 295.7250049417530704
14400 291.99090099416514477
14500 293.94984168928158397
14600 317.32855905210158198
14700 303.59819446588653591
14800 311.9137493962794565
14900 288.01167750025712166
15000 294.48616247557953329
15100 300.58363683221062956
15200 301.74365214601334628
15300 309.58898592347941303
15400 314.19020473706962093
15500 306.30055708968143335
15600 299.96392081832379972
15700 304.50953423672228837
15800 299.64213841776114577
15900 326.89853651132654022
16000 333.48553885883626435
16100 326.69312025100896335
16200 317.24518051463559232
16300 300.09318024875653919
16400 303.98360435458965867
16500 307.00604379341058348
16600 316.43386300588599624
16700 316.63450087192637739
16800 301.76516186073314429
16900 311.22244040812421417
17000 302.39417384243807874
17100 293.64417451157885353
17200 309.01098792219011102
17300 318.80095108278879934
17400 302.91347210501538711
17500 300.27690293216534201
17600 300.67698924907853097
17700 312.19466802761570534
17800 296.92671629583674076
17900 312.75615189060926014
18000 309.65637351154958878
18100 310.4253655480595171
18200 307.93158003825476499
18300 304.37270202305631983
18400 307.65713624544548566
18500 300.27414493235545478
18600 307.50186517069528236
18700 301.12040786139175452
18800 315.45340146740358023
18900 316.24786004016232255
19000 305.50032046431550725
19100 298.70681260699285531
19200 294.71602972434789081
19300 307.41661457810130287
19400 324.24851971368656223
19500 308.09315986876316629
19600 297.69469590930253844
19700 298.93286658658075794
19800 311.46054471317739853
19900 301.74840830199730135
20000 310.2266791312884493
20100 322.39088545965779531
20200 319.31057631753435544
20300 330.70591516608590155
20400 316.97597990550679015
20500 312.59872130050547412
20600 303.76638692123668761
20700 305.88677484017006236
20800 322.38712061262054931
20900 302.54678207373251553
21000 299.67598128844525718
21100 306.13126226294923526
21200 322.6402352332195278
21300 301.1221578028996646
21400 290.70828140458775124
21500 304.82000999204410618
21600 315.33534717476754849
21700 312.36740463201937246
21800 307.57017311287887651
21900 306.08984680958769786
22000 317.21436989728749722
22100 302.24047082398493558
22200 288.13597730877148706
22300 301.0913906426285962
22400 309.11587609169606594
22500 310.52406994479559899
22600 296.79235480440644324
22700 298.23947986083686601
22800 317.03592880325055603
22900 310.39482762644291824
23000 301.24461846705440848
23100 308.92829948208049018
23200 299.82257035068658979
23300 288.98233472937999977
23400 318.68039721447456714
23500 305.20810366581423523
23600 318.37302575802272031
23700 310.98251013656300756
23800 299.08982157305058536
23900 328.93664966535288841
24000 314.09289177337399224
24100 316.30390521906849699
24200 334.1430619142858518
24300 297.89741971295586609
24400 315.68737466266429692
24500 316.99033467705964995
24600 310.80715767202428879
24700 304.98631741995461653
24800 312.59655681525799764
24900 321.32192624381087853
25000 313.98336120058490906
25100 318.73733603415854532
25200 306.21507130973157018
25300 298.61132633750787591
25400 313.93736175557882007
25500 314.79133405583922922
25600 319.16369330134830307
25700 324.16788522858126953
25800 317.48789184282350107
25900 305.90514210247016536
26000 307.7243249953876898
26100 313.63336485856103764
26200 304.42503435631016373
26300 296.96722627041634723
26400 308.69465835212173488
26500 306.43130195538049065
26600 307.05179540804942917
26700 327.29764322955520583
26800 301.36899434583887114
26900 312.27358912212577025
27000 315.00352175761571516
27100 307.13385703525256076
27200 305.17403351247634191
27300 298.91580361681508293
27400 309.2295486399976312
27500 307.39075990217605749
27600 308.1238849419751773
27700 313.96023901234286768
27800 323.16760543979057729
27900 314.27114011547570271
28000 325.13606326375713707
28100 300.49399947538080369
28200 311.6424739190780997
28300 311.86198541143426155
28400 304.82707541230104198
28500 320.22109805937236615
28600 329.42822794778925299
28700 304.57707465879150277
28800 290.67220794133419304
28900 321.49899957066361367
29000 310.23696704659073475
29100 301.44042610037064378
29200 319.62573426107587693
29300 315.72826285295315074
29400 317.69656091361866856
29500 293.68747536733837933
29600 305.9032146818673823
29700 318.15970493055385759
29800 318.7727611074569154
29900 313.79661114668351729
30000 300.77656958198008397
30100 289.45208372467567415
30200 317.49911281889478687
30300 307.74816923491221132
30400 292.93365664632977996
30500 320.68677957506167786
30600 319.44590585870292898
30700 290.98031833506564681
30800 303.35666951880432407
30900 306.66692791877079571
31000 297.19852675382941243
31100 300.32182522781624812
31200 319.03431059080151044
31300 318.94208308179605638
31400 329.59964293153768722
31500 313.01664854844716501
31600 296.28549764396973387
31700 296.19330696814643034
31800 315.29551076313146041
31900 299.11264521246027925
32000 310.17696011216548868
32100 332.05225150713187077
32200 329.94354256005357229
32300 310.31494660614151826
32400 303.24438051374761471
32500 304.4009100197390012
32600 316.73912308110493541
32700 304.68084208435675464
32800 314.19366454290599222
32900 323.42407882573922961
33000 313.70886737124340016
33100 297.50581263007831012
33200 299.16532374161897678
33300 309.6203302937184958
33400 316.41997703531671959
33500 319.79433159831154398
33600 294.99004274365046285
33700 310.84817143079482094
33800 307.63384227777913793
33900 300.5781227399725708
34000 320.65064102679650659
34100 305.89606477548426255
34200 305.5807818720280693
34300 321.24150936082196495
34400 323.9900591034152626
34500 303.80488889781457829
34600 311.70474061041380764
34700 314.6093802627440823
34800 334.52727514407337139
34900 302.57796701204028977
35000 309.28013882150276004
35100 300.43383980254554899
35200 302.90835191207048638
35300 308.33827341915304032
35400 296.5699167744057263
35500 323.93764694216491762
35600 304.54173389252269999
35700 297.98709502559859175
35800 298.92606040868162154
35900 320.67316599882536821
36000 323.76147966436474235
36100 298.58830796109202765
36200 291.58828943029419634
36300 307.80322667909433676
36400 305.08049621106579252
36500 312.91358569352183849
36600 327.27113197232483799
36700 326.85016845214448722
36800 310.06070906415641275
36900 323.40713132414720121
37000 295.99862430517146095
37100 309.78956651287785462
37200 322.29242789585907758
37300 322.51740653847980411
37400 324.12749145837580045
37500 293.2492193885491929
37600 307.17335823323168142
37700 304.31758495423787281
37800 311.33005676669148443
37900 323.40694121496864
38000 336.08531550695266787
38100 313.82436032729867748
38200 305.16431111389221087
38300 328.45411941832475122
38400 313.09944198595775333
38500 320.70372816277830452
38600 306.3162950764751713
38700 307.09687414294006658
38800 292.07066247158536498
38900 304.47873051129340638
39000 312.14637685860947158
39100 302.06083240386783473
39200 321.14856420915856461
39300 303.21275793288248224
39400 297.69244099628758704
39500 311.37759484517681585
39600 297.36370630933811299
39700 315.12790629902508499
39800 312.42298285178270589
39900 294.69567020434715232
40000 289.52302415858179074
40100 312.3528014495602747
40200 303.69796271240386432
40300 290.94409163519929962
40400 316.22032816857614534
40500 317.84745261956328477
40600 318.05440846480746586
40700 332.0001525888104652
40800 305.64674861687893781
40900 287.65105998300600731
41000 305.22058536745771562
41100 301.15669124161769332
41200 308.12573645173233672
41300 318.72776876383909439
41400 316.4445039795537582
41500 314.62516801016278123
41600 317.36341366707767975
41700 325.03808466425397228
41800 300.53275646579623981
41900 287.96709303835461924
42000 301.90346893257128613
42100 298.35949718625943206
42200 310.96248636973507473
42300 315.75837366795150274
42400 312.01627497095745412
42500 313.60138811128973657
42600 304.05325306994149059
42700 315.02289422567019983
42800 322.98876505859010422
42900 307.67830997503659773
43000 295.85744612283269817
43100 306.72106842170683194
43200 310.24275772919094152
43300 318.94182216212561798
43400 300.06506844076801599
43500 305.49576747600838189
43600 312.27799987103418289
43700 298.39381036656197921
43800 307.52981781279288498
43900 319.51459006571911914
44000 323.36536810421029031
44100 327.7830293491433622
44200 310.21326589433334675
44300 292.64953819268816915
44400 304.54329459904613486
44500 310.21353045113517055
44600 306.04204860421367584
44700 301.51307402011661907
44800 302.20584477034662996
44900 307.90362325680854383
45000 323.58952707890898637
45100 306.74051332785052182
45200 317.03553102252590179
45300 324.38477333983854578
45400 308.16113400380379517
45500 301.91082410045271445
45600 325.15823299125901258
45700 318.46990466725696933
45800 313.66510520519335614
45900 304.28057994564284172
46000 292.74106807955814702
46100 298.85355451265223792
46200 299.27727332178022834
46300 306.26328875061199142
46400 309.61188293860158183
46500 310.49856369740700757
46600 309.70173882523198472
46700 322.91969770103429482
46800 333.14339799131698783
46900 302.72992112300499912
47000 299.18442094615983251
47100 296.38403114876865629
47200 315.63302724016693901
47300 299.04571610459004205
47400 291.58836794338822074
47500 327.47179506257486992
47600 288.00340385843753666
47700 302.96476243807057926
47800 330.06230247464441163
47900 311.00881536846753761
48000 306.58945322349416074
48100 317.13991360209456616
48200 321.76951254951524106
48300 324.02055221181086608
48400 332.69470750880003607
48500 320.18836032877720754
48600 331.83658411665578569
48700 310.29737666881544556
48800 313.29060368907971679
48900 297.25340181690796726
49000 305.84398374080984695
49100 305.67359402152698067
49200 298.83720438695110033
49300 308.76579089123737276
49400 318.43977675004146022
49500 315.1473072067992689
49600 311.34296675354215722
49700 309.59949721569557823
49800 323.57859525587582539
49900 308.3894225360972996
50000 316.87362271025381233
50100 312.92481275344022151
50200 286.8170582891034428
50300 321.45443061064088397
50400 308.82360032364897506
50500 315.02058408488778696
50600 295.96676894493566579
50700 313.58232435832195506
50800 300.89461126851142581
50900 291.14379018734211968
51000 305.68519558906172051
51100 312.47757259984155098
51200 324.62973095385899569
51300 315.39519630986148968
51400 328.39720364030068822
51500 320.0196882354553054
51600 310.33955136440579281
51700 292.78767040250937725
51800 306.7329657470727966
51900 328.85681901210108435
52000 299.87930565493860513
52100 303.30563526141708053
52200 302.62752753251186277
52300 344.27194939257731221
52400 305.56542944965434572
52500 302.13581840566928349
52600 314.2186464847304137
52700 305.96854661616953308
52800 313.58097259799393441
52900 303.16593035238503262
53000 318.15750407262612498
53100 305.17010464809061432
53200 293.65512379424120581
53300 321.52337964763944456
53400 305.77197891465453949
53500 309.70029604915720256
53600 309.81178617815402276
53700 301.72663799143680308
53800 304.32693884001633933
53900 321.61538925553600166
54000 302.8398301127209038
54100 296.99305004947217412
54200 292.34968428856979017
54300 301.30947692433187513
54400 313.15491900917265866
54500 308.84209215571200957
54600 307.11980011934946333
54700 314.17357860132131009
54800 320.09476885985532135
54900 309.7681340735528579
55000 309.24644297049979969
55100 308.82799239270309499
55200 314.05726740148600129
55300 291.15941219873229784
55400 301.67161388991962667
55500 318.22700167264218862
55600 334.19115980655976728
55700 317.25726442049625575
55800 317.53497776571350641
55900 322.71322470001081228
56000 302.29748157458476499
56100 299.99607991236450744
56200 312.51614471016682728
56300 309.3012545061376386
56400 313.10181196679320692
56500 313.8509581654292333
56600 326.27326425422785405
56700 316.70264945096732845
56800 291.52397408329039763
56900 316.40998077963098467
57000 313.84558271655816952
57100 317.39693905392294937
57200 332.17529447935777398
57300 314.37103596390380744
57400 306.41386144973915862
57500 296.40699932266210226
57600 309.99607579411872393
57700 308.1201237823402721
57800 298.22962619825631236
57900 307.33542854904635533
58000 290.22051275955345773
58100 309.84633637189233468
58200 311.17946635079556472
58300 306.16920772466141898
58400 311.40253659154348043
58500 295.57821668577770424
58600 299.64833858357826557
58700 302.30813215640080216
58800 305.78287714032967415
58900 315.65108439804242835
59000 313.23941071290482796
59100 311.81097183918700466
59200 329.55021636988755063
59300 317.34043353909004281
59400 301.21775534235030136
59500 315.60959447803412559
59600 318.87063625893841845
59700 308.72389552433583049
59800 295.29617609459353389
59900 285.84348805468880528
60000 307.81547269298636138
60100 306.13268926514967916
60200 287.33339292990683589
60300 298.75074276381604932
60400 315.92669359010858443
60500 313.73498423331989216
60600 302.47531570035920367
60700 292.06560282534411499
60800 300.66958080592502256
60900 305.69022307861757781
61000 316.79176233962289189
61100 314.02600220160508115
61200 309.33657270641720061
61300 307.73663860369009626
61400 316.64197316701228146
61500 296.48916938086784967
61600 311.78336678622383715
61700 332.54690684698664427
61800 309.80440017230040439
61900 311.83920569317604077
62000 327.25951512282523481
62100 310.77199016646147811
62200 313.44639717206428031
62300 302.00712472802104003
62400 300.79736256422677343
62500 303.4478777520862991
62600 312.56244530919957469
62700 319.11171046200462342
62800 312.81874733675471134
62900 288.72274911744932524
63000 312.20707833001659992
63100 311.08756343843998593
63200 300.90779178489128753
63300 295.73677005200124768
63400 298.99245482804866469
63500 330.1924224220269366
63600 314.77663260236079168
63700 300.11610988734429384
63800 294.45505420336940006
63900 310.28076516467007195
64000 320.62251253774383031
64100 290.91171652446820417
64200 300.46498601166604203
64300 317.88185200365467153
64400 297.98714065691336828
64500 315.17103249321860403
64600 320.98623497759183465
64700 304.41614985482556222
64800 306.94798683830214259
64900 312.0445300673067095
65000 297.56499137615452355
65100 299.58126244499823088
65200 301.45648787061844587
65300 298.60026903357589845
65400 319.04243918282412551
65500 301.32212074999392826
65600 297.55974605644820485
65700 315.26032682616835245
65800 319.90226185893197908
65900 321.95792853993322069
66000 311.59125828135449865
66100 311.04189020392698239
66200 312.23800819012058128
66300 309.658534781985054
66400 303.56709331725585344
66500 300.24856916873790169
66600 306.74378222995386523
66700 307.04248500871153738
66800 316.00435701642913955
66900 315.99896443917384659
67000 312.18217488562214612
67100 302.67279295948117124
67200 313.21389157193800656
67300 311.90353077620426347
67400 291.10638327272135939
67500 297.00855928624787339
67600 295.35908425109414566
67700 301.39319391333248177
67800 316.98698719221283682
67900 319.14644888768771125
68000 323.27940949761813272
68100 311.13433414873190941
68200 293.26114295026570744
68300 307.47150883556219014
68400 320.12609038325200572
68500 301.60608951786565513
68600 297.44519424788040851
68700 316.65566954267143274
68800 314.78687473867529434
68900 320.54444063903912365
69000 304.77579125125242854
69100 306.40817177287271988
69200 296.91533396012596313
69300 297.56813231876446935
69400 309.95082343537757197
69500 315.71907510412790998
69600 319.68464240204713178
69700 327.24697531420878249
69800 311.96540135051338893
69900 303.91524859584797014
70000 295.28798526192042573
70100 308.23063009361834474
70200 324.03967820344860229
70300 319.69112039389591473
70400 304.69089894122026863
70500 305.191095091936063
70600 315.1140761011110385
70700 303.12716163353724141
70800 291.88190657217887747
70900 318.1594923006301201
71000 311.19316355603888269
71100 303.46108483971875103
71200 296.71316289461441329
71300 301.73012482259338185
71400 307.22359679158955714
71500 307.35631139886316987
71600 318.45236438456055339
71700 323.74489317634959207
71800 319.27294805930370103
71900 295.26524242320829217
72000 317.97750001267348807
72100 320.21987896647561911
72200 321.78111559862043123
72300 331.83045290062625554
72400 316.54663972682891426
72500 316.44241463798573477
72600 286.74169692387647501
72700 308.83862836171783783
72800 321.90838436867312566
72900 303.0127485954718054
73000 309.11118684192592809
73100 295.04351913118216544
73200 305.81946401575527261
73300 302.18643162212543984
73400 303.10749504829311718
73500 296.15639912061232053
73600 317.97880552201172577
73700 311.25723471705458678
73800 298.66501853987688264
73900 307.17412918749926121
74000 305.43808352894228619
74100 326.21776448943177229
74200 312.37328756011197584
74300 307.33670984165729578
74400 293.90722673780896912
74500 322.38565071454388544
74600 320.34319811816538959
74700 325.52297926234433589
74800 318.25526120132695951
74900 293.53710030168520007
75000 311.629982321459579
75100 297.73124989669776141
75200 319.02758014852480528
75300 304.84519466290288392
75400 305.91128753960089171
75500 313.31158439010272332
75600 315.43223114323325262
75700 307.95635806833712422
75800 287.16772420831063073
75900 302.50074729618864922
76000 314.85718094819134194
76100 329.80421922810620572
76200 317.35825721538634525
76300 290.1127178884987643
76400 317.26190436715472742
76500 304.54398959338590203
76600 305.16023113926041788
76700 315.05848234425633336
76800 319.79601413836917345
76900 300.03228384166601472
77000 293.34696563892651966
77100 309.96484782179732065
77200 319.327349134212227
77300 303.99625279549928791
77400 302.49173836378668057
77500 292.69259868232137478
77600 291.03786300636011219
77700 307.83782502072813259
77800 317.95545601861539353
77900 320.3985146481276729
78000 301.23483302433970721
78100 308.25531568375527058
78200 315.36553260793283471
78300 300.41374874381602922
78400 297.15673152070110064
78500 309.39403909765411527
78600 326.14145019723542873
78700 313.82146293362956158
78800 298.2912846724181577
78900 325.66563297437801339
79000 305.87575713380840625
79100 298.97146444924504749
79200 304.09199735261665865
79300 291.94137778721932364
79400 306.58895086162090138
79500 306.31797191192021046
79600 296.64539468674536238
79700 316.72214161922283893
79800 308.97336408307535294
79900 324.97450386887669538
80000 310.18857983103526976
80100 316.80208736843530914
80200 305.01722083045444833
80300 320.82402832202870968
80400 302.23662914141192459
80500 303.55930555000298909
80600 308.05022774518857887
80700 329.05081130917074006
80800 308.45498649296524718
80900 330.2513823963782329
81000 314.04449348888374516
81100 310.6443835415809076
81200 315.67041780689947927
81300 311.40935443692529816
81400 312.70051699743015661
81500 311.99169892431632434
81600 305.08834223413481368
81700 302.02516035709004427
81800 318.93825892408608524
81900 319.63761170010241131
82000 325.75668313115784258
82100 309.50093540982328477
82200 308.60190380692421286
82300 298.29503408029091815
82400 306.08487900882437316
82500 318.42704599425218248
82600 307.98863697556612351
82700 308.29987035386511707
82800 317.58896827113170502
82900 313.78897789165353061
83000 298.81266064710246155
83100 316.9839152454007376
83200 311.00363592099319021
83300 296.74575551355951575
83400 312.34635689046911011
83500 311.43750020055881578
83600 322.63302377017464551
83700 324.00357668949158096
83800 316.04587052647042356
83900 302.2042329658237918
84000 291.13610766208097402
84100 321.37177369706085983
84200 310.46561107435451277
84300 316.29559461804632292
84400 322.75508168642011242
84500 312.86899822331770338
84600 301.60194749725548036
84700 310.69454347968786578
84800 312.92178987997101558
84900 317.94176070160744985
85000 320.92450623910286822
85100 312.08374498896932892
85200 304.03232673104946571
85300 310.82419425964627635
85400 328.48682862818191097
85500 312.69907672322079861
85600 292.04406987682222052
85700 305.41238266137537494
85800 295.35971679781914645
85900 314.6114979682571402
86000 315.84185175424119052
86100 320.4842958806950719
86200 324.41155112251567516
86300 308.94212238329214415
86400 309.82629219169263024
86500 311.97916645929814194
86600 307.12922050900493787
86700 310.93442871729786248
86800 313.83140905231476836
86900 314.79417108126051517
87000 319.49685399739172453
87100 316.56890904736468428
87200 319.75072280990730178
87300 334.44374731780663978
87400 321.74787616466835516
87500 313.19915028661137057
87600 298.11884657447586733
87700 305.5563654167782488
87800 302.74746448274385102
87900 312.4345583109318909
88000 323.67725229578650215
88100 324.49452113569208223
88200 301.4820918876071687
88300 313.71044214434954256
88400 311.31773815606283051
88500 307.86363933615785982
88600 292.79708812242409977
88700 295.22735036300326783
88800 316.30389038250240219
88900 317.01769048595042477
89000 333.69099209195815092
89100 305.9593795929956741
89200 308.41630083108304916
89300 306.10008481021617399
89400 315.9926619830009713
89500 307.895027442049809
89600 334.60539852906384795
89700 317.99868784095997398
89800 312.19743142404399805
89900 321.84830576338197261
90000 297.57935720423142811
90100 304.83355698778575515
90200 307.52318628654666099
90300 306.70510768101092935
90400 317.921818409324203
90500 315.89114844224451417
90600 306.29705390871112058
90700 312.7349744292571927
90800 295.96103349490510936
90900 312.1748701764468592
91000 325.24354328455882523
91100 331.15574848955117204
91200 308.45992267104497842
91300 297.31312913429383116
91400 292.06444375327311036
91500 296.79055197676484568
91600 316.83349550769753478
91700 309.96221690231953971
91800 324.75452827004920664
91900 324.30782530240844608
92000 317.99094615432460387
92100 285.43894470115594686
92200 320.62282616029926885
92300 314.17028659694295811
92400 277.48869816587813375
92500 310.30803959018584237
92600 314.00377076965412471
92700 304.46700337551538951
92800 301.39690998872384853
92900 304.17951764121443148
93000 313.75750252402275464
93100 321.90444014865380495
93200 315.36315008610029054
93300 301.9086057987653362
93400 311.14517934038997282
93500 326.61042252030682675
93600 310.81028810743350732
93700 298.552534152337671
93800 307.59458223595987647
93900 299.81723184253598902
94000 301.11245238792162127
94100 299.24238949652885822
94200 305.76013866935738861
94300 316.67392903475729327
94400 309.69469127998996782
94500 314.67636927555741977
94600 314.95115073167147557
94700 308.75568481624287642
94800 306.22112265761239769
94900 322.32723833520520884
95000 305.57689695907714622
95100 320.37109635593975554
95200 313.53748337893563303
95300 292.0612955249883953
95400 303.10075652439093119
95500 305.13071024361215677
95600 317.57131294006296685
95700 301.13402749822341775
95800 301.93302861045481222
95900 318.85615736681671706
96000 289.74669642869781683
96100 315.39872181176525601
96200 309.40427844694573878
96300 309.39427606203298637
96400 317.02511817744232303
96500 322.67357395234773776
96600 312.94764975281270836
96700 294.19969321364453663
96800 306.21873460859575289
96900 322.10155632567074235
97000 310.57962607890783602
97100 308.81061530306294571
97200 326.5907229707671604
97300 304.8015178313031015
97400 322.73715672137512911
97500 309.50189126506683124
97600 302.20892646136962867
97700 304.44396066508852527
97800 302.16579455463380555
97900 296.41194893994997983
98000 310.78298295435496357
98100 314.17668378090979786
98200 332.0423548871139019
98300 320.70981822773222802
98400 314.04781567891274108
98500 297.61062339308324454
98600 288.63473166049521978
98700 312.63075048127745958
98800 301.5610910407814913
98900 301.78186669000405118
99000 313.67590009112592497
99100 330.73265680053464166
99200 312.20204796196736652
99300 297.59356727262445474
99400 306.99895008377353633
99500 296.95262579151551563
99600 319.24094280040566218
99700 297.72252487555721245
99800 304.24931417898324071
99900 311.50555087391990128
100000 312.5363895591100345
