# Fix print output for fix printTemp
0 310.00000000000005684
100 306.26753149890498662
200 304.47595033391934294
300 294.80180385450262293
400 302.67104935323163772
500 330.95675976857262413
600 318.47614468513154407
700 327.95805324588258145
800 293.71159305510701643
900 303.1931661941732159
1000 297.30284201357699203
1100 300.67058425615022088
1200 312.2671425595646042
1300 319.13862376488572181
1400 309.63902965642080289
1500 316.60277433534236025
1600 282.04384251746324708
1700 299.27119909528795461
1800 316.91904102877845162
1900 310.3598066264653994
2000 305.98710491010473334
2100 309.20819156301479325
2200 328.49581985415107965
2300 290.22569259337910808
2400 293.84273019383385872
2500 284.23721432053366698
2600 313.20158296187793212
2700 336.48978325492464592
2800 316.01061220825664577
2900 311.58768964495942555
3000 305.01884122534301014
3100 304.33581002520276115
3200 302.9300567061189895
3300 309.72361298505273908
3400 310.41097071346229086
3500 306.37316020231907032
3600 298.12962205030129326
3700 310.57828061092499183
3800 316.52586010738531286
3900 318.96108042075451294
4000 318.51034505107242012
4100 308.7096694530467289
4200 310.03446521385103551
4300 312.77233648597655247
4400 314.0751156814251317
4500 302.26181446195886338
4600 319.91474638889104654
4700 330.13564121467686618
4800 307.82848921366996819
4900 295.41955458428037673
5000 282.88424131088459035
5100 304.06286766528177168
5200 309.51486334460298622
5300 314.21308891084402148
5400 306.32692246110349288
5500 302.05227414117319995
5600 308.62988700242749474
5700 306.77863097391866631
5800 312.55053620070646048
5900 316.72389709835624672
6000 319.98323784000268688
6100 318.39399608340352188
6200 319.25532228765825948
6300 287.73313151077724115
6400 307.8117561315903572
6500 316.36259451935950437
6600 326.43266217952117358
6700 331.67565948251177588
6800 299.24346163903896922
6900 292.85261183832199094
7000 290.97951824251157404
7100 296.11026852494160266
7200 313.17400034415976506
7300 316.44333857662087439
7400 317.48124355130551066
7500 300.9652767317091957
7600 327.64715454940301242
7700 305.52648618768694178
7800 306.64010735451142864
7900 302.92779170514603493
8000 315.36102328955263374
8100 311.56420484729136433
8200 288.24962037176607055
8300 302.63892579632693014
8400 293.5789764035847611
8500 298.07555115290813319
8600 306.09838573996501054
8700 334.03251586672587337
8800 321.44680116360535749
8900 324.32408789817537809
9000 291.42045310382388834
9100 303.37040672201811731
9200 311.34599938634084992
9300 304.25804678025616568
9400 304.89031731017922766
9500 292.4876084234046516
9600 317.86150130609308917
9700 307.03313248807086211
9800 297.11161019221304969
9900 317.26918225988839595
10000 341.16332020059661545
10100 312.62715323001043544
10200 283.57954742694687411
10300 308.70742220952132584
10400 307.33026289599268921
10500 321.06194705744150042
10600 318.26734549568504917
10700 291.65591571972544216
10800 308.105321547943106
10900 308.24532150411874909
11000 314.62205832700607289
11100 306.12012468680597976
11200 315.37218906890507242
11300 320.03285152971898242
11400 319.05118636203849292
11500 310.47281577586716139
11600 295.89604006593805252
11700 293.60605710062043272
11800 306.24321705733012777
11900 324.60729880910020029
12000 316.8659140390048492
12100 310.87306438491390281
12200 278.51241722000548862
12300 305.47250842462756282
12400 321.17302246278154598
12500 290.28296320362517235
12600 320.08212515527526421
12700 315.608462404505417
12800 297.09573243590716629
12900 296.70201855335670871
13000 308.60268749120069742
13100 317.24633371800990744
13200 317.62547633868780395
13300 307.95626451980388083
13400 307.55500903463405393
13500 294.87221823566113699
13600 313.77062928840615541
13700 301.48079945303044269
13800 324.10065147693302379
13900 320.8269563279753811
14000 311.81978892606741738
14100 308.23323940827236811
14200 295.12088285045319935
14300 301.22663277887528466
14400 311.64338164210084869
14500 321.22166930467295742
14600 318.21452246367977068
14700 299.75617422989972738
14800 297.5161319154708508
14900 294.82542321989711809
15000 314.35251207222700032
15100 302.00309624010645848
15200 312.47960579027972017
15300 310.44759310055536616
15400 286.43609941178743838
15500 301.58270236832760247
15600 306.12995989846058364
15700 315.18338260962178765
15800 318.06256167927926981
15900 292.87226355117746834
16000 328.4826305647147251
16100 333.17874760251305588
16200 312.31373241666631202
16300 310.70970795576818091
16400 298.59951920057056896
16500 317.51893176836489374
16600 319.99700028931476936
16700 318.90953791020359631
16800 316.55489261322861694
16900 306.2268223340130362
17000 291.60523443237565289
17100 298.952492204236421
17200 316.15193463798476614
17300 331.48035812896415564
17400 308.82159399297762548
17500 309.76870485580707282
17600 308.54068059963611859
17700 294.28731127768219267
17800 310.01402025806834217
17900 314.18349540967705025
18000 315.3513580621923893
18100 316.63152222546460735
18200 305.41336999802490482
18300 313.99470872308762637
18400 311.78966474100855066
18500 284.87428760202777767
18600 320.7389184008654297
18700 286.87854186447276561
18800 312.94753557251482334
18900 308.57718390217064552
19000 318.71206590024632987
19100 294.12711552257235326
19200 302.88925629383442129
19300 308.60850082852937248
19400 316.81002697852829897
19500 321.90621291654360903
19600 299.09790428474883583
19700 304.19885187988700181
19800 302.45571403026144708
19900 307.8768791182676523
20000 293.21827184622213736
20100 316.08748913606473252
20200 310.03739921718397454
20300 308.9714466573188929
20400 307.88665514193377248
20500 328.01332395958002053
20600 335.65866625305284288
20700 305.41834334882196345
20800 300.83414393066578896
20900 305.77681241834136472
21000 325.33199033304526893
21100 312.10555968640352376
21200 306.32714822007665134
21300 311.44797254058414637
21400 324.20286464802461524
21500 328.47073113741407724
21600 311.82836982623416588
21700 312.24089921291243854
21800 300.34064830758120479
21900 326.29192988648253504
22000 306.82695332196419713
22100 315.41399346874561616
22200 329.32758700419037723
22300 324.07424760713644218
22400 306.91606488852613666
22500 313.96645024280724101
22600 301.32032981449719955
22700 302.60704584658401473
22800 321.46993486130969586
22900 308.86894665841816732
23000 317.68658187270511917
23100 301.96752184402021157
23200 307.13132706125855975
23300 320.67100445732734215
23400 322.33640915617115752
23500 331.22431422389706768
23600 310.69369697990043733
23700 320.54703137289084225
23800 307.75803101578270571
23900 307.74044206967550963
24000 300.64041192690012849
24100 322.1882900926047455
24200 324.87069233390690215
24300 313.23598383336570805
24400 293.86597378272921333
24500 314.95036106836255385
24600 301.53708411168707926
24700 324.06987923010734676
24800 287.67876813893280996
24900 313.67814059664124215
25000 319.84768031564584589
25100 330.94995172287349305
25200 297.83552557471978162
25300 305.22604352977106146
25400 326.19969377800839538
25500 322.96148978491891057
25600 317.02077324954058213
25700 295.59506526941351012
25800 297.93981219101920033
25900 318.51847740978666934
26000 321.90379768817649619
26100 323.53266132891423013
26200 322.44784445015392293
26300 298.29860076819721826
26400 296.12291107545729574
26500 307.98691759277005531
26600 304.41258884978157084
26700 307.73532795541825635
26800 319.61961578240448034
26900 329.01056605498030194
27000 299.39068066405570789
27100 306.86803850755308076
27200 298.58377419803957764
27300 312.51781310960762994
27400 325.6907808684609904
27500 326.45312929030785654
27600 299.1746163107638381
27700 298.15994944863183491
27800 309.35689716544254679
27900 323.07601454526349016
28000 314.63011877855791454
28100 334.31827953363722372
28200 303.50273777637750072
28300 300.35217092128635841
28400 326.69115843704082636
28500 310.41270619911711037
28600 313.65127083068040292
28700 323.99123262840828374
28800 316.91701959827406654
28900 304.99250740879807609
29000 308.22407954160246391
29100 309.18190309481764189
29200 314.10533424385886292
29300 316.01558724162407543
29400 322.42842499106183141
29500 293.40608597108655431
29600 303.6975455463406206
29700 317.0236973299728902
29800 308.8305748385311631
29900 296.55456810695886816
30000 298.60025869830303691
30100 311.55568788232562838
30200 301.87754000039291213
30300 327.99089454385114095
30400 308.2705225318601947
30500 319.83185176929299587
30600 323.51127798393872581
30700 304.11065678353799058
30800 301.12740377166562666
30900 331.94005549712562697
31000 318.20078725204967895
31100 305.52905738454148832
31200 287.7468787197947222
31300 297.32647323179304522
31400 305.08738947305278089
31500 304.17991607190742798
31600 333.18575013340330315
31700 309.92475706497890542
31800 321.07660806461348102
31900 302.28103314690298475
32000 302.47869105088648212
32100 302.41935370078067535
32200 308.70959085688150481
32300 316.82604396850592821
32400 327.30104711435632225
32500 316.44036105096336087
32600 304.67322801454275805
32700 299.91260883612449106
32800 306.3679485670790541
32900 315.38868255871767587
33000 320.36683460623453357
33100 301.00037601546654287
33200 327.4148098446925701
33300 309.40586846906046503
33400 298.06242410175536861
33500 315.95326262423458274
33600 312.95417843419664905
33700 311.28210180161153176
33800 315.11762243996429333
33900 310.58254534121459756
34000 301.65935802143150113
34100 320.46504251102470562
34200 314.18304815233648242
34300 302.75024171545487661
34400 303.55202231416927816
34500 297.75467373053095343
34600 316.03358041677785195
34700 293.62137341348386599
34800 315.20218144098595303
34900 315.00256613073884182
35000 301.97645499229400912
35100 300.16500767704906139
35200 309.37467200675462209
35300 314.02962678119831708
35400 304.45378150411005436
35500 323.33276130988241448
35600 298.10567130291013882
35700 293.88374848361922886
35800 289.86905668569875161
35900 302.11844687418926014
36000 324.09387351024798818
36100 302.52691250111575982
36200 315.03770231976182004
36300 308.51559936261156736
36400 300.17320077341236129
36500 321.83142378937179728
36600 316.57482951796623638
36700 308.87845804724281606
36800 296.76004329525659386
36900 304.27211245802197936
37000 307.83126973184357666
37100 300.64147058273573521
37200 334.84235933157697218
37300 318.10811183019723103
37400 324.11551597247449763
37500 311.25028620939860957
37600 303.92774761011929741
37700 319.67466261718243459
37800 318.54105502473851175
37900 308.78332672387011826
38000 291.51511506870940593
38100 310.88101312004999954
38200 314.09969399842793791
38300 299.28436320875755428
38400 312.11042565222538769
38500 317.41595036664506324
38600 294.34318721488483561
38700 313.68822555947275532
38800 330.04807639820575105
38900 323.5737288772280067
39000 329.22490692188239336
39100 301.34693884121782048
39200 309.00278862927223145
39300 308.98072613224570659
39400 303.87529382063701178
39500 303.49137139435032395
39600 305.68974391075511221
39700 316.90614265424954965
39800 336.55915624429422905
39900 320.9723298839361405
40000 291.2972171496971896
40100 307.2504292772278518
40200 309.96726504479977393
40300 302.71040998845018066
40400 317.90087912077535748
40500 306.3926567300650845
40600 291.199227815617121
40700 296.58046671560794039
40800 312.30553986230489727
40900 327.08516517561463388
41000 298.36699268109811101
41100 301.24396964879497318
41200 310.79353336674762431
41300 313.68860216409120767
41400 312.29498528313831684
41500 298.8106409765925946
41600 317.17617571798371046
41700 312.57796973318204437
41800 300.41275906776337479
41900 303.29110141957227142
42000 300.82133064033598657
42100 305.3778426062066842
42200 321.095143894965247
42300 302.18115126092919809
42400 307.26689571035905146
42500 322.65943306803279711
42600 313.51953981348941625
42700 307.64035120135531542
42800 314.46037174859634433
42900 300.40244842728753838
43000 300.81470479708127641
43100 299.42425828167620239
43200 304.30202203906145542
43300 317.01230780415687605
43400 307.68508759883513903
43500 316.29046516410204504
43600 321.20187464748818229
43700 291.16042231536567897
43800 300.40128262400827452
43900 304.87351051077791908
44000 293.74474650372530959
44100 304.19042605230538356
44200 310.54630381477255696
44300 309.91780249611485942
44400 315.48563209587814526
44500 312.21362108504729349
44600 300.34542410028382164
44700 305.67189919886970983
44800 325.84091952539796466
44900 307.30313454754173108
45000 318.71461843962526927
45100 321.46905550760402548
45200 312.17004041125716185
45300 300.22312549472115961
45400 317.72463269161067956
45500 321.85168917181636061
45600 331.29557151403560056
45700 304.59293550420483143
45800 298.55537698371307442
45900 316.03490706154292411
46000 325.89978380787482592
46100 308.04352232988128435
46200 303.91519281632247385
46300 270.23222352690709158
46400 305.7925967537806855
46500 316.0412999506424967
46600 332.88476848751116677
46700 307.92405813661770253
46800 302.65313460479904961
46900 295.25383762698078272
47000 291.6263274894261599
47100 296.15155205951560902
47200 309.79995725984133514
47300 307.36902386045358071
47400 295.91316913105526965
47500 303.51488924610129061
47600 314.99243101633516062
47700 292.93024681747715476
47800 311.25157530897581637
47900 322.67155891447458771
48000 300.01356488528330146
48100 320.66330592263801691
48200 309.49600167045639409
48300 302.2834107305804423
48400 301.31792615015893944
48500 313.30872011545653777
48600 314.34399571195103817
48700 311.90774472192680378
48800 301.75654723210703878
48900 298.19277013095779694
49000 304.02111421027706228
49100 317.66297113467294366
49200 315.715608262670969
49300 280.35096725929628292
49400 298.49862668315972769
49500 307.73218116498310337
49600 328.12740711887710177
49700 321.41349940338221813
49800 306.77773932926027101
49900 296.48986270933392007
50000 297.86953624071048807
50100 309.96013149865007108
50200 307.46196927267243382
50300 290.85326824479301422
50400 308.56100500419057653
50500 291.4591061467142481
50600 311.48784761677836741
50700 314.92190262002014833
50800 326.49504384403513768
50900 309.75438574986861795
51000 302.3468128673356432
51100 290.28213714008279567
51200 309.40647624621954037
51300 317.65850068834157582
51400 304.61602061337850955
51500 294.48520654289222875
51600 321.86516004273244107
51700 311.40265329397226424
51800 297.38738950546633077
51900 280.37759298618942694
52000 300.32300732275547261
52100 305.2578741134141751
52200 312.1845743000251332
52300 316.34029501588133826
52400 325.35572938920887509
52500 314.47562110323360685
52600 308.18928970032158077
52700 318.75507781959908016
52800 295.76137687789270103
52900 303.94511215284376249
53000 322.07787576727037049
53100 307.9145074250263292
53200 300.19353673276697236
53300 313.32589426010946454
53400 323.58540551131557095
53500 316.29626140604176499
53600 296.14246827596190315
53700 313.47987060130395776
53800 323.21971830159264982
53900 316.63861337700296872
54000 306.35905088140799535
54100 308.12111022796398174
54200 306.03320171538587147
54300 318.58341080976509829
54400 321.08958314045185034
54500 322.55965525320834786
54600 299.24998009600477644
54700 311.15601581035900836
54800 304.90543373129838756
54900 302.08098436486875471
55000 324.13950582205802675
55100 320.77510150282950008
55200 298.63682604210436011
55300 296.0153600401038716
55400 311.14765930765707935
55500 315.92411753312740075
55600 333.82974029934007376
55700 319.66171958493794136
55800 299.81783551302913793
55900 290.50612816523312176
56000 310.75536978011746214
56100 293.9657112373352561
56200 309.87812169554678121
56300 314.69162635470991063
56400 290.84852283345088608
56500 315.72124496396537552
56600 320.90891142493387633
56700 321.33300378471597014
56800 299.52786781716292808
56900 297.33315187703215088
57000 306.2541701711095925
57100 305.84524360503058915
57200 301.61276503055046305
57300 291.60093811207843828
57400 309.99836472931525577
57500 312.15796771604510695
57600 307.56586808966852686
57700 300.70739967939516646
57800 322.55825285584262474
57900 312.51376249197011248
58000 312.52479325862702808
58100 286.05602834172401572
58200 305.36117547006284667
58300 300.51279866340246372
58400 307.71685771708882839
58500 325.82688015161687645
58600 316.4126947689097733
58700 310.23327561193218571
58800 302.00980469679302587
58900 320.52249347173125216
59000 321.21573588106934949
59100 302.88028743510818686
59200 292.27300166111956514
59300 315.38004374209941716
59400 321.17719448502361956
59500 299.95871827030680379
59600 299.59297856020327799
59700 312.77266400589837758
59800 298.8611766044793967
59900 301.03811650849195303
60000 299.51637422639237229
60100 316.34073421947715588
60200 302.06680051470044646
60300 306.47947391014901086
60400 321.26529260083509598
60500 320.62996871515031216
60600 297.80074230138393432
60700 300.72170966208540221
60800 297.86908090404853056
60900 300.41653572747395629
61000 318.60058561786485143
61100 309.49983668541028692
61200 302.16582809081415917
61300 301.19631900808417413
61400 296.41677064326916025
61500 298.82555391031485215
61600 300.60351950514308328
61700 311.47546786843980726
61800 300.13814926114332593
61900 304.35220118989053617
62000 312.59058894396071082
62100 315.25359494446422559
62200 297.18874955477650701
62300 317.6496182352877895
62400 302.6603854835636298
62500 295.08457331669887935
62600 311.37928926620043057
62700 307.11366191153302907
62800 307.97998801875013442
62900 311.85580445571451946
63000 314.83508855195032083
63100 292.296581516106869
63200 308.82770780809039479
63300 302.91557835122677034
63400 314.86586751680306406
63500 303.59382475787299427
63600 298.8616019230765346
63700 295.5115262888223242
63800 300.66471652099397716
63900 291.14113177496483331
64000 313.73310389809017806
64100 333.75328118891616214
64200 319.51711983563365038
64300 300.64553107080229211
64400 303.42616037396106776
64500 341.03202078953762566
64600 329.16810215206078283
64700 298.72960324533619314
64800 315.15589943836323528
64900 318.27056776555735951
65000 294.0852974138887248
65100 306.6141329721715465
65200 292.19939345957629939
65300 313.23043097666118229
65400 311.78564942497132506
65500 302.86647197835708312
65600 300.63152967663438631
65700 315.90483618457960802
65800 303.52066297570416964
65900 287.67920675928945684
66000 310.39176061588312905
66100 305.04588228900303193
66200 305.60954428014599671
66300 328.64388633115913763
66400 290.82153600869742149
66500 308.30508300860026338
66600 311.86435378271158925
66700 299.1313460828681059
66800 320.94564096764099759
66900 310.51436066105452483
67000 294.42128378875355565
67100 309.32656260128567283
67200 306.13725922238256771
67300 303.50434644700089848
67400 312.99653393563994541
67500 318.68848963913904981
67600 317.19536654527490782
67700 304.77208228387416966
67800 296.15698474173473187
67900 314.26962921408278362
68000 316.84505318035655819
68100 307.31541567442150154
68200 313.53647540610000988
68300 314.89393168911692555
68400 304.81598867719054624
68500 316.91994612938623277
68600 298.06036186917344821
68700 309.83803515547447205
68800 322.08454149831362656
68900 307.27985864142254968
69000 315.36251477432494994
69100 318.67895952945980298
69200 294.23006959206378497
69300 314.69044972285945505
69400 312.05888684519550225
69500 315.22507632901266561
69600 330.77757368202071575
69700 310.77003357368045044
69800 298.54642844069002194
69900 302.27359020119786237
70000 309.05193924882536294
70100 308.43618279913158631
70200 310.33854200600694639
70300 309.62210796060116991
70400 299.88403508748734794
70500 302.57438895091894437
70600 301.43068278987635722
70700 296.49948197913278136
70800 309.65156552598898543
70900 318.87646356910761369
71000 318.77528400719614865
71100 317.52301909874887542
71200 303.3013425316090661
71300 320.49506899385630732
71400 314.90132600478403901
71500 302.54456784739880959
71600 309.01907188371819757
71700 319.42087967428670936
71800 325.27363666942648024
71900 295.38137077235916195
72000 317.09829288172716133
72100 322.46272148929830337
72200 298.80791188029161276
72300 321.21669844486200418
72400 318.44202190852138301
72500 308.7553386816344414
72600 305.06392599350130013
72700 302.46765245977218228
72800 331.07040027505502167
72900 308.33937661037566613
73000 303.03392941550538353
73100 310.81205927499047448
73200 301.88631701320224465
73300 300.22433696491560795
73400 298.55854566368566338
73500 318.99253095645264011
73600 306.41923944074932251
73700 301.67146179886225354
73800 301.43351112593785501
73900 313.05347654793996526
74000 332.40330748407785677
74100 328.8262570878173392
74200 311.98703903425905537
74300 324.62705804313151248
74400 308.43614092605741916
74500 308.3575905846893761
74600 302.71353145945880669
74700 308.86506839063179086
74800 305.71357971123757125
74900 302.69933036273937432
75000 311.65727044988653915
75100 300.3253291020766369
75200 306.47742510480196643
75300 314.55431268308751669
75400 316.5644556787314059
75500 334.35076374368583174
75600 291.73765916069532977
75700 298.22238828825908286
75800 313.83546169025464678
75900 302.19038269753906434
76000 313.91935778672893775
76100 311.9301784691185162
76200 299.22325269187314234
76300 295.61172443451886238
76400 292.36855855511447544
76500 303.13023840475852921
76600 300.08953582920884173
76700 310.68145344180550183
76800 319.48190928451782611
76900 318.10253195259798531
77000 304.52160896754156738
77100 307.63846043511080097
77200 317.94930798757167167
77300 311.34912560451226682
77400 315.58640221385871882
77500 335.46281347563751751
77600 304.95095292659226516
77700 306.40195945164828117
77800 325.9418525686556336
77900 321.23387366916512065
78000 317.9452060654922434
78100 314.95497137703688395
78200 320.31991165992718607
78300 307.19946040554401634
78400 295.78326106260357165
78500 298.35553100321897091
78600 318.33473557694151168
78700 325.05084828729951596
78800 340.85266087441721083
78900 312.78545576549157659
79000 311.84889848137044055
79100 291.68045696717013016
79200 308.82143468112923301
79300 314.89653660548958669
79400 301.47594109448880317
79500 323.8530345766737355
79600 315.91910267539378765
79700 303.60319123545383491
79800 296.74911869996816449
79900 315.79030479636861628
80000 332.76152739662876456
80100 317.67851499105830726
80200 321.55316470319144173
80300 283.04377661250487108
80400 309.66559775802761578
80500 318.68773629183090179
80600 333.21694193818774465
80700 303.54777055989944756
80800 292.44476047408187469
80900 320.68834713013785631
81000 324.6507336947956901
81100 313.59085781557956807
81200 313.34303719514770137
81300 309.17054317794298868
81400 309.64725991955907602
81500 309.17093763007238749
81600 319.19548708397189785
81700 310.5105749528471506
81800 304.63600103951665687
81900 294.20761825306988158
82000 312.06823087052646315
82100 308.39420192466275239
82200 321.34385830302937848
82300 316.38790183452556448
82400 306.97479019098983599
82500 313.2874415488622617
82600 319.74869187009272764
82700 323.64737557660987477
82800 317.21211759454052981
82900 301.85781813677272112
83000 322.63448099365029975
83100 311.0271549057398488
83200 315.54758646967832192
83300 275.84185009880451389
83400 321.91871215120625038
83500 314.92258480123240361
83600 303.25039793944563371
83700 299.45845520629734438
83800 315.35314950779144283
83900 307.61962328155453861
84000 304.72307869236504985
84100 306.82527557210858049
84200 312.04347421081951097
84300 309.82561724328286346
84400 324.35995874599086619
84500 317.45017460308520185
84600 287.17986253175939737
84700 319.64193682416225784
84800 301.74464125314102603
84900 291.93440565705208201
85000 311.66665480673640332
85100 324.10975002432184056
85200 310.90911086868493385
85300 304.56114067521605193
85400 294.47395655894041511
85500 309.57275919023356892
85600 319.5864132941793514
85700 303.715147966544464
85800 299.04360704457968723
85900 313.35400062780166763
86000 318.46299934555412392
86100 308.06782473278013867
86200 300.50313866856726008
86300 326.93886015789558996
86400 309.60341187989030232
86500 300.52472338595327983
86600 314.16574989365045667
86700 318.29444526910481272
86800 311.03146257267712826
86900 322.99380638962753665
87000 314.26527436000520765
87100 306.95763164663316047
87200 303.30267002385147634
87300 312.30329984576394509
87400 316.7564802019745116
87500 283.6187070768975218
87600 310.83104450999172741
87700 299.8108773220499188
87800 301.81651401904804288
87900 290.52114123881318619
88000 311.6346061165289143
88100 312.52869241742035911
88200 320.06162619351300691
88300 330.48704203170734672
88400 316.82024525960054007
88500 313.15148128907452474
88600 311.45289555359312317
88700 304.32559475615261135
88800 302.38954147226945679
88900 322.91600639334774314
89000 318.86664285258530072
89100 320.80794175018371561
89200 309.0235522546876723
89300 296.56082435493340199
89400 313.22452730959503242
89500 313.89155762988025344
89600 313.1753843445492862
89700 299.5085847552101086
89800 299.94161350308502278
89900 311.48181584150813705
90000 302.85132873151184185
90100 307.64642347630530139
90200 297.4493454675441626
90300 294.105380310768453
90400 306.26221911319873925
90500 312.01424650180570097
90600 302.90840294350164186
90700 327.67367092374024651
90800 317.57380980318180264
90900 303.67208003188488874
91000 297.27596055322391067
91100 290.92296585315688162
91200 308.58075748252059611
91300 303.73849677053055984
91400 335.30800490530981506
91500 326.96453036085347321
91600 319.99799084563937868
91700 290.5385011528030077
91800 310.04786986281328609
91900 293.13613730109415201
92000 315.57810831807108798
92100 310.11082059140710498
92200 321.32889536007940023
92300 322.50999124495456272
92400 315.07854145073667951
92500 307.38043043051590075
92600 286.97567147899087558
92700 300.44718559604109487
92800 316.72746591685580597
92900 309.50021375858790407
93000 329.40922457484140295
93100 325.42920148189341489
93200 310.31688991788894327
93300 320.2317349305005223
93400 309.20240999917496083
93500 301.59677428111467634
93600 292.82193931039842028
93700 291.5808636527178237
93800 302.70892764972484201
93900 324.86732206763724662
94000 319.35720858154775215
94100 315.94665411708496094
94200 302.80360265081355919
94300 310.27747207879770031
94400 328.49110041781864311
94500 310.877679815683166
94600 304.66551471820480401
94700 308.80817949237354014
94800 305.9821300294440789
94900 318.3519953587409077
95000 314.51311953896527029
95100 311.62593734704057624
95200 317.65996356252844635
95300 314.66995586787106731
95400 309.20429213439030036
95500 302.49750008429418813
95600 309.75814132976336168
95700 306.47794524387666115
95800 319.43797248658802346
95900 319.92725014662312333
96000 317.6045164205686433
96100 307.79083672887776402
96200 317.1718852791107679
96300 308.80024824895406255
96400 312.60979014028089296
96500 314.35449417856960963
96600 309.44945927223625404
96700 314.28572964703232628
96800 307.85808223076787726
96900 307.98654571582784456
97000 318.19109455441429191
97100 303.31572620847487087
97200 320.80926034106397537
97300 282.86614438000543714
97400 310.37306479252498548
97500 319.1677783870921985
97600 278.99479278484869837
97700 301.1592597411977863
97800 302.63932448885356052
97900 316.01151136362358329
98000 312.19014929045488316
98100 309.76744275900250614
98200 311.99425273501248057
98300 322.03509901049432074
98400 294.8112700522727323
98500 308.39605128422022062
98600 301.42492872870127485
98700 310.06253536664604553
98800 336.37491381508414179
98900 308.22868067421541127
99000 323.75071499235644978
99100 308.59255005327605659
99200 288.37643458758373072
99300 304.61861146443635562
99400 311.32981786940496249
99500 318.03096120416273607
99600 314.2849834607768571
99700 309.52138256905641356
99800 305.8684222004758908
99900 310.94824968670002363
100000 310.83060766744739567
