# Fix print output for fix printTemp
0 310.00000000000005684
100 315.03757483595467193
200 304.11481733049123477
300 301.96261982505052401
400 314.67783442521840698
500 305.54063205175606299
600 286.94944954074810539
700 317.05545193336268994
800 329.8906618760265701
900 306.69451583280113027
1000 304.34885003153527805
1100 290.24658180129404172
1200 326.34865481555033284
1300 301.82714341022494864
1400 306.23236011296000925
1500 308.17976364005920686
1600 295.79419147474266083
1700 314.56303431398924886
1800 335.08129304171808371
1900 321.18105909741746018
2000 300.89053841937698053
2100 297.90617286956734233
2200 297.67604480782671317
2300 303.03563583671166271
2400 298.40505730084618108
2500 321.04264456505467251
2600 326.09320815460466747
2700 309.61677974377931832
2800 305.58269456732796243
2900 304.209153038091074
3000 311.09986019194849405
3100 306.46012041753942867
3200 296.89651826067625962
3300 309.5006593276800686
3400 303.80892455261886198
3500 304.98201867525489206
3600 324.19454897985144726
3700 303.52764070151863507
3800 317.29786450263725328
3900 316.9220502124212544
4000 308.80476152520179767
4100 297.10062944042334721
4200 302.4249463902966113
4300 309.11197942370381497
4400 312.39522579105312161
4500 301.8098136434775256
4600 303.78540303405202394
4700 312.86927737108436531
4800 312.84616531738350886
4900 298.11130224938881383
5000 293.56716014405509441
5100 309.27362628088457086
5200 301.31520229396824107
5300 304.19154885623930795
5400 315.10789186723974353
5500 319.58563322377648319
5600 313.16684032272820559
5700 296.18308848948947798
5800 314.77460352579055325
5900 331.96187547707813792
6000 319.36036327576761096
6100 315.9155231319610948
6200 303.61993861336935652
6300 293.08467649538948763
6400 310.00700890927902265
6500 326.85755594112833933
6600 313.44487889866337582
6700 309.73956663691939184
6800 290.44791050342479366
6900 313.31515823394363451
7000 311.82630316092149769
7100 319.7334911667282995
7200 315.06240896751654645
7300 307.1773363307127056
7400 309.34482266968871045
7500 324.83829610229611262
7600 312.8934698802960952
7700 309.75031377512465269
7800 315.99384189699554781
7900 310.72165518152871755
8000 308.05868487653486909
8100 309.51869975141943314
8200 305.05429184764489037
8300 300.13518233844649785
8400 305.02454719612654799
8500 302.52515128824467183
8600 311.03685169927348397
8700 313.65837905957755538
8800 301.23780364402801979
8900 307.51711683164785427
9000 320.78149652117798496
9100 303.40725299406858539
9200 322.51803592815457478
9300 321.39815314392239998
9400 310.65965360039183452
9500 309.75002382639991083
9600 325.35282332300602093
9700 305.40209592127723681
9800 315.15211218431591078
9900 295.49442059574619179
10000 311.90868663043937659
10100 324.34635336672920403
10200 324.31951427594168536
10300 325.93517705889070157
10400 311.40135565514498239
10500 308.00451583665699218
10600 310.98200574241627692
10700 298.83940127997936997
10800 308.99493599217555584
10900 306.63914340412526371
11000 299.17584505136636608
11100 306.74537557449116321
11200 308.51194023344243078
11300 314.72876444464128554
11400 302.02053718209691624
11500 290.05584817216953297
11600 311.02086672466811024
11700 336.84852728500248986
11800 313.568137749669404
11900 302.8341195530620098
12000 314.69276916982778403
12100 308.79557499911032892
12200 327.21090748505554302
12300 312.10977286884326531
12400 301.91283588185433473
12500 307.51811692475337168
12600 317.79875292530789466
12700 313.20565021108689052
12800 300.05286428222854056
12900 302.34161150136134211
13000 287.50416605447185248
13100 295.22288534512995284
13200 307.16962692311034289
13300 320.42195070020011372
13400 314.08893992158510855
13500 321.62084408335391572
13600 316.7382132549518019
13700 310.48186115490415204
13800 308.16662594396120767
13900 315.77488007131120185
14000 331.62376586062009665
14100 302.59299109807614059
14200 307.49845889177851177
14300 330.51594776187982916
14400 316.7846657111177251
14500 318.53833029920065201
14600 313.80006576386188044
14700 323.65929050080961815
14800 314.4116427051612277
14900 297.91330935963583215
15000 320.32893214271439319
15100 298.53429506991983544
15200 313.18329727004214647
15300 318.65389200721807583
15400 322.02468629208067341
15500 302.88406227094895939
15600 293.59912652971934222
15700 316.77158203103914502
15800 312.1641521027388535
15900 317.1848839827679285
16000 307.27652256195216296
16100 330.25796090741630451
16200 306.36152733504974321
16300 292.73348380554432424
16400 300.6112733322899544
16500 296.02670519784834369
16600 294.31227071687482066
16700 311.17349152007659541
16800 328.26557970010173904
16900 311.21252291822628422
17000 303.6492208436845317
17100 323.81700022826146323
17200 323.18751969622155684
17300 292.1877936443590329
17400 307.29646758283837471
17500 321.28635001220828826
17600 320.07558844888501426
17700 318.76768203874371466
17800 310.45154844901531987
17900 314.67916060276115786
18000 310.960068551321001
18100 292.36576120984534555
18200 299.01071726329467992
18300 303.97133643313367202
18400 311.09552097895357292
18500 309.07953546167618697
18600 307.17500308733571046
18700 302.99723044742933098
18800 311.35017046041809863
18900 294.9265437490870454
19000 299.46435050738733707
19100 305.72313551075882287
19200 318.82742767052269528
19300 314.16952975273341053
19400 314.6692994090893194
19500 324.8482586728424053
19600 317.28427001211849756
19700 311.00806772387267074
19800 290.86809734858013599
19900 305.94264719968123245
20000 314.82795019956091664
20100 318.59972917908419277
20200 313.4901693134506786
20300 292.60185541493456185
20400 304.26524846781012457
20500 301.33084000047654172
20600 308.12717563090330941
20700 323.1024257416237333
20800 321.79005550994696705
20900 299.3238994991353934
21000 314.21122651339828735
21100 301.20433082548561288
21200 302.80039716625429946
21300 311.36820862858257897
21400 304.22192080420677485
21500 300.15865077835468355
21600 330.05623513856244244
21700 324.07795991217955134
21800 313.86521698334348685
21900 312.99003278559018781
22000 293.40216701354228235
22100 310.29447765277870985
22200 318.92672192438459433
22300 321.31553136955568561
22400 302.63833252528615958
22500 294.25129704572617584
22600 317.40350651359523226
22700 319.89248000611610223
22800 319.31855173623290511
22900 295.64020413091685668
23000 312.82641538304596907
23100 305.04549673686659617
23200 302.69826214298149125
23300 328.48689106093377177
23400 317.90433461924868652
23500 324.49745081319213114
23600 314.82721793401066179
23700 315.11137223057130541
23800 322.62539269050336088
23900 303.61897998601330073
24000 320.53178063248083163
24100 314.17832706033107115
24200 304.68117151908552387
24300 305.98966102307377923
24400 304.04110216023082103
24500 319.55181485928738994
24600 321.56671399753201968
24700 317.34648707633539289
24800 315.4272118398926068
24900 299.52465591642430809
25000 302.6762726649309343
25100 314.02400596850355896
25200 292.77769018089378505
25300 326.46232834075607343
25400 321.84850845460829305
25500 296.13401340006004148
25600 311.98677392768905747
25700 288.32320595993434154
25800 312.74587912014766289
25900 309.54946871856100188
26000 294.64873196986621906
26100 305.05887273041599883
26200 321.28648096847251736
26300 317.21087020362801923
26400 300.16221891239678143
26500 306.09749472983475016
26600 319.18054540299266364
26700 316.04695434125500242
26800 299.65849331199933658
26900 312.60884996223217058
27000 313.22085423572991658
27100 315.09526344252606123
27200 311.12582681337050872
27300 312.001982568435551
27400 327.65061986467134147
27500 301.49928467288026468
27600 290.55078164785135186
27700 317.07395353477505751
27800 308.10714242408954533
27900 298.85830193431837642
28000 317.12455027255595041
28100 309.26719012194797642
28200 294.24617144193717877
28300 308.4902460077535693
28400 317.1637270564026494
28500 289.10704865638734873
28600 303.86203069985288039
28700 314.57731153512872879
28800 308.92158552774901636
28900 316.51250618289566319
29000 289.88953950227175937
29100 311.99297477182471994
29200 316.92778082675715723
29300 323.07009793337465453
29400 311.10879466360779588
29500 310.64196718547185583
29600 302.29417355697910352
29700 305.71817316326058744
29800 291.45219778588187864
29900 301.38757511927872201
30000 302.91093839411303179
30100 310.40387156692577264
30200 314.02444031236206001
30300 311.22730279197145364
30400 314.31876304894387886
30500 298.16171894157906763
30600 311.1657088314513544
30700 309.70155425147123651
30800 310.87539839745323889
30900 312.32218414776690452
31000 277.98629065584100317
31100 303.27252919951934018
31200 306.93322807428177157
31300 325.8521397806136406
31400 326.86690908373492448
31500 306.21088099013184092
31600 291.14834454455564128
31700 308.29430134050562629
31800 310.80892670318525006
31900 296.81026909023330518
32000 315.85590444852499559
32100 318.60688465534576608
32200 320.42409091952930567
32300 309.61856177883197461
32400 294.32896364920304677
32500 299.27595825682425357
32600 307.13730214538412611
32700 309.01896381718546536
32800 316.96519841901005066
32900 302.373280056516478
33000 301.07460575725906438
33100 322.18809340627473148
33200 317.52452099555711129
33300 287.19097807610165773
33400 305.54496058399166714
33500 309.5934475276910689
33600 314.25804820020181296
33700 308.63378297367393088
33800 305.32924726241668623
33900 287.71421010260092999
34000 317.30665772748471909
34100 307.73447477777835957
34200 321.35251445194609232
34300 310.90579041753153433
34400 298.14249924012511883
34500 313.71880368151647644
34600 316.89065651049946837
34700 331.71582420821266624
34800 315.27240082557398182
34900 310.31880704756395062
35000 311.79796466563522017
35100 295.97762098744789228
35200 320.65285149474755144
35300 296.68220684131802045
35400 302.67911804576812074
35500 310.14255754319322023
35600 313.14866551625732427
35700 305.36312407669225877
35800 321.26810511782565527
35900 312.77692060595808243
36000 310.46076847325934978
36100 316.40863099531145508
36200 331.88449574519290763
36300 313.11773070546166764
36400 318.88198797328078626
36500 306.01982773602748011
36600 307.31541101767192004
36700 302.76435637238910203
36800 297.8264400398712155
36900 304.3435334282966096
37000 298.95682677588871456
37100 310.45618108877158647
37200 321.25024137018220927
37300 314.96293936425558968
37400 317.29251221945924044
37500 306.4375308482700575
37600 298.58353059683719266
37700 302.87465470176169902
37800 300.6222317139598772
37900 324.08570063956813101
38000 323.92164565232599216
38100 314.55306949106665115
38200 322.04993626727360834
38300 308.73105787473184591
38400 287.75710162084840249
38500 310.61736944878600752
38600 321.22053722233380313
38700 305.18592224034500759
38800 305.15910573365840719
38900 298.67161161624483157
39000 307.37501270694764344
39100 313.3677442363159571
39200 302.97736866819082024
39300 296.97150702350290885
39400 320.62141653327415725
39500 304.43387114491179091
39600 294.60716298282960679
39700 302.23474040412986596
39800 289.39742349808187782
39900 306.39872550346035496
40000 331.02692427421300181
40100 299.82669582671468334
40200 291.18890103293642824
40300 309.83185015753491598
40400 319.98106819305598947
40500 313.89838591771302845
40600 310.64458670418400743
40700 316.08915213747758344
40800 302.91633697485502807
40900 311.08933467025173059
41000 318.3894538787702686
41100 303.47321008796620845
41200 308.43330440116301361
41300 301.52921729906228165
41400 313.73543532066497619
41500 302.08948985761020367
41600 309.58746648918980782
41700 323.7966687017541858
41800 309.56444785254029739
41900 311.58321275715127285
42000 320.93935845522423733
42100 313.01467582978779092
42200 293.61247252810233022
42300 314.36072187524030142
42400 299.08882387548680981
42500 290.92699249546757301
42600 307.25420552512071026
42700 313.16670001389707068
42800 289.61599924715733323
42900 317.03548747774431149
43000 312.47152560015007339
43100 330.64275715333150174
43200 309.69762938096403104
43300 302.47210746349321653
43400 303.59454570817604235
43500 307.76468229213332961
43600 304.75435107759329867
43700 323.17018831173533044
43800 309.51373600100657768
43900 311.52800419786154862
44000 328.96812110023176956
44100 307.41049416829628171
44200 297.68016256965967159
44300 316.07351713081817479
44400 308.31607464978344524
44500 309.34892867659561944
44600 332.56241923075680234
44700 308.13050872527827551
44800 309.5952044666855727
44900 303.02579705774684271
45000 328.26947723539285562
45100 307.51877671082041843
45200 295.53102952016990912
45300 311.50270249339121165
45400 311.87940188066988867
45500 296.54354039355229133
45600 328.44671857885924737
45700 312.84827006933801385
45800 334.42911847011083637
45900 310.60718174878797981
46000 321.68887723532793643
46100 304.37510283467901218
46200 310.85000181595955837
46300 312.62289222752536944
46400 320.02839764213899798
46500 304.27122509595977817
46600 323.40833367495321227
46700 312.52998191055280586
46800 310.62485091479101129
46900 302.45510088263011994
47000 307.56769331818566116
47100 298.62171567468345756
47200 317.39873297802330399
47300 294.01284818433401824
47400 299.81372689009509713
47500 331.76458409544397909
47600 303.12331207088487872
47700 312.67002987775879319
47800 304.24377518525511732
47900 309.43950988631502241
48000 309.39540999403965316
48100 300.86915747954486733
48200 304.60421278526126798
48300 311.87372029389734962
48400 312.23950436089035065
48500 318.21709779095709791
48600 317.66632638082825224
48700 311.92249426296291404
48800 322.46486852534314949
48900 316.52818863617159195
49000 304.23345170307948138
49100 305.11961708745138822
49200 310.73454858231951903
49300 310.62383403438360574
49400 293.28762828300165211
49500 314.43395994121499371
49600 321.42440888341889149
49700 322.8394475196704434
49800 311.62581456805901325
49900 324.13919901984434091
50000 325.09988468979224763
50100 315.65161180354306225
50200 342.98588054726280916
50300 315.0571297416448715
50400 309.74039474308170838
50500 308.58319012136519177
50600 325.08285794885756559
50700 298.36209268024009589
50800 301.72384080405208806
50900 318.3472633855942604
51000 319.53821872406871307
51100 315.84860479270685119
51200 308.56737337953143197
51300 307.65163537500649227
51400 317.69701620973938816
51500 324.8404202754719563
51600 308.45315930139520333
51700 304.97489872140840816
51800 325.37252163440899722
51900 320.34081741398927079
52000 318.18945733525089281
52100 308.11495717169543695
52200 308.02615967518721618
52300 299.19361769931697381
52400 305.71063415680555408
52500 318.02804579022512144
52600 315.84382074489252545
52700 318.79205697704480826
52800 303.64495468477400664
52900 313.00505839871880198
53000 301.83501488233622467
53100 291.0560028669549979
53200 308.2514676437253911
53300 313.57933194356252216
53400 324.62108493212070925
53500 314.50040959819875752
53600 298.26279345550568678
53700 300.47850130526904877
53800 323.03216234307632249
53900 310.45334189121422241
54000 300.75144763049985386
54100 300.64352088175269273
54200 304.74400037149877107
54300 322.01399990688747721
54400 325.8729844787896468
54500 314.71522960306930372
54600 319.87485853811483594
54700 314.41307109994176017
54800 304.16515378190064212
54900 319.21755870111604736
55000 301.29541902973278411
55100 302.07739025892396967
55200 310.14042348279508587
55300 298.85646035471592086
55400 293.25025308170620519
55500 314.84026856324476284
55600 305.70150454368467763
55700 295.6791350628947157
55800 315.02983965276115441
55900 322.98025945085601052
56000 318.03990475102347091
56100 331.9142253361168855
56200 298.75585312126355575
56300 321.08303770455597714
56400 296.57575710836317739
56500 306.14911166813129739
56600 312.71727599455527979
56700 319.49348936078501993
56800 317.6208708345791365
56900 309.09421872724448122
57000 319.2563932201421153
57100 316.95416136401411222
57200 319.7540591321775878
57300 309.36036452550717968
57400 298.11731219264117954
57500 300.43124615194551552
57600 304.2397909004529879
57700 296.91899933455806604
57800 334.87989325724305445
57900 316.79761041478337802
58000 310.11214482597250708
58100 313.3458645531629827
58200 324.79007139991091435
58300 312.63882981465559396
58400 322.18106909820363626
58500 319.92969799431944011
58600 316.71449891432081358
58700 314.9941892607125169
58800 301.95155963473297334
58900 283.64644875433742754
59000 302.48546961862751914
59100 316.8152089812625718
59200 316.24298596234910974
59300 315.3274964605170112
59400 329.84980269475227033
59500 308.73493595080412888
59600 324.9125446410135396
59700 297.76879123957502316
59800 308.13343802628634194
59900 326.08950841372154628
60000 318.12872177158482145
60100 304.89739176166267498
60200 295.40602419891837371
60300 291.62246745927609481
60400 318.08430007457457123
60500 299.66176301833587559
60600 303.59573786488380165
60700 318.00849099843486556
60800 297.87194911747479864
60900 302.28815639972702911
61000 324.94414068931433803
61100 312.76348173207293257
61200 311.80557516337671586
61300 300.1459478649957191
61400 316.56727303825334729
61500 321.25612392148309482
61600 311.8958302756179819
61700 310.41043568542033881
61800 301.4522093305994872
61900 306.59792136371811466
62000 303.73903769396054031
62100 309.37002093219621202
62200 313.34236022249649523
62300 309.23283234645862194
62400 291.45418442023162697
62500 312.47781499767904734
62600 311.36555473151480555
62700 304.84816675620248816
62800 305.85545532369678767
62900 329.48905195959889625
63000 323.55658771895838299
63100 315.13563806566128278
63200 314.48382939283595761
63300 294.91550900662468848
63400 299.8217314820253705
63500 315.71096827854938738
63600 306.47755773142546332
63700 309.71978271490826273
63800 313.38507089504304304
63900 315.93656666836875502
64000 295.92748255313557593
64100 295.85400954981571431
64200 309.15870569011735824
64300 315.63858970282933569
64400 308.59523937335308119
64500 292.28170256975573693
64600 303.73235272059491763
64700 300.95362560206149283
64800 306.42551709165701368
64900 310.03848716631978277
65000 303.81553141749560609
65100 302.504042044293044
65200 309.22510720820685037
65300 323.46533575962428131
65400 304.71679401915804419
65500 319.72708439199055874
65600 327.40605359526784923
65700 315.10231218795559016
65800 311.17306948117425236
65900 296.53931912841966323
66000 296.60729323021291748
66100 301.96778249850478915
66200 318.1232862925546101
66300 313.46774016172292932
66400 302.09171289823387951
66500 307.99637738394233111
66600 301.21010839528707947
66700 308.46789901197632844
66800 316.72175201136673195
66900 307.3208510885883129
67000 289.38437688430286698
67100 300.81268430757268106
67200 342.04115413838758286
67300 308.59953124213097908
67400 300.64724099967975235
67500 297.57417585423388573
67600 298.92053739900660503
67700 311.03192618374873746
67800 304.44461691077128762
67900 300.44219910577174915
68000 302.43727347491670798
68100 316.11602547599198942
68200 322.84647203461440768
68300 306.2819969596636156
68400 306.28497578825397341
68500 302.10315711101020497
68600 302.49565033538436865
68700 308.03161108670065005
68800 299.2628774604930868
68900 306.66231643886197844
69000 307.43646846560903896
69100 306.37770201078012633
69200 314.50795130831386359
69300 323.67184498735377929
69400 306.41999929350453158
69500 309.34272653674901221
69600 321.12926467950001097
69700 308.37364201763534766
69800 313.54738866277136822
69900 305.65969258980402401
70000 302.59128796853889298
70100 321.24933767600492729
70200 306.7127706096256361
70300 311.38544336729825091
70400 303.76299576407035374
70500 296.19716530776094032
70600 309.19881686515918773
70700 303.35072519982651329
70800 320.51445899688610552
70900 286.13430261568174728
71000 308.84362744759874886
71100 306.13665327257206172
71200 320.38421664772442909
71300 325.49395477641382968
71400 308.92232456729306023
71500 311.23383315349872191
71600 307.23861621455966997
71700 300.5244817401231785
71800 304.59915196960804451
71900 300.51724553237761484
72000 310.12016791413913097
72100 314.71465392760489976
72200 315.59260896839964516
72300 300.50709999607050804
72400 326.80989113548685054
72500 300.60007408981005028
72600 300.42995671000727498
72700 309.39499066864209453
72800 304.77855713122352199
72900 305.29351055017309591
73000 300.13178301227173961
73100 299.94711513794834445
73200 315.17903751542797863
73300 302.99039956292517672
73400 310.42224249599757968
73500 309.24655749307873975
73600 305.88214598247617459
73700 311.36404236549304869
73800 307.8942421028423837
73900 324.0952210243862055
74000 302.56502749520365114
74100 330.50882484007667017
74200 306.94102698482060987
74300 292.67897344860568865
74400 298.26333395769091794
74500 296.14549379729629663
74600 317.13169518367942601
74700 292.77352196812631746
74800 303.54188167051864866
74900 311.65202467273553566
75000 309.68913874853507195
75100 303.55443640708114117
75200 304.68591553356742452
75300 329.31620895702099006
75400 303.16028784362259785
75500 292.18860487863673825
75600 311.64664280170376287
75700 313.0564804245126993
75800 285.41383679403674023
75900 307.4757673117043737
76000 302.71572137935271485
76100 302.52556614095641407
76200 318.45102165007222084
76300 306.92345386512448613
76400 306.94174553499573221
76500 311.72936975105318425
76600 309.33001756582211783
76700 313.53632109999978184
76800 311.74016736932838967
76900 317.20871198806736402
77000 290.47130425340361626
77100 305.01500980114809636
77200 308.64634955551105122
77300 299.52210003329378196
77400 299.37444124487967656
77500 312.93330906320443319
77600 313.55847773156074254
77700 318.71170240622848269
77800 308.31394847584374475
77900 346.92519495048065892
78000 295.55476112005328559
78100 305.64374502241679465
78200 321.18307805188845805
78300 307.31898246327727975
78400 302.59303659482606008
78500 304.69597044897710703
78600 317.44191327951102721
78700 314.75991751505125649
78800 310.67992688380712707
78900 313.85909653454018553
79000 317.66324191566189938
79100 297.64057500468351236
79200 305.21595948235801643
79300 314.36608909899047148
79400 319.13319380449291884
79500 332.97093994011407858
79600 300.85684365480699398
79700 315.98450094011786859
79800 305.14470391587781251
79900 307.69396093914070889
80000 326.20294882074006182
80100 312.4616678220185122
80200 304.4849167925437996
80300 313.45952979756225432
80400 324.15538874666742686
80500 309.93750042133763145
80600 308.28845381746526755
80700 307.95508487030440392
80800 301.7364070350308225
80900 303.41837284636869754
81000 317.48537185182289022
81100 308.60611484650740977
81200 322.62031885428103806
81300 314.66897337852185501
81400 308.82411427608894883
81500 312.66962401443134922
81600 304.86605044917860141
81700 309.26957707884065485
81800 324.67461934873335849
81900 310.40191589443833209
82000 298.04190567945926205
82100 318.20644964405090604
82200 305.14712007404949645
82300 317.68467951523433612
82400 318.17223904615508445
82500 307.38513274663228003
82600 301.69859938651279663
82700 282.95615462139323881
82800 302.50627925856326783
82900 321.04179528330524818
83000 311.1315211075454954
83100 317.55041396131105103
83200 289.22804595784634785
83300 309.2496890681159698
83400 309.28678295926977171
83500 302.09374580413162903
83600 298.45070332812497327
83700 322.8079463034768537
83800 304.87397991191966184
83900 305.83693519967403063
84000 295.72351528941766219
84100 338.88796090189850929
84200 317.1439523055285008
84300 305.62640998179477947
84400 325.92608464005286351
84500 308.03656498156607313
84600 295.9302924748243413
84700 303.38962984110492016
84800 318.13276579323189708
84900 303.54553323731846604
85000 312.07875855946946331
85100 313.34155597119467984
85200 324.7400380880971511
85300 308.13738835797073534
85400 324.95649919342764633
85500 331.36009645788624312
85600 304.82438584847307084
85700 319.95330374833343967
85800 319.05797079216927159
85900 302.19053075517439311
86000 308.12792961826221472
86100 304.52861756208687893
86200 326.4338738510047051
86300 304.26904721924853447
86400 313.05940038472334663
86500 320.4357420111364263
86600 307.29530466896460439
86700 299.3982951436932467
86800 295.17490715079566144
86900 316.89130233688609906
87000 320.43047762425152314
87100 314.89013363446196081
87200 312.55186554544286537
87300 320.64481996906755512
87400 304.1663949920629193
87500 303.76767083154499005
87600 303.60054805685780366
87700 314.68462698529447152
87800 315.92176788566553114
87900 309.348165434977318
88000 298.0603323921440051
88100 292.40027154960534972
88200 320.97473111382919342
88300 317.88931877916900248
88400 318.32261395885495858
88500 301.4399373043896162
88600 288.26301762286834673
88700 312.7291693420950196
88800 311.72426746733032132
88900 323.87766573663583358
89000 311.30269763284093187
89100 298.78491603790041609
89200 305.33793396259648034
89300 308.06496949391032558
89400 306.59840193228075123
89500 304.61385811033608206
89600 317.92628159473150617
89700 303.5266976120730078
89800 303.28373963002644587
89900 316.13034355944114395
90000 317.15698123197864788
90100 301.98880342381340824
90200 312.57311494883833802
90300 333.93644319325028391
90400 319.0901494170540218
90500 302.31251415761528278
90600 308.74647160001268276
90700 315.00579216289611395
90800 309.07721826941082099
90900 301.63380301483090307
91000 328.1951112648081903
91100 321.79087063254149825
91200 318.39159338160851576
91300 301.69351163310153652
91400 295.2818697265840342
91500 305.78539483329149107
91600 305.68444360777237989
91700 302.39936750068022775
91800 314.16404763535831535
91900 326.9514544495445989
92000 295.89388532072996441
92100 298.60890108252522168
92200 315.94711962039616537
92300 298.70173413190286738
92400 307.52501541574218891
92500 315.93582847006871361
92600 300.20501949682426357
92700 318.41311960344023646
92800 309.37717207505835404
92900 325.78857129933163606
93000 314.79132340395312895
93100 313.4364481610523967
93200 292.76052318236224892
93300 313.54343606988942383
93400 313.20670718699136614
93500 319.63460221872213651
93600 321.47972725622662438
93700 318.66583436515975336
93800 298.12301430758384413
93900 311.06071973962644961
94000 294.31277669277557152
94100 297.32908169366345419
94200 301.55003639583890163
94300 347.73791707010019536
94400 307.94664381654604313
94500 295.7946478664366623
94600 302.71667800288020089
94700 308.2131514737264979
94800 316.1474069879506601
94900 309.6047289341371993
95000 318.36355719687509236
95100 315.86725446867347955
95200 309.38854490248587581
95300 290.91067691207780399
95400 305.35809885588105317
95500 318.71518613370312778
95600 315.04691621720763806
95700 296.82558188856580728
95800 316.8420941217005975
95900 316.32202450924415871
96000 307.6268882738437469
96100 313.08980325858487959
96200 326.44105398092261794
96300 307.75197551614360236
96400 294.45880685250392617
96500 296.29493633249188633
96600 302.78000801122226449
96700 313.3230984920451192
96800 310.43622313769770926
96900 311.99231446773376319
97000 305.64605505645909034
97100 308.11136517072168317
97200 321.13474309238745263
97300 311.87524033121462708
97400 316.62952699348926444
97500 307.80964806533779665
97600 316.02582975519578667
97700 302.95769066441846462
97800 285.12807950062523332
97900 301.34130132749510267
98000 295.5007152814686151
98100 317.12792325702270091
98200 307.5085765273916536
98300 306.72519695461932088
98400 318.63255146976945298
98500 317.94575537773994256
98600 306.52819067246036866
98700 309.84619927433124076
98800 317.83035303484990663
98900 336.4994359855772359
99000 316.39807298127311697
99100 315.1326557683739793
99200 299.01954774464019238
99300 301.50858664083125404
99400 310.63948979562195518
99500 331.34443143783096275
99600 319.61338610929232118
99700 319.28209763898428264
99800 312.89481655679378491
99900 307.61405737308132302
100000 309.55529514164049942
