# Fix print output for fix printTemp
0 310.00000000000005684
100 317.89689998916060176
200 309.96157551105000039
300 295.7077535775921433
400 295.35563435352986517
500 324.72624720201758919
600 309.38303220201771637
700 325.97294934504196817
800 310.46437870575249462
900 290.01299322573891004
1000 295.76933577378417795
1100 301.55720160949044839
1200 314.97490023958363281
1300 304.17132342349361807
1400 313.86551666196220367
1500 308.80340583883474892
1600 296.01587076999169312
1700 317.84930783611599736
1800 319.74110580185947583
1900 318.8877117756824191
2000 315.18869368500253358
2100 316.12075915505806734
2200 300.86096862280186315
2300 295.69171517270939376
2400 304.66319595663088649
2500 327.92363736545775055
2600 328.90135046554735254
2700 316.35413854895665509
2800 310.98900752174307627
2900 314.38234363937147009
3000 299.38279390596267149
3100 296.60178657768472021
3200 307.92746476692673241
3300 306.86990770359233238
3400 312.48091678942427052
3500 331.73728794018910548
3600 314.71760340263489297
3700 311.02640449381198096
3800 317.83691425085061155
3900 318.76904564909000328
4000 308.76467794683935608
4100 312.6106229018959084
4200 307.05392240945042204
4300 283.73611181208508469
4400 303.38275650339630829
4500 313.60175141671135179
4600 294.39210013225027751
4700 323.2824970993073066
4800 325.79933519414908005
4900 295.82972929902967962
5000 300.40820630713886885
5100 305.7396008317996916
5200 307.68394980106285175
5300 306.25551081129026443
5400 308.99553544714689224
5500 342.06444824244380243
5600 318.83661516950547821
5700 298.13674576090431856
5800 307.50652988141297328
5900 303.39570044464460352
6000 310.04916843128052051
6100 322.05891322918677133
6200 318.11305825241498724
6300 325.29225612374966659
6400 297.55181387213815469
6500 293.91100181359121279
6600 339.97125364155363059
6700 321.39458395523837453
6800 307.38902233694125243
6900 318.15595604362198401
7000 323.14613392076711307
7100 301.80598575966718045
7200 305.32340574376979703
7300 327.43886028607801109
7400 321.60264470886693289
7500 307.90827985677867673
7600 306.05976263637620605
7700 298.69905744505126677
7800 312.7989742371261741
7900 321.90451768703383095
8000 327.61359769365571992
8100 331.77362840415059964
8200 292.4076278442727812
8300 299.88247363395680622
8400 295.01875307349979494
8500 315.50628561849833886
8600 307.21258134033917031
8700 313.33960159986349936
8800 306.95390092458910658
8900 308.35545500124095497
9000 294.72020178296514814
9100 292.58278148842509836
9200 284.28837198603582692
9300 317.32044851206399017
9400 312.52601118102762712
9500 310.40587064865508182
9600 305.63877346657329781
9700 310.55367775337839475
9800 320.06502744727873733
9900 332.48337405156343038
10000 322.62686708337434993
10100 312.09585031746161121
10200 307.61171609719212938
10300 309.59534143323702438
10400 325.08626919136702327
10500 321.02036200042709879
10600 310.6381745029308945
10700 298.28703890574576008
10800 316.92004644990481665
10900 304.56589076461199284
11000 301.81828195943438686
11100 312.97306925746738671
11200 314.86386718146394514
11300 308.97639682354014212
11400 308.02526242839974202
11500 309.92964555028140694
11600 301.70021134059885526
11700 320.1841995390089437
11800 314.92325336628829291
11900 316.10150056261215923
12000 295.34062791822640293
12100 324.48405008222096058
12200 327.71580076844168161
12300 303.05333574432165733
12400 328.75232381687629868
12500 329.264054203006026
12600 314.93578793270671667
12700 323.97592803615782486
12800 318.29331350838242543
12900 298.08220051085936575
13000 299.48009152415551171
13100 304.87752553442970793
13200 324.78704477089286229
13300 302.12414437314964744
13400 316.90670823229459074
13500 314.99934432801120465
13600 288.72052887721577008
13700 304.47157991275730637
13800 298.29068211311090408
13900 321.37529607198632675
14000 318.61019237019286265
14100 299.51810598316745882
14200 331.49525260717427955
14300 304.3954842255699873
14400 300.49904058845919508
14500 309.41710739161896981
14600 318.70113977821893059
14700 322.03007471004025319
14800 302.13441148138656445
14900 304.43846345028907763
15000 300.00187407492325065
15100 306.98591509579682679
15200 321.68977748378796377
15300 304.72971939757979953
15400 308.29886020916990219
15500 317.47754393389038796
15600 311.80655499440422318
15700 309.84503417208276232
15800 308.50191009912299478
15900 302.46488793257293537
16000 286.49568927251766581
16100 306.58381971470919325
16200 308.93407203364591851
16300 294.35323159628256917
16400 312.34391740095526302
16500 310.31619135421010469
16600 289.72368856754042099
16700 308.29159988676752846
16800 324.57515777190229755
16900 307.58901897672564019
17000 296.23327424032163435
17100 289.08204869510223034
17200 301.81528198506975968
17300 319.29479377710867993
17400 319.59463671642407689
17500 313.26830596176841937
17600 293.13160282283615743
17700 299.80939118622632122
17800 304.2812892423250446
17900 312.46059421064865091
18000 306.8853334566061335
18100 312.7689274021211645
18200 311.04908286656421978
18300 314.90613514045566035
18400 325.09941911285648075
18500 310.91976195420721751
18600 303.19720953458516988
18700 299.55305412709157054
18800 305.43040956984083323
18900 309.03909969345045283
19000 315.03500386489633911
19100 295.5461178391628323
19200 304.58919231091795154
19300 314.5426902306128909
19400 307.29420290121845483
19500 309.07821886672331857
19600 311.27316745512371199
19700 318.57334026492924295
19800 321.41182477483073399
19900 322.40132108521777354
20000 307.58394961399727663
20100 319.88538896583912674
20200 327.49140039739512531
20300 323.02711098640457976
20400 277.66509817982449704
20500 302.66361260168679337
20600 314.51975826577483986
20700 310.46082386652449259
20800 321.50736975833473252
20900 297.55741063761217902
21000 303.27084540823636871
21100 272.03853466002993855
21200 300.9576312720939768
21300 303.96626390548726704
21400 306.50702939958983961
21500 331.48616479926209877
21600 325.40530852381596105
21700 320.07102609469961862
21800 304.3412353950892566
21900 303.20491943917005528
22000 319.21732406921893244
22100 307.86735462732383439
22200 312.07405558592887473
22300 334.87740973449945159
22400 300.55741901871368782
22500 299.48572718904193835
22600 303.78067357583870489
22700 282.64583758621341758
22800 337.20615671426037352
22900 313.84087772556966911
23000 302.24328230322464606
23100 294.96312921050315481
23200 303.68369698393507861
23300 324.96642986043514156
23400 324.41525348011799679
23500 313.93105655025186707
23600 308.43461133076635861
23700 302.55922529299135704
23800 288.55737633293097133
23900 305.14853696892379276
24000 314.92183928766530698
24100 332.82386059196244332
24200 316.6549982432590582
24300 306.72126321023279161
24400 331.83928791646218315
24500 310.5928421299268507
24600 317.17946502087335148
24700 306.74229272938936219
24800 300.89245575794433307
24900 313.06515412994804137
25000 287.13612939214556263
25100 303.85803448874423793
25200 293.27728638853318444
25300 306.97147016236846184
25400 325.16909568161167954
25500 307.16592359480762298
25600 304.98840186752602222
25700 297.78462963337278779
25800 287.89816402943131379
25900 323.79934894029787529
26000 325.21561455834893195
26100 303.36420337931537006
26200 305.14464146515661014
26300 310.26157969182997931
26400 318.84036225895397365
26500 322.39120394147761317
26600 298.19010901478105779
26700 309.07846490347679946
26800 317.38332701164137006
26900 308.74022078439895722
27000 290.19734780145080322
27100 290.54782960226469868
27200 307.84782353202331251
27300 310.82883571434609848
27400 308.27305810567474964
27500 317.42020308813590646
27600 321.6931784816608797
27700 318.26845430297925077
27800 309.33714708763113777
27900 307.72003799727508522
28000 310.3514719987235253
28100 295.02373068249289645
28200 305.20868271716256004
28300 307.52068017837206071
28400 300.425640394810614
28500 299.5557718296891494
28600 309.87821056992947888
28700 315.56538649504369687
28800 319.50317154004056874
28900 333.30194041029847085
29000 312.34248263439599214
29100 308.61105237546166791
29200 330.2908485739528146
29300 311.19470434845618456
29400 314.85861224690654581
29500 323.43763944463211146
29600 306.83893669102758395
29700 295.18565956956115315
29800 312.34884593507439376
29900 303.03571795729891392
30000 316.81039448620958865
30100 325.79992255200727413
30200 313.005078545265917
30300 297.8682742354826587
30400 297.64239092335719761
30500 311.0344925559537046
30600 317.29411787021263081
30700 303.72263069675955194
30800 307.14022353374002705
30900 307.968261316624762
31000 292.30792883307771035
31100 316.83280992982753332
31200 315.8720354672088888
31300 303.46471495708578914
31400 299.91331683599821645
31500 318.26192837254541246
31600 315.77584112843322828
31700 305.27163791767009116
31800 299.61129396270939651
31900 301.93966703646503902
32000 306.24309247105162513
32100 320.21585027526754175
32200 301.4967598300672762
32300 309.0837949702325318
32400 307.32585676955886811
32500 295.36398131979137816
32600 313.97556503262956085
32700 321.72466936806472404
32800 312.65519951364132112
32900 295.29042133751977417
33000 312.72550615920300743
33100 311.7649085174547281
33200 296.72444612168879985
33300 317.56777039295167242
33400 320.36772087488816396
33500 288.39348316522119831
33600 317.1924619321162595
33700 313.58458733560865994
33800 297.24690466619830431
33900 320.92276427915010117
34000 327.89953810930177269
34100 308.06880521362933223
34200 314.64367536022751892
34300 307.34832534825244466
34400 300.98679368216050989
34500 299.99457135888019366
34600 291.87536384395230016
34700 313.13887252940332928
34800 311.76764451652900334
34900 288.70015799082091235
35000 301.63376451020604918
35100 311.52880609341872287
35200 310.2238480779176939
35300 307.53847541820903189
35400 312.181615645105353
35500 297.82055793931925791
35600 296.77560973836682479
35700 309.6794263653764574
35800 309.83850384993081661
35900 317.37218281754195459
36000 304.81691197933645299
36100 288.97213752175730406
36200 320.06960351261830056
36300 296.05439656932713888
36400 283.7931564632581285
36500 308.49023907980944159
36600 315.65793541327826688
36700 326.04501706429152819
36800 287.64618210992671266
36900 309.43469222547884101
37000 309.93491719514406668
37100 297.58942595096351624
37200 326.86148642910734452
37300 316.9665101058824348
37400 311.74104211626951155
37500 285.29770177748730475
37600 309.75311266020554513
37700 313.32641565657269211
37800 308.52089533202138227
37900 308.04665778073245974
38000 300.85897533726802067
38100 324.70721111631928579
38200 327.9269133746986995
38300 290.17067800341709471
38400 286.38715087541487492
38500 314.75729687218796471
38600 305.25203375238208992
38700 297.73549119521840112
38800 310.86863613123330197
38900 316.15464742965355072
39000 324.18620108810614511
39100 313.62809729916915558
39200 325.17917828120101831
39300 306.68239875296626451
39400 325.38343741784836993
39500 316.17436559926369455
39600 314.9134404705517909
39700 314.08288002821171858
39800 303.774705752667046
39900 282.58735518157544675
40000 313.88883821436394328
40100 330.95289477627625274
40200 302.17475535942458009
40300 297.78719304620716457
40400 319.20037112547407787
40500 304.26487239385863859
40600 304.42419669353949985
40700 304.53288206308423014
40800 302.47010767820188448
40900 306.30896372164067998
41000 308.88475061434286317
41100 301.85128900506572336
41200 311.40132117373616438
41300 299.18970477187383494
41400 311.55323602086497203
41500 312.9062330537977914
41600 302.98122203697863597
41700 309.86602455452867844
41800 303.60245691401337353
41900 297.34878966493249663
42000 311.79491460509666467
42100 304.88912172107660581
42200 304.50322802825746749
42300 312.83630335585422699
42400 320.73366742257684336
42500 320.38549353072005488
42600 306.52808865901943136
42700 305.77221618262814218
42800 297.03769965260926256
42900 312.52322239064426412
43000 341.5132682224545988
43100 313.77638266500025566
43200 300.55236314305750511
43300 312.68830840257135151
43400 296.94950286100959147
43500 310.993131773303503
43600 301.78845209265176663
43700 295.55378146052498778
43800 323.03990158138782363
43900 310.47440296794366077
44000 313.82703549226704354
44100 315.54310049593857457
44200 299.14410088726236836
44300 310.18399214584502488
44400 313.82896965379978838
44500 332.8354976590914589
44600 312.20760293743370539
44700 323.12113360588256228
44800 309.36680697501617487
44900 327.85575523891856164
45000 302.34267551501505977
45100 305.01101016863458426
45200 309.16983021614180416
45300 286.43951389559981635
45400 319.90253765297319433
45500 312.78847998073104009
45600 323.36783980358472945
45700 313.31878362875784205
45800 307.22770430988589396
45900 302.86243194365744102
46000 287.92840233644011505
46100 321.0026908188217476
46200 306.27457140846075845
46300 298.75278201115804677
46400 329.48017704352486135
46500 322.94186978540005839
46600 300.13074448227808944
46700 300.96991059093704735
46800 306.43470644434580663
46900 316.8883482458534786
47000 310.28566307264651414
47100 299.29632978263788345
47200 322.47867497220420319
47300 309.72930346192669049
47400 312.45958201443517055
47500 304.47232180344303742
47600 307.09766462419520394
47700 321.06624820866881009
47800 330.60328860574884402
47900 309.21659899456318499
48000 309.8175925281670402
48100 338.45553293185679422
48200 301.58749529951660406
48300 286.61899437692693482
48400 306.45043287292816103
48500 320.98507082129356149
48600 324.67558920668818701
48700 305.0440247133820435
48800 295.08051477396520568
48900 299.40293830972296973
49000 296.03614869297376799
49100 315.0870696880573405
49200 319.84703650876053871
49300 308.56722388425436066
49400 278.1563093139582179
49500 300.04497830354006283
49600 304.72330145843181981
49700 315.09279852296322133
49800 328.08389737800013108
49900 299.54734850519173506
50000 308.37786095649170193
50100 296.73233136481792371
50200 311.70933953888646784
50300 320.13102038135491512
50400 308.79166424726150808
50500 310.19523530107551323
50600 316.83156808479685651
50700 315.85567857040371109
50800 316.58461369834094512
50900 305.9968876935672597
51000 310.70343272986775673
51100 323.37438589612116857
51200 312.88868227249190568
51300 325.83964767760647874
51400 302.34916251455649672
51500 319.85207665304938018
51600 320.33808580543632161
51700 317.63507507128457519
51800 300.01812028839850655
51900 306.81496933567814267
52000 304.59279208917536153
52100 298.9359417455253265
52200 321.90046766845597404
52300 312.67833806753935733
52400 311.9219425187633874
52500 297.75528198798741641
52600 304.67078824603032672
52700 328.83523244722505297
52800 302.95049250931907636
52900 320.69931692460170325
53000 319.66978056434265909
53100 325.90926421769273702
53200 323.93762499622658879
53300 319.65377536218937848
53400 298.95028581006653212
53500 296.28434604050352164
53600 312.26564778037845826
53700 297.70562369643181455
53800 300.58666627885236267
53900 292.79361381910160844
54000 305.68372269318274448
54100 316.78872324887140621
54200 309.04954567342196015
54300 301.6346247581143416
54400 312.09053364859437352
54500 303.21826286508559178
54600 308.81283689766439693
54700 309.17578475019610096
54800 308.63040063031724003
54900 315.60092733161383194
55000 327.7943697753182164
55100 296.12743699861300684
55200 312.55262463023490227
55300 309.57356815960014274
55400 311.05686322299135327
55500 305.40131121856938989
55600 306.93242022869179664
55700 310.80364536887447002
55800 308.69262404281960244
55900 299.63130477198268409
56000 337.96313323306202392
56100 310.7340433365002923
56200 301.45458488514572082
56300 330.50460918770329499
56400 315.50614055346409259
56500 316.58249549039220483
56600 322.75486361618612818
56700 316.94151722987032826
56800 321.03027387214251576
56900 312.97370247430831114
57000 296.68966196820849746
57100 316.05954453286034322
57200 291.91733326688296302
57300 300.35331826922725895
57400 298.46426988743843367
57500 317.56491136803845166
57600 312.99228714715485467
57700 312.39744055667569
57800 305.55714216100352587
57900 322.98210127105090805
58000 310.01873012356514892
58100 283.35750924484125335
58200 315.57740548493507049
58300 319.06127021501794161
58400 292.31501342858916814
58500 311.7239487093499406
58600 303.09665439397258524
58700 316.71870173443630847
58800 298.09586972655131376
58900 314.11697542956073903
59000 311.01894915068697856
59100 298.54388619978709585
59200 299.78091185556229448
59300 322.44469107389886631
59400 305.35887133465126908
59500 297.27371165007343734
59600 318.85309273730820223
59700 313.14370269470549601
59800 313.78807451501978676
59900 306.31213007766689316
60000 315.69311126099609055
60100 303.2231787574839359
60200 302.80066000101282953
60300 322.57663071489480444
60400 327.75540180455470818
60500 326.90286229367819715
60600 310.28666347954276716
60700 309.47205542654683086
60800 319.2152930048282542
60900 325.71521382980643011
61000 307.9453132995762985
61100 301.94993694503051529
61200 306.77860427853897818
61300 310.39420238978834732
61400 316.66804898991330219
61500 303.45429864972345513
61600 303.42190756101098259
61700 321.67502330440305514
61800 309.51087810900156683
61900 306.57106527861020595
62000 293.77643534085649435
62100 304.28362842308848712
62200 312.69614105583633545
62300 308.20415687867188126
62400 299.68714561371479022
62500 297.73462378895999336
62600 330.30283798112719751
62700 315.52816556892332756
62800 293.94105433880929468
62900 286.72092762336797023
63000 315.11657060019865639
63100 302.10007177775310083
63200 305.23406507843924373
63300 304.44601320852473236
63400 326.56785428967378948
63500 308.48895154711846089
63600 301.26426669403434744
63700 298.61529645065684235
63800 306.28797568390018569
63900 297.71091781138835586
64000 292.92348156145533267
64100 316.34069985169560368
64200 306.09658877700712765
64300 308.78066769202462183
64400 305.32460724599314972
64500 309.2681695049290056
64600 309.0846546033808977
64700 297.57855304699398857
64800 311.31193770941206367
64900 309.45258132154862096
65000 321.07882136031059872
65100 324.00152004409369511
65200 310.79121800658742814
65300 308.55905137049217046
65400 324.8896308149518859
65500 312.27781847509533009
65600 305.79470471850339663
65700 320.88555324048343209
65800 315.7388979041348307
65900 316.62576125821618689
66000 293.9421185011104285
66100 298.79925684942202224
66200 302.683163343925969
66300 311.18665101878809764
66400 298.8492939854514816
66500 297.42552796880858068
66600 309.87007932526034892
66700 299.15212339553227139
66800 298.58231036411939385
66900 319.98004703541630533
67000 317.94493395090620425
67100 324.06563867552131342
67200 313.49348100384992222
67300 289.88971193622239753
67400 292.59087948638540411
67500 305.61304084171399609
67600 301.99580560678100483
67700 306.42900375187940654
67800 312.45217537908746408
67900 307.34161119210364177
68000 294.63268736752195309
68100 291.34745681746153423
68200 312.55604696609788107
68300 322.85904585016658075
68400 320.10632832834443207
68500 314.64818287288613874
68600 322.77465001660414146
68700 310.03852843556398966
68800 311.23407389607916684
68900 311.96389441872111092
69000 304.40553509614085215
69100 318.13778951948313534
69200 311.11775622448283229
69300 309.33142412853464975
69400 353.78349984084775315
69500 311.12454564458926143
69600 288.42057719613279687
69700 318.7476557801738295
69800 306.92136502801128017
69900 297.82092989936006688
70000 296.96349771443033205
70100 302.33097399465168564
70200 312.84817343148984037
70300 322.82524509936263257
70400 317.24392445957749942
70500 313.00056904602928398
70600 290.54851138542215949
70700 306.96379212066608488
70800 310.11874535012827891
70900 326.61241325790700785
71000 305.96017705934576725
71100 317.73983905908374936
71200 324.85727340294897658
71300 322.47878353107881821
71400 313.60980883186061874
71500 306.79023347530608135
71600 305.09208684669556533
71700 326.17965768352189571
71800 316.61811797141513125
71900 325.60117082143955258
72000 308.97076225355266388
72100 310.59232757270558523
72200 325.82811188111691081
72300 314.24632374024082537
72400 298.90947222696081553
72500 306.06007145180035423
72600 297.02349220061432788
72700 318.44503340209058706
72800 312.21804372263545702
72900 314.5419988673255034
73000 314.34342550028082997
73100 318.94215939466477039
73200 318.58863057865505652
73300 304.85376978288377359
73400 310.05094826992450407
73500 311.51679775907763315
73600 282.94827488881543331
73700 315.17043628032212155
73800 307.13415252139242284
73900 324.49743958024993162
74000 305.9317974614589275
74100 308.279104043988184
74200 320.80544540968321598
74300 322.15877023635914611
74400 329.03904495522124307
74500 323.211272673652104
74600 308.00405283675365808
74700 297.47429177937959821
74800 302.33012533916769371
74900 316.81590914722141861
75000 332.59243055102962217
75100 323.43690985811849714
75200 307.39216385786500041
75300 300.77451791904326228
75400 297.4001710967408485
75500 294.18690078198397941
75600 304.36401257314872737
75700 318.06762570924098554
75800 312.88563246165517739
75900 305.0195303893103187
76000 306.77384347335430448
76100 315.18999879637237882
76200 306.02307947797214638
76300 300.07561944969785372
76400 306.03307953345307624
76500 318.96672060171113117
76600 301.80894799031534603
76700 320.76106208788314689
76800 303.46634663267508358
76900 300.75037391968504608
77000 291.92474927477911706
77100 305.33731396876999042
77200 316.15192535691579678
77300 317.71531539341435746
77400 283.3722703020509357
77500 297.96088346073400999
77600 308.22446923464656265
77700 312.8848686663470744
77800 311.71423435173340977
77900 289.79537853180750062
78000 297.45617185725876652
78100 319.26599136686064639
78200 317.4685057843792606
78300 313.95618174916143062
78400 306.83822571986172534
78500 302.49836056602271128
78600 301.70312477210819679
78700 307.36851064888429619
78800 315.55531469474885853
78900 307.88756220487857718
79000 313.66087375974501583
79100 314.74361227968000776
79200 310.44669813047443085
79300 303.77140368910914958
79400 317.33624392679553239
79500 314.60712428361676984
79600 308.25263723955714568
79700 314.19895347330486857
79800 309.36874502862644931
79900 301.334051994162337
80000 296.35453045780974435
80100 296.75399220751762641
80200 305.05458888228213254
80300 294.22800873056695536
80400 311.40498289558644274
80500 322.00247818892313489
80600 304.72120982219627194
80700 303.32285618910503899
80800 303.96467893082444789
80900 307.12567786670541636
81000 312.93380956116487823
81100 323.03552685921749799
81200 304.86787152391627842
81300 299.28543111829145573
81400 305.07611019955737675
81500 332.02133517550555553
81600 315.15065449479936888
81700 296.34766386267773441
81800 291.49076506119428132
81900 304.23467353623510689
82000 326.65046808499170083
82100 306.10256381886614463
82200 289.59389985261941547
82300 301.36816564906104077
82400 315.27353696854544296
82500 311.64966047631577339
82600 301.69293245135935422
82700 319.17655784973334221
82800 315.25091827421277912
82900 310.22973120615444032
83000 304.82363253985386109
83100 302.55631936844361007
83200 319.87299173736948887
83300 327.25332450691831809
83400 314.05924207228321166
83500 313.30834817256703673
83600 299.92262918226174406
83700 304.04299686550945125
83800 305.95104838832202176
83900 305.17679971370080239
84000 327.58714826873330139
84100 295.34977921265362966
84200 310.56773290582128766
84300 317.63914649134017054
84400 306.77715155321578777
84500 313.28694998803763383
84600 318.60159626690693813
84700 294.06838338743006034
84800 305.16121139009760554
84900 319.23663317284615459
85000 328.71876500824959066
85100 317.20457049290496343
85200 310.46477391338737561
85300 305.8956402111425632
85400 318.60852445828498958
85500 300.70242032868776505
85600 304.10874236862156295
85700 308.54893603888729103
85800 313.89835308463267438
85900 325.85237201021880082
86000 322.64046513967139163
86100 314.98630083227425303
86200 289.734930398467327
86300 305.12340941639604353
86400 305.54260176952277561
86500 294.98391512510369239
86600 288.39152672305431224
86700 292.83875372374075141
86800 311.31077660906441906
86900 321.68745389572688964
87000 315.48477680090866215
87100 310.82250410511818473
87200 306.06621922155380844
87300 326.10670180105586269
87400 313.25775966041311449
87500 301.09678800007947075
87600 314.42614186340250626
87700 290.91918144702913196
87800 303.48987645977473449
87900 310.78264616645935803
88000 310.9938855117900971
88100 312.75339646622654755
88200 303.63035441205443021
88300 303.44807117127908214
88400 330.18274027225021428
88500 313.75470888623436849
88600 326.16798397707771073
88700 310.57559546032621256
88800 291.27859189700586739
88900 302.69105214948683624
89000 304.23546151510237223
89100 293.25976782126008402
89200 292.12360111538362162
89300 309.07920664756454698
89400 314.50945769233680949
89500 316.71640464969533468
89600 303.80945599313417915
89700 319.88985444661187785
89800 326.13186387499831653
89900 296.22659815962822449
90000 325.11972688949879284
90100 319.18226053375906304
90200 294.61252331014003403
90300 318.22207182126254565
90400 337.3986885180741524
90500 313.13128170018256924
90600 314.09152855251210212
90700 294.91866691132298683
90800 310.87518617632565565
90900 320.7645189323870909
91000 293.60016852784877983
91100 325.95853097381518637
91200 312.19966301690527644
91300 303.42028018893711305
91400 309.51340874061844488
91500 297.38865307000105531
91600 301.87440693114001533
91700 306.60313769386010563
91800 337.82171722232578759
91900 317.16151111133297036
92000 316.9611963614436263
92100 315.70547874256021714
92200 285.81324355998037845
92300 304.88343617007456032
92400 309.48113611330126105
92500 294.13752558544928206
92600 307.54541860202897396
92700 307.17840789837055127
92800 316.86879510157791628
92900 312.58108401589271352
93000 303.04764003583466092
93100 302.64529114457178594
93200 293.80874065457840061
93300 307.28274209798036054
93400 326.61520345009324728
93500 325.72227483898683431
93600 315.73002491363797617
93700 297.87651317819683072
93800 324.80336037954606354
93900 320.90717178230477202
94000 316.08563933574163229
94100 299.77090055987309825
94200 301.24661122288620163
94300 318.00620037520502592
94400 314.81453209761980361
94500 321.43619835461805678
94600 311.46313168853311026
94700 309.98684967077662122
94800 315.69046661741236903
94900 307.66679776195400109
95000 315.96017928449452938
95100 317.67327500126924633
95200 297.45637527681077472
95300 301.53940233197391763
95400 307.64665118449863712
95500 305.22262012488494065
95600 306.64708103420832686
95700 308.79650581316019498
95800 324.44190672114615381
95900 315.52943629444473572
96000 306.03125616558497768
96100 298.24042117291452314
96200 312.60703110932638538
96300 320.84539203862607337
96400 299.49335039342486198
96500 304.1043352204927146
96600 307.79078393662814506
96700 288.26272615809267563
96800 310.38297047869826883
96900 306.446402569666418
97000 278.74398749714015366
97100 300.3694393498961972
97200 320.54541946096321681
97300 318.97233998152336198
97400 294.9551776456881953
97500 295.93959960277254595
97600 288.30218080332014097
97700 311.25931320889986864
97800 300.21888802863452383
97900 308.28071608904303957
98000 316.00215141857017898
98100 308.34410051582756296
98200 299.96496320344567721
98300 293.54355098233281751
98400 313.71736695802121631
98500 299.84887367831845495
98600 316.23033415578083805
98700 318.34461925426302287
98800 330.98949191628724975
98900 327.75895156548608611
99000 319.99302103738193637
99100 304.54752049769945188
99200 302.15762650690720648
99300 312.44856204195644978
99400 324.31058159234277127
99500 315.81147003139716389
99600 312.02569038294575421
99700 328.35543530362315323
99800 300.94099077853934432
99900 310.98011350645776929
100000 313.73387272068168841
