# Fix print output for fix printTemp
0 310.00000000000005684
100 307.02757887072789345
200 302.27833938719999196
300 300.63544748781828275
400 310.54914927066477048
500 302.21662816607778268
600 292.22255254437453686
700 310.29726779127804548
800 301.56450147889586333
900 317.37404761513101903
1000 313.44893412747825323
1100 298.28028704959928064
1200 300.25663155751828981
1300 294.96382504490719612
1400 308.35955442929082437
1500 312.13906235038479053
1600 295.29169084556843927
1700 293.09198776557133215
1800 335.54888435049207374
1900 304.61335439271272207
2000 321.30096637700688689
2100 298.01065542010400122
2200 304.8723645737564425
2300 319.05263379004662738
2400 308.35110584400615608
2500 302.54660529001091618
2600 306.88260224243578023
2700 313.18555549427713913
2800 291.32446543047240084
2900 297.64120745075035757
3000 297.23068975773634293
3100 299.59008671562349946
3200 312.25535418610542138
3300 321.50384727419339015
3400 309.077851756378152
3500 293.92617153117754469
3600 309.28040229205123524
3700 310.42323228313608752
3800 304.72774567901677756
3900 307.9619547889376463
4000 320.7032075888562872
4100 312.09883377869005017
4200 330.91167030980602703
4300 311.84088794566184788
4400 311.89260550320329912
4500 313.72122180860202434
4600 299.5744931724992739
4700 299.06211862106255239
4800 305.94580786105188963
4900 315.18970949375875534
5000 314.10181753266402893
5100 310.20734818803839516
5200 329.78050537675761689
5300 316.11014908929689682
5400 313.12409479860821193
5500 292.53184614559927468
5600 310.66457842753118257
5700 294.48066336741220539
5800 307.50357526733705527
5900 309.78679880534332369
6000 312.08976978737655372
6100 328.94335090970713509
6200 313.25646370474083824
6300 300.19805529688079559
6400 312.46725828240209921
6500 332.11599960613096982
6600 321.05728273577295795
6700 306.8139050823953653
6800 306.91571173901854763
6900 299.84596304502935027
7000 316.9926825446130465
7100 311.46058786355928305
7200 284.09654169499060572
7300 307.99532201492610284
7400 327.65659937745857633
7500 305.69686401297281009
7600 305.93340510917892061
7700 313.54102877499849455
7800 297.62299408166580861
7900 323.6112292585245882
8000 329.36336876387741768
8100 316.3040032637759964
8200 310.6705772540510111
8300 302.69028097973705371
8400 321.02350775331763089
8500 300.37265775190502382
8600 302.64060943384237135
8700 307.7750293707021001
8800 340.06038987569934307
8900 329.26275946964699415
9000 302.142474359285643
9100 286.51148504942301543
9200 296.15899779737191011
9300 301.01839943254498166
9400 305.6325620449686653
9500 326.45832545799919444
9600 325.55254164384234628
9700 314.94366540204561034
9800 318.97008449662530438
9900 309.24230732906346475
10000 310.75163725671501425
10100 304.98164640537521564
10200 320.78146554539682711
10300 320.63569799017744799
10400 307.02203289857953905
10500 311.22334827229457233
10600 294.68129349175336529
10700 313.11885291676344423
10800 314.07130875050580698
10900 309.7503961177922065
11000 316.1770887728945354
11100 304.60118206855509015
11200 320.94392018733884697
11300 317.91309084574976396
11400 318.77994224195850848
11500 302.77170364164527427
11600 318.07510512215657172
11700 313.7994285528849332
11800 304.94433457914436758
11900 302.27981880363984146
12000 294.52184379946908166
12100 316.12912038328892095
12200 309.69094615112732072
12300 305.11119901042178526
12400 319.53667936454672827
12500 323.03344333875958228
12600 334.04203045899333802
12700 312.87673763936965088
12800 309.64550392186328054
12900 301.20703013338379606
13000 304.63648995607769621
13100 313.83147516626866036
13200 317.07272105395560402
13300 305.68534478171233104
13400 333.09679162505187833
13500 319.43761223527161519
13600 306.67824669415023209
13700 311.34602591552413742
13800 325.09008156689532143
13900 328.38366100836458372
14000 332.63882580683230117
14100 321.54531118368743137
14200 325.87401376218906535
14300 297.57714465101855694
14400 290.87919742455426331
14500 315.84301831799791671
14600 326.47247459209125964
14700 301.87281563045775101
14800 299.99370305228592315
14900 325.00797141284277814
15000 318.92153121587352871
15100 307.44108828723381066
15200 302.96299729541357237
15300 301.63656357221327653
15400 315.94757243226888477
15500 285.03029181851019302
15600 309.11694578651014353
15700 324.51943202100835606
15800 325.49007028642847672
15900 301.8585319457789069
16000 313.5584109845199805
16100 320.8713973931584178
16200 315.3952753802211646
16300 302.46788355172947149
16400 289.27046336366032619
16500 303.85224558346823187
16600 299.43894709379748065
16700 310.20229684720811747
16800 300.01807254752475274
16900 304.75417039038853773
17000 304.10806083268477096
17100 307.40708135001585788
17200 291.5204451171281903
17300 301.56564299274106133
17400 328.61207293240823901
17500 295.05782093106978436
17600 304.86131821761745186
17700 313.2165619088227686
17800 307.81469312431858043
17900 313.04348670025711954
18000 321.73324118461295029
18100 304.53076895430632476
18200 311.51477667640875779
18300 289.39137604618770183
18400 321.9598478101006549
18500 327.85499306726057966
18600 310.16795198600414096
18700 313.9156575299502947
18800 315.23464286732286155
18900 315.68658593677224644
19000 297.28200885201073334
19100 309.8806988979953303
19200 294.99535735880664333
19300 305.2019393453612679
19400 319.19802747131859633
19500 335.2099935888641653
19600 320.67054763245863569
19700 315.25581596702141951
19800 311.32802485475292542
19900 316.58047424752595589
20000 322.6287630653999372
20100 302.75260075249502734
20200 317.21697433871366911
20300 304.75638870889611098
20400 324.35648560365495996
20500 299.31898411001157001
20600 287.88194513632760163
20700 314.62548881523008504
20800 314.3938274065845917
20900 314.81240023034888509
21000 329.48602151043706954
21100 318.78233176313671038
21200 310.38662283909195594
21300 293.15454596117223218
21400 322.3512742559879598
21500 311.95808680517376388
21600 289.85050963443939054
21700 315.42307994624854928
21800 315.52505391637043886
21900 307.0712581232106686
22000 318.71476077858335429
22100 308.45404378740283846
22200 297.16416729793962759
22300 301.04264162151838491
22400 317.0077765065777271
22500 308.67159304457896951
22600 323.68952154404712473
22700 301.80268457263525761
22800 295.22294592979875461
22900 313.03486000688099011
23000 324.84199411940886648
23100 333.1118780601744902
23200 317.56716943547360188
23300 312.43071898213287341
23400 313.39368081145414635
23500 319.63193011936465382
23600 317.427487977708779
23700 303.53130525665073947
23800 313.08108427292353326
23900 307.94958012771763833
24000 317.11522799822864727
24100 322.38364770881253207
24200 316.76848860252488294
24300 311.91426522781563335
24400 324.15171903709585877
24500 318.97104498635769687
24600 309.42830835761003527
24700 310.44902587442209096
24800 319.3918057413999918
24900 305.08627439918922164
25000 298.47400907074455745
25100 313.6138309067434875
25200 316.13481598623775426
25300 322.2245371464902064
25400 304.15805660793341758
25500 309.66912963998549913
25600 316.43019201107858862
25700 316.59937898919469035
25800 310.16036867583193271
25900 293.3031634510572303
26000 305.16519972127395022
26100 315.92592208721970337
26200 306.48433717947801824
26300 329.82856295847341244
26400 314.01045830041562112
26500 325.00383897003928269
26600 307.63589026915013847
26700 307.46130299265200847
26800 304.6857833454852198
26900 314.57534161175237841
27000 313.36051306358905322
27100 293.67908558467610192
27200 301.30890577238318428
27300 321.33767396404130068
27400 315.44122136125736233
27500 320.12266238484079395
27600 305.65509535639358774
27700 294.0534619125336917
27800 310.45798767960695841
27900 297.69826077788030716
28000 297.57855811384604294
28100 326.88040151291636448
28200 312.8396284066801627
28300 318.57076601946880601
28400 311.25133725320284839
28500 317.91049216464273286
28600 320.1428419584447056
28700 299.78329994189573426
28800 316.23445743203313896
28900 310.92968691996219377
29000 298.69636444154855326
29100 295.79708810114652806
29200 313.30197162862151572
29300 313.28348846075328993
29400 298.6654037700895401
29500 298.4436640747957199
29600 312.05851878456246595
29700 317.93817313116471723
29800 317.88323846425475949
29900 307.96299251130284347
30000 314.6142228811600603
30100 313.79990900244757768
30200 311.93887497822527166
30300 314.04623819325973955
30400 308.18383426378619561
30500 306.99085930599795802
30600 304.18506060021695703
30700 308.22313815666478831
30800 302.15423578701410179
30900 307.87712231029661325
31000 307.8307792947937287
31100 316.11905348625361967
31200 313.54941619631375715
31300 312.8890056789594496
31400 302.73463396610145537
31500 305.64809005963826394
31600 317.36257684359071618
31700 314.56391671873461746
31800 304.15801366097616665
31900 305.2218286175753974
32000 303.58978731643475157
32100 328.14653538065869043
32200 309.18753631942365701
32300 289.78982127831073967
32400 324.21365239998425523
32500 311.59652586301655219
32600 297.88775937660562931
32700 312.63327459474294301
32800 311.6048130539057297
32900 313.42869460483183275
33000 290.6356808604234061
33100 304.69960293863914558
33200 322.03043035818546969
33300 333.64741920484681259
33400 326.77563647135167457
33500 311.96805546178984514
33600 314.53194279769792274
33700 314.29540493537172097
33800 308.43199839598673861
33900 323.5438636938114314
34000 319.10289538898365436
34100 315.26207418951048567
34200 298.70783925875872455
34300 328.61640787061458013
34400 311.9893945448257
34500 320.80396768411526409
34600 305.12096278933233862
34700 310.70478581316069722
34800 312.25896530439837306
34900 319.48781072429824235
35000 343.81471361167911027
35100 310.5052787215328749
35200 310.38976730004543469
35300 298.00080173060410971
35400 324.26693497675006483
35500 308.57807007377124364
35600 301.38910012016668816
35700 303.36619741129516115
35800 316.38916931471277394
35900 325.21743158556995468
36000 306.56311805588143216
36100 308.88513422450841972
36200 315.65972108658189654
36300 294.56797283125985132
36400 298.60408351295848206
36500 304.99359463837612338
36600 314.98400501281486186
36700 306.8712721745748695
36800 319.56516944183636042
36900 318.38749442709831783
37000 317.3634477713145543
37100 305.9405476707725029
37200 283.15391001764515977
37300 315.25675092206643058
37400 322.94641666293216531
37500 325.79559011778235345
37600 318.53289827281764701
37700 311.81252795003717893
37800 295.64756218229854312
37900 313.97820257918255038
38000 310.54734075190083331
38100 306.62562115382326056
38200 301.08704713821668975
38300 293.69328304201337687
38400 310.14235962729276253
38500 301.02520867097661039
38600 302.69741717247097768
38700 316.28508378467398643
38800 324.35200122863454908
38900 316.55774030677702058
39000 307.09103047959001742
39100 323.54097741558791768
39200 324.90146668741965641
39300 317.70756463191747798
39400 302.2314290415826008
39500 310.51635478878529284
39600 311.70596796878089663
39700 304.06567934399737396
39800 311.66067727564336565
39900 318.54101772059061659
40000 327.50791895604277215
40100 308.29324819084149567
40200 306.3934285139693543
40300 326.16966129138882025
40400 314.84806290052068789
40500 299.15088944599517617
40600 322.1674029149320404
40700 311.68515129419773757
40800 287.23156183465738422
40900 318.74726983363666477
41000 315.31870229886015977
41100 310.67720394373708359
41200 309.11048534925788545
41300 303.49056762767236251
41400 319.68598256303516791
41500 314.93866220357540442
41600 315.46858498333097032
41700 306.86638120924772011
41800 341.40190364380924848
41900 307.09290190533408804
42000 302.21904867495783265
42100 319.79317893371580794
42200 301.745519620059099
42300 298.78419971440717973
42400 290.56234624065615435
42500 303.19517011417974572
42600 310.01553600401871336
42700 313.78824502862340751
42800 310.97048546310145412
42900 317.26313704079808531
43000 336.5011727457488746
43100 322.08956739207508235
43200 317.17437864808852055
43300 311.09187919880895379
43400 302.17673522658930096
43500 315.11341693007682352
43600 311.70323891199740274
43700 321.27522745106205093
43800 319.86957412523724997
43900 301.95074778688012884
44000 300.92508584317556597
44100 307.91274640445521982
44200 301.33573989566821183
44300 311.34786569879923945
44400 324.34506090218849295
44500 315.45706735517535435
44600 301.33380038811873192
44700 290.45617950911298522
44800 309.05857912764759021
44900 303.45050281786797086
45000 296.93291092719715607
45100 315.38276215605532116
45200 298.83896693801818856
45300 299.14920693654380557
45400 318.30115489457040212
45500 314.68427882307389609
45600 301.1468643624891115
45700 303.26702738017758065
45800 313.75250613426572954
45900 300.49575795435993086
46000 300.9096825217937976
46100 309.14387516263906264
46200 319.99058180679452335
46300 304.82378220302086902
46400 307.09087324186060641
46500 307.37315291992536004
46600 314.50071333955634145
46700 300.96429526604316607
46800 301.79982567577576447
46900 329.38948552635531541
47000 307.46625431543031937
47100 309.68393914923251486
47200 302.61227663415883171
47300 321.33053492040443189
47400 318.21776309796075566
47500 286.58378545424841377
47600 296.88604601598353838
47700 305.33764754653020645
47800 316.54083373410827562
47900 318.44185996063106359
48000 286.26503034951326754
48100 301.96360264332804491
48200 311.24404321447758548
48300 308.44095024332159483
48400 309.92706132371330341
48500 308.88377985176089169
48600 303.55724022748648849
48700 297.58425797736907725
48800 311.04007161315001895
48900 337.33914104517197075
49000 307.67635739113683258
49100 301.04939469637491811
49200 323.13401428496598555
49300 319.71795403198149188
49400 298.28126537912453387
49500 304.04986640962795263
49600 324.02174286168627759
49700 308.55766197212847146
49800 310.58263056952097259
49900 314.50940915028400013
50000 310.01261611658389938
50100 310.51221899366669277
50200 297.323193460986829
50300 301.73203556681175996
50400 288.76593035412059862
50500 313.30317198832335635
50600 304.88736336565858664
50700 314.02349016777077395
50800 312.18192866001680841
50900 299.62277617789584383
51000 329.72901412842037416
51100 314.42568865830310187
51200 305.00166972544013788
51300 321.99444708586435127
51400 319.30543480663243372
51500 309.07994317259590389
51600 305.42310784487449382
51700 324.60819747063072782
51800 307.44427524452777334
51900 319.1889622416612724
52000 284.19709965628197779
52100 312.06243461068095257
52200 311.70840694561246664
52300 330.93071989509701325
52400 319.74345478307719759
52500 314.57978563326406629
52600 300.58793686901992714
52700 292.73458734424440308
52800 303.72371602430365556
52900 304.52972163379445192
53000 318.92967661997323603
53100 309.36828204905714301
53200 307.34273635540125724
53300 301.35143167280756415
53400 320.74041486227798714
53500 311.21667743819494945
53600 317.10585092510297045
53700 311.49692344368736485
53800 305.65092193582671598
53900 317.99663028470320114
54000 311.25420351321173484
54100 315.18592862547438926
54200 316.44053180580471007
54300 314.58988008955566329
54400 305.14322398319507101
54500 300.06005029493087477
54600 306.51596397536673066
54700 310.50270934603594242
54800 310.42291632795814849
54900 292.00558479176584115
55000 310.05044790849001402
55100 295.49097137447836303
55200 307.4736538660848737
55300 315.02121325823986808
55400 336.44624440051876491
55500 313.06420401070749904
55600 315.66474149816502859
55700 319.86798816487532804
55800 306.57170478242795753
55900 295.54462124985428773
56000 302.24813867180228044
56100 314.8427011860088669
56200 317.67133087513110468
56300 305.52808136010179396
56400 321.32897913753544117
56500 305.96935320280448423
56600 308.26149967446497158
56700 322.26389936462021524
56800 303.98163759989239452
56900 311.81780534356113321
57000 295.82620358597193899
57100 286.43219023841663784
57200 313.25264126246321439
57300 313.8959240323520703
57400 308.39815712956078642
57500 309.39405164694875339
57600 309.6205141164571728
57700 322.65217364122827348
57800 326.56150440650208111
57900 308.93134647923687908
58000 304.92292895817104181
58100 302.02361101908309138
58200 307.02499165060584119
58300 309.35168823807492799
58400 314.56198410012473232
58500 327.75031810997495541
58600 309.36963131816600026
58700 299.87579157321709999
58800 316.59536269253470664
58900 316.45129889876710649
59000 299.3092912599508395
59100 317.87766495457390192
59200 319.52570428305989481
59300 308.75728058502687645
59400 318.68248401344209242
59500 319.01399748169023951
59600 310.02762998383815329
59700 318.00995623795370193
59800 296.695690451550945
59900 305.52856408983507208
60000 306.49781810623011324
60100 307.07995988540091048
60200 321.20497949696385831
60300 290.81973492399930592
60400 318.49821739249966868
60500 304.36897450241900742
60600 302.55345214112003305
60700 312.32666957616930858
60800 312.69251383804544275
60900 312.33770403587107012
61000 304.67473216836435768
61100 314.43920482722307952
61200 302.97715063747551767
61300 315.05584795384146446
61400 319.67142937268005198
61500 309.95437748439036341
61600 308.43580132791396409
61700 319.64193691662705987
61800 323.49957757592625285
61900 321.27912907275185717
62000 314.65101690318704186
62100 303.71371243486464664
62200 300.32480410766362411
62300 309.13138219738556245
62400 309.42577317472040477
62500 320.34722590295291411
62600 318.03690385159478637
62700 307.98191411023867659
62800 311.5613912903736491
62900 317.59021836604699729
63000 310.20636444367812601
63100 309.82938190991575311
63200 322.47552708701050506
63300 317.04993010399374498
63400 307.14680792464611159
63500 328.37378882056327711
63600 294.33201481567351721
63700 307.35485962512564129
63800 304.60554012106837263
63900 318.33129183803299611
64000 317.58806319606787838
64100 324.87158522528204685
64200 297.39086316457263592
64300 309.44344880633758521
64400 297.15053211749147977
64500 311.64452484586956871
64600 316.34285736238285835
64700 309.40453670779629647
64800 309.94218101114876163
64900 319.45675878956933502
65000 320.22535881517461576
65100 301.00792582841631884
65200 309.88292269081961194
65300 305.47419483423891506
65400 327.84357566291782859
65500 321.46424991082687939
65600 304.62056745300452576
65700 314.47883367110279096
65800 310.84970997159916806
65900 306.33049902766850892
66000 305.79413762865596027
66100 320.62120470613319867
66200 333.14276222875338362
66300 310.71869505449893722
66400 299.12833849427033783
66500 312.2225465741967696
66600 322.50724001404154251
66700 315.72571976063767352
66800 310.97422742679503926
66900 298.77700258448328441
67000 309.51182276813187855
67100 308.02612210063330167
67200 303.75116759277642586
67300 309.02069595843840943
67400 301.78790937800170013
67500 334.36330569685372893
67600 305.99043102888504109
67700 304.90333715852318619
67800 300.80249764470715945
67900 318.63748860997208112
68000 325.96301419774562191
68100 323.84147864761109759
68200 312.77486935889049846
68300 297.78381337537717855
68400 314.71555464919379119
68500 331.5418725942838023
68600 309.27287365967436017
68700 303.84584770977119206
68800 287.80916549014699513
68900 303.96497287662418785
69000 311.61688893024683011
69100 315.51589964204276839
69200 297.79690388804237955
69300 300.76927483450361933
69400 305.57929094283963423
69500 314.48099872714095682
69600 285.47129054223853473
69700 309.40650071346891536
69800 319.34921707750544329
69900 325.22701609543025825
70000 312.76150396109369467
70100 312.0179070606196774
70200 300.78640994462153913
70300 302.98322407489808938
70400 333.30669924620406164
70500 323.23266599270658617
70600 301.69770622357577849
70700 323.63146141652327969
70800 311.54574837194968495
70900 315.54833098085390475
71000 311.15358194115367496
71100 291.5504772246297307
71200 302.51826737388824995
71300 310.76298249405198248
71400 286.05210136802850229
71500 309.2956704289599088
71600 324.9362447739218851
71700 314.59670187448864453
71800 311.97350649396503286
71900 305.67906883181888134
72000 312.91384981717561686
72100 303.28694532471757839
72200 309.69768275435507121
72300 309.19547475862032115
72400 307.34326855658673594
72500 318.72903106300640275
72600 311.5662418828214868
72700 320.73929542730110143
72800 317.39471437296930389
72900 307.55691739865562795
73000 296.35621292269007654
73100 318.50369398136831478
73200 299.30671735918673448
73300 299.11958281085679801
73400 317.45290895256425756
73500 318.4210633647730333
73600 326.23586123436302842
73700 315.63248709698922312
73800 313.53335722352881021
73900 316.78846845485588801
74000 304.35707289195050862
74100 304.87676982001664783
74200 331.25503882518376031
74300 310.91717208647963844
74400 313.97533145868794691
74500 332.81726596093812987
74600 318.86118571742440508
74700 301.52195408740965377
74800 321.76778906296016203
74900 316.20748843498222413
75000 307.17268085327066274
75100 296.20815878645453267
75200 299.08503390762570007
75300 297.77741325727811272
75400 319.91050685562709077
75500 318.69137882757661373
75600 303.59008928952687256
75700 314.91304843573470862
75800 318.11604115244858804
75900 309.09017458720154536
76000 322.10957622180126236
76100 306.46532789906132166
76200 293.09931388872706748
76300 298.81118481721802027
76400 321.81270961013228771
76500 307.18471950257946901
76600 309.15365076022857238
76700 313.40925618892003968
76800 312.49420684180262242
76900 315.37574403014787094
77000 308.49808331598126188
77100 335.31723195947904514
77200 311.78664039911586769
77300 306.24275895400882064
77400 299.32090860900689222
77500 289.39669958634277691
77600 306.39202811100631152
77700 324.28153258205946941
77800 299.40210044476145868
77900 297.72154040235540151
78000 312.967421963418019
78100 308.00206855669767947
78200 308.97279541936825353
78300 316.44960762571679425
78400 315.92786565897455375
78500 325.11877917033967833
78600 306.84393036362774865
78700 304.54137318564380621
78800 308.31998451087775948
78900 314.59039007394329701
79000 297.31337877220136079
79100 310.45610977926378382
79200 322.43450773930408104
79300 340.15130333339243407
79400 316.86527890179337419
79500 304.0973515746526914
79600 315.20074070672376365
79700 323.96978958057093223
79800 302.66183255812461539
79900 298.98308194182703801
80000 312.59401502752604074
80100 310.64633688992205407
80200 311.98715592475855374
80300 305.85583742013409392
80400 306.35789729725189545
80500 310.18083794692284982
80600 309.4010692328896539
80700 317.29955606252821099
80800 312.3979476454513815
80900 307.91586677643437042
81000 309.41858540089202734
81100 294.59552322247253642
81200 303.28513719023601425
81300 318.33959660966365846
81400 320.58861507030985649
81500 294.70219873485831386
81600 309.90066524088911137
81700 308.78691093319787342
81800 302.40604560366477926
81900 308.46944563248655413
82000 290.41491782720316905
82100 331.79282218297072404
82200 306.63416132784499268
82300 307.35174141111627932
82400 292.44149355914345279
82500 293.97432463159213967
82600 308.11157627814247917
82700 319.85639762504075634
82800 311.58424540402438652
82900 315.99842231791018321
83000 315.37014118297815912
83100 319.29093174266688493
83200 289.59473185060477363
83300 319.41789990088665263
83400 299.648458873770835
83500 298.11585919071848139
83600 295.06953977335490436
83700 301.72557862353005476
83800 317.43122375440026417
83900 319.54180707166398179
84000 306.11813575400952914
84100 310.39188018292054494
84200 314.96621697233604209
84300 311.68296130293197166
84400 323.67353211628659437
84500 306.52083342680987244
84600 301.8524896915820932
84700 310.13937122039061478
84800 298.88516878978362001
84900 305.77444206934620752
85000 329.83514068471276914
85100 319.94909386398416018
85200 306.02585782588249685
85300 298.45970727312692361
85400 319.87212609804379326
85500 320.9902211405279786
85600 319.4977125451351867
85700 310.05982249570797649
85800 293.11193990222784578
85900 311.47323412646971974
86000 296.64327259414307036
86100 322.43185161895519286
86200 322.74538375398628887
86300 309.9616161504945353
86400 326.30894787904361465
86500 308.63874597363707153
86600 319.10355539114829071
86700 331.41257595712221473
86800 324.14752380175997359
86900 318.18657145453119028
87000 306.25913788589264186
87100 300.7038326243772417
87200 290.03457639749649388
87300 299.95158019360013668
87400 314.95423018198442833
87500 312.41391128040226022
87600 318.82438857297597679
87700 325.21227452191135399
87800 293.71988602953558711
87900 314.15282234373808024
88000 303.23958721905313496
88100 323.7524989159359734
88200 329.20455972965697811
88300 310.07183699472153648
88400 311.58445004650570809
88500 322.1339783296511996
88600 309.76820462057702343
88700 319.7542334783134379
88800 301.97154734452288949
88900 303.24338358471231913
89000 306.85668765801773361
89100 325.60039902309591753
89200 318.32647404193659213
89300 310.82807367946196564
89400 318.04216028537484817
89500 308.42771617895596137
89600 303.29686025563245266
89700 310.07119828045279064
89800 306.13442766714126719
89900 304.92410332406814177
90000 317.0998361545570674
90100 327.15151142815227558
90200 308.20811043127929452
90300 317.73672854231637075
90400 288.93857526249678358
90500 315.7824266287516366
90600 304.62843110466718599
90700 297.80231477292301179
90800 324.13863795341325158
90900 319.45061197001359687
91000 322.72862814887696459
91100 298.1351076331106924
91200 303.12431913395130323
91300 324.12985492264573395
91400 324.19084162500905677
91500 321.55712423059082994
91600 304.25402259351972134
91700 308.63100640164140032
91800 312.68137121747895435
91900 316.67699307848943135
92000 326.14987181200558553
92100 310.45812472740323074
92200 306.32128840023352723
92300 305.64868775901595654
92400 286.92853136398355218
92500 313.69351892670681536
92600 318.4527575567926192
92700 311.21780772615801425
92800 297.95316279101524515
92900 316.921652371997709
93000 333.00578964272534677
93100 319.52318074959009664
93200 314.30687340793684825
93300 308.77799368303311667
93400 296.15291415172868028
93500 298.29246482839823784
93600 297.98530867841475356
93700 291.21851617093403775
93800 300.91206581055462266
93900 315.92690689457265307
94000 306.75625824087853744
94100 308.18676456919627071
94200 309.57674806525204758
94300 297.95661579433959787
94400 317.93535651689569477
94500 320.80450714247439237
94600 329.36174862809627939
94700 303.93148779536068105
94800 305.32524089468410011
94900 309.38618300118247362
95000 309.53064802625152652
95100 319.43080616258600912
95200 320.45982762462739402
95300 304.13421454943221534
95400 310.12238298755966071
95500 318.26717790235477423
95600 315.60452551317007419
95700 324.98608114192751373
95800 302.95705526005610864
95900 303.99550903664220414
96000 291.88331180446789404
96100 300.04715856691819909
96200 299.13835227321010279
96300 311.84400586858009774
96400 325.57171444343794064
96500 295.14522642076468628
96600 307.67498056449937849
96700 301.69360326182169274
96800 303.5655576108985656
96900 330.94246229152008709
97000 314.93711114348758429
97100 303.92176488917141342
97200 307.46136056368567324
97300 315.5160407541509926
97400 315.84099935130865333
97500 324.74356653531299344
97600 326.57656443274606772
97700 317.12051145420747389
97800 305.78418451782147258
97900 302.33352614706944905
98000 308.88874371795463958
98100 316.86115868581305222
98200 297.11264985775306968
98300 307.16072777848177111
98400 328.67691539190633421
98500 300.82353151125892055
98600 305.1523456475824787
98700 315.74814611029381695
98800 313.91553495493150194
98900 306.2772796547666303
99000 324.13200781232268355
99100 310.97156653876243126
99200 308.64241957606094502
99300 317.72448217574230966
99400 299.86474209416360281
99500 296.70869655412468546
99600 316.72845335662844946
99700 313.67616674444514047
99800 302.93880308258098921
99900 296.20833572992279414
100000 299.87624344680870081
