# Fix print output for fix printTemp
0 310.00000000000005684
100 314.2150953374602409
200 312.1562797642831697
300 292.14972582949553725
400 294.43104656344490877
500 305.98095670456268635
600 315.50402821054359492
700 314.67892367941902876
800 297.32712897832368526
900 311.19835619336498667
1000 314.40471309362192187
1100 312.23032733395450578
1200 302.56296444124740219
1300 302.42502930684491957
1400 311.88646595752959456
1500 319.16927319946114494
1600 290.61594725930450522
1700 304.62130171987848826
1800 309.84242467080832739
1900 295.3115416552499255
2000 318.46495499845241284
2100 313.35265487776803184
2200 309.60961665218405869
2300 305.91087215665157828
2400 283.71295547632013268
2500 326.02416976267113569
2600 310.23533319672378639
2700 300.34352758370761194
2800 302.58423308628169934
2900 314.86757855515639903
3000 292.65890315324384119
3100 285.02517751185854422
3200 293.11519642569157895
3300 299.04980214116028492
3400 312.47274266063362802
3500 306.73207479722844937
3600 317.46156219526386622
3700 292.42907484649020944
3800 312.8251712735677188
3900 323.10688426416487573
4000 339.11329775470375125
4100 329.99923098094308216
4200 295.52999595923188281
4300 289.63033147327075767
4400 311.75722289634109075
4500 309.9200219648937491
4600 299.18136406155366558
4700 327.58364345584345756
4800 304.85819688300307462
4900 312.78704335332110986
5000 315.06430588364167988
5100 310.37297826327232997
5200 304.01922547158670795
5300 306.13231282738831851
5400 314.65828791364771178
5500 300.77281660862729495
5600 322.12167232102001435
5700 291.26259654901281237
5800 291.48289230172076714
5900 315.89376423656449333
6000 314.12600403383521552
6100 290.94865806220201421
6200 295.61166697862717001
6300 296.84126968804321223
6400 290.90717860480566515
6500 299.44166665617899525
6600 319.05199044512136197
6700 321.83140817909492171
6800 320.12930757619494671
6900 310.39734046653768473
7000 303.04725778171098227
7100 304.47178400360434125
7200 315.47894517569739037
7300 301.11669924917129038
7400 318.53897020810927643
7500 312.38786568374092667
7600 318.04721210912032348
7700 312.47738415397031986
7800 302.12980561808467428
7900 300.79269197598313212
8000 355.50935842710362067
8100 307.79179285423475676
8200 318.75807061535937237
8300 318.40390953130327034
8400 318.09563255944834737
8500 319.96306793396826151
8600 298.31271090503207688
8700 307.03977744263698924
8800 314.13391223452617851
8900 293.70412496951934145
9000 286.63643723326237023
9100 305.1825776327401627
9200 312.32167698728130745
9300 313.8273376711695164
9400 300.59074013795202518
9500 304.07901316816622739
9600 310.97827528867480851
9700 294.20028369481610753
9800 327.60650631325665927
9900 315.90095240380600217
10000 314.60554323268036114
10100 312.12994151894059769
10200 310.81554840589404876
10300 324.38416276870020738
10400 303.88866870136837406
10500 318.96110153498636919
10600 317.70213906527607151
10700 315.9216732411860562
10800 300.95336434750493027
10900 305.52297031310206421
11000 315.13436307187959073
11100 329.05532080079524349
11200 298.2894602611510777
11300 298.24475304805707765
11400 322.35010080166716762
11500 328.55594362070758052
11600 323.65461993631083715
11700 320.84776619073056736
11800 303.67785182377906494
11900 309.5982605140888495
12000 300.34835106229786561
12100 305.64670094720855786
12200 314.07751509471245299
12300 315.94251282379542545
12400 309.88709097688530392
12500 306.06603901932879808
12600 307.48864494438709016
12700 314.36369228058566705
12800 310.77504343869213699
12900 297.40258680073094411
13000 311.57540683969432393
13100 310.60081331547075933
13200 330.57657393202623552
13300 307.43887563979234301
13400 322.32344090667294267
13500 314.98108125175264149
13600 292.55478099369668143
13700 302.32944455742608625
13800 304.58167515325186514
13900 310.60254216893213197
14000 309.20909933735538289
14100 322.90105575012626105
14200 317.30233362008129916
14300 326.04135843391088656
14400 309.76249742697410738
14500 315.29484437448786593
14600 305.90589056551237945
14700 315.82487429947502733
14800 304.04182887441857019
14900 322.65227328437691767
15000 321.0610005023714848
15100 302.94381240879130246
15200 302.65907082851174437
15300 304.65811113149129596
15400 338.93370477301971277
15500 306.48583675580647423
15600 310.11879272265764484
15700 320.28050536503269541
15800 310.88592846495077993
15900 318.86244818043718396
16000 318.31716774353679966
16100 309.70040232463952634
16200 305.76801527899715438
16300 300.57429220511789936
16400 283.67509692394531839
16500 316.37894018049314582
16600 306.16964724122135522
16700 299.96023356656280612
16800 307.00826691680146041
16900 316.45813123795858246
17000 318.69532046791334778
17100 303.23735924614959458
17200 290.40787551743744643
17300 299.35157994943347148
17400 311.2468977929543712
17500 320.73730046029413643
17600 311.69261289984581254
17700 316.9880989321664515
17800 304.88239635235828473
17900 307.8487464373292255
18000 320.68570077432281096
18100 313.63099763197226366
18200 299.18815194481402386
18300 287.88886338689252398
18400 309.22678716326362292
18500 321.72226220707256061
18600 324.7860033284345036
18700 326.49219791344984287
18800 315.17314013686194585
18900 302.86607325220182929
19000 294.66158645848673814
19100 301.59013740598345521
19200 309.64465464969026698
19300 332.68711990292001701
19400 319.27715474889441793
19500 317.82050283733718743
19600 307.27914418663078777
19700 297.06462545718778756
19800 301.23706803051567249
19900 313.58136834452648145
20000 309.44606448827420309
20100 299.99559592482751214
20200 299.1746696179849323
20300 305.75648809092734837
20400 307.1410237083233028
20500 321.79140283546576029
20600 315.00972551637687502
20700 308.13761452853134415
20800 317.81598477205085373
20900 304.81254834768355977
21000 314.49637528257090935
21100 312.96763282057276001
21200 305.45848016283071047
21300 311.32395269347227895
21400 316.73569386576872375
21500 312.02782537893278914
21600 320.8463735425300456
21700 305.67141880153377542
21800 305.13783608558333071
21900 314.31524408697720219
22000 310.28262892006756601
22100 308.87465581836147521
22200 292.45128939039994975
22300 304.13814349961967309
22400 320.50869513228849428
22500 320.83515539802317562
22600 312.64918035740322466
22700 319.60866984757973341
22800 311.2990290715009678
22900 305.50167813339464828
23000 315.73489309685379567
23100 321.56618020235350741
23200 315.19428510989718006
23300 306.09455360684415837
23400 320.42839271344143981
23500 308.05653804786965111
23600 321.72737414571327008
23700 318.07222601561238662
23800 305.03054462337865971
23900 296.54001125548427353
24000 303.55400878428343958
24100 311.72192224437884533
24200 323.28694392512164768
24300 294.78755826173198784
24400 295.6325590444696445
24500 343.37993868373609985
24600 305.79632998296966662
24700 301.88052743412760037
24800 305.90301652214810701
24900 312.84125041368338316
25000 300.62371020194785842
25100 315.40727801172130285
25200 311.1507935220267882
25300 312.51944448510261054
25400 311.35607265833408519
25500 317.20044597988447777
25600 305.64852239557086477
25700 309.9211280018385537
25800 303.26705482180443596
25900 312.68884178303738963
26000 318.26284148672903029
26100 326.01462834538460811
26200 293.56197996925095595
26300 294.09420494371323684
26400 308.50134748782642191
26500 311.47594680124524302
26600 315.94259065664488162
26700 325.03541837743267706
26800 320.84956276674358833
26900 287.52423531518769551
27000 295.85169012711361347
27100 298.62805186111859257
27200 310.93986117270668501
27300 325.92973363127055109
27400 323.30812630294752807
27500 307.03189496237536105
27600 302.17336762449173193
27700 313.5076090218472018
27800 311.58415488485752576
27900 325.23993792500328937
28000 309.25542676472048242
28100 285.74834793449184644
28200 298.46455543922388642
28300 290.9240352670443599
28400 308.22558799476729519
28500 318.05262434301573649
28600 325.34302783313324881
28700 316.70373575789432152
28800 316.11553493736357723
28900 328.19179783862733757
29000 301.2260775738024563
29100 302.44048408806662565
29200 281.78484685686288458
29300 313.43239228019820075
29400 330.84456992207611847
29500 310.04234912868781748
29600 307.31001591534271711
29700 309.39505695576428934
29800 304.50500721323248854
29900 323.61637429247474529
30000 305.33874325743499867
30100 336.37231305829669736
30200 319.22130529442461011
30300 312.72968468423027844
30400 312.00866219900069609
30500 317.07021333129699769
30600 312.24898017141174478
30700 316.32119617535613543
30800 312.81243490601946178
30900 317.83879876578890844
31000 299.4491931973956298
31100 296.10154225466180833
31200 332.02770271816729064
31300 312.14032192241933217
31400 331.9518911477816232
31500 302.60044367551734013
31600 295.66173824581659346
31700 310.23713864355170244
31800 299.8792215001689101
31900 314.65203407934575353
32000 307.46967708443003175
32100 310.50133374548403253
32200 312.85935598569193417
32300 285.49839991044848375
32400 307.12686818152917567
32500 312.18839565763340715
32600 331.49550739735951765
32700 303.47667205294521864
32800 302.99251801882621749
32900 301.43875486800948238
33000 304.59694886584810547
33100 316.80405481852284311
33200 327.2250696281800515
33300 308.30697683478160798
33400 301.85571279888080198
33500 300.77882422982958133
33600 305.46205405957562107
33700 316.84226520788183734
33800 324.45685256096084004
33900 301.63230265175116074
34000 310.98864926724098723
34100 296.36624871465670594
34200 311.19030336860402031
34300 319.49524237339193178
34400 338.4638648971434236
34500 306.23804403366858651
34600 314.72852419107306332
34700 326.28136513465545931
34800 300.06015882222072833
34900 308.36029765044770556
35000 284.05389892877002467
35100 298.19031803935752123
35200 300.0224641775715213
35300 323.2721232850016122
35400 312.99114955439119967
35500 306.91090535320472554
35600 310.9084865416774619
35700 284.93346116134290469
35800 303.11890568379033084
35900 294.70632362179873098
36000 306.7608817642296799
36100 306.92232869079026614
36200 326.3432544818984411
36300 312.51978266127747474
36400 314.55746431621093961
36500 300.9896149452354166
36600 305.96355869600796495
36700 318.54112918027726664
36800 330.01790095734435226
36900 319.25542233451034235
37000 306.33522301326883053
37100 299.47075255564720919
37200 297.29595186075999891
37300 300.68902058228115948
37400 313.54469055727224713
37500 311.12210192566817568
37600 315.90316995047891169
37700 307.30113329148417733
37800 305.82032280167896943
37900 320.25085158189909862
38000 316.40465338748288104
38100 307.17463928436262677
38200 322.50615383492737465
38300 322.73513827315946401
38400 302.16966272297946716
38500 310.11227551116604673
38600 308.25684852573670014
38700 308.92800480671780861
38800 325.66777311043608734
38900 319.85542681740616899
39000 304.31878084390149297
39100 297.56078531893604122
39200 309.47808212509886516
39300 288.38587684872192085
39400 310.27657135353109652
39500 303.53971187418915179
39600 304.5315434443466529
39700 310.56189908579580106
39800 323.92603748833437294
39900 313.29388850791849563
40000 322.1773081470607849
40100 313.26586483971249208
40200 302.30681384054378213
40300 318.76536577950668061
40400 305.33710026175737084
40500 297.91695751463225861
40600 310.80181622617897119
40700 335.84566878243288102
40800 301.21140473367239565
40900 314.43111601220874718
41000 320.2254136289101325
41100 298.31713061754385308
41200 305.83224811731599857
41300 322.62823848479683875
41400 323.27893734109807156
41500 304.91420248888243805
41600 308.32461670432115852
41700 316.51918522097156483
41800 312.2722725997786597
41900 309.11300143860700018
42000 321.90500478458926636
42100 333.39477158339184371
42200 311.3387536491454739
42300 312.83445894013107136
42400 313.40850693911175995
42500 317.9760728658019957
42600 309.4910414406534187
42700 317.70827178314402772
42800 312.94298873995535359
42900 305.42802883467271613
43000 316.63034245458101168
43100 321.94470672930532373
43200 311.73633069590334799
43300 307.46378433077023828
43400 305.02665995035602009
43500 328.52407934001968215
43600 310.76334023059490619
43700 296.8016158732027634
43800 314.67463159504239911
43900 319.79297340123457616
44000 309.5433376417623208
44100 304.33689753774814335
44200 305.19312686520299849
44300 334.77886533078185494
44400 314.49113988783966533
44500 316.63866303099052857
44600 303.59505036188147642
44700 306.20745580438665456
44800 312.29428867120702762
44900 285.88202451180222852
45000 305.77908648580415729
45100 311.78226638682559724
45200 314.18971954081291642
45300 315.81223957859936036
45400 315.28988273236393525
45500 315.33089058595095366
45600 305.81838240335167711
45700 311.90160298151727147
45800 302.09868069762399045
45900 305.29497154707962636
46000 314.64366321591433007
46100 325.77963408064033501
46200 315.37475365735610922
46300 319.77076316204937712
46400 304.51255541283796902
46500 301.23389609096773256
46600 308.11456961439319002
46700 292.8258590677305051
46800 306.579088333936852
46900 313.71892141966924328
47000 308.51566193684050177
47100 288.85621806266243539
47200 294.10718783602663962
47300 310.89880912897649523
47400 317.98997493513815016
47500 318.97227731991063138
47600 309.21093770702537995
47700 309.07070868433601163
47800 321.0313284790357784
47900 312.63618660334185506
48000 311.87527808712439992
48100 323.75158154488707396
48200 308.89746115808742388
48300 279.57451837224664359
48400 302.62484316176420407
48500 324.35286358754950697
48600 312.97252869985720736
48700 305.29498381831308507
48800 305.07691561373036393
48900 300.48927952132129349
49000 315.2968555787511491
49100 298.558043923688615
49200 289.67645022963318979
49300 304.80361551553909294
49400 330.30283362331999797
49500 300.52315378127764234
49600 321.53888628151736384
49700 318.27572432511266243
49800 310.46001257744580926
49900 305.73135390268413403
50000 310.92397717074101138
50100 314.18737935063956002
50200 297.59474065142285326
50300 303.91124035428214256
50400 326.7026504338729751
50500 311.91186614637194907
50600 312.77934725434874963
50700 303.75086289173850673
50800 309.10740606218405446
50900 307.982679655646848
51000 305.14619599234026737
51100 312.29592848836136909
51200 326.71611899494445197
51300 309.31745279207711974
51400 315.47546019928495298
51500 317.6023117087605101
51600 309.07450242236700433
51700 311.05655977438431137
51800 330.08071520990682757
51900 295.73852596170291918
52000 314.13061743604077947
52100 321.38641311882719265
52200 324.84087620575212441
52300 321.78346146373036163
52400 316.25742084926633879
52500 280.55112586345359205
52600 306.33547259798768891
52700 319.85252371375702296
52800 310.40208310303518147
52900 306.58778398809960208
53000 311.38741059653528964
53100 290.69165485968352414
53200 300.64689420486172367
53300 309.83525978892424746
53400 310.12715482768618358
53500 296.47147768703956672
53600 312.80912899313779008
53700 317.96885086612405757
53800 328.26700927264965912
53900 303.80805391789266423
54000 318.45008379591331504
54100 316.73622401986625619
54200 317.32056778900295058
54300 312.37594079755768917
54400 313.848005478723735
54500 311.12502754985638376
54600 311.28709753409151517
54700 314.0394911490207619
54800 290.43490935423187693
54900 311.47128161342880048
55000 299.80013841561145682
55100 295.54047551428595852
55200 313.12818843876385699
55300 312.66153278203751142
55400 305.68809977595185501
55500 307.05141051693971121
55600 306.01776607748735159
55700 296.83932805163908597
55800 310.14860102151624233
55900 303.06374184121506232
56000 305.06684063408346219
56100 305.64238359667251643
56200 321.21574407232634485
56300 316.22112764735902601
56400 302.95156931611342088
56500 291.47680541599777371
56600 298.23522679359092535
56700 310.85510039679928695
56800 304.07471579613951462
56900 302.97703313793289226
57000 314.8830369049892397
57100 301.16223036977601168
57200 308.99041961748906715
57300 306.79265551078293583
57400 295.25957214318106026
57500 317.68253945658938164
57600 306.31808269423498814
57700 311.6825333794917583
57800 313.39521193697919443
57900 327.76006883991050245
58000 300.55812333351792631
58100 314.56463243698050292
58200 313.47574935352594139
58300 306.65906426564504272
58400 317.56739232567224462
58500 320.73485782862837823
58600 294.48149563983753296
58700 303.31330733247301623
58800 297.37240903449657026
58900 322.15029678923013989
59000 308.8611401210424674
59100 318.38554867109547786
59200 334.4827046197927416
59300 297.93408383517288485
59400 301.45309261994805183
59500 300.16539686407486442
59600 311.18528274201099748
59700 326.14062664404576708
59800 320.23454988378057351
59900 312.36474349759322422
60000 311.86789915129702422
60100 341.30973837968002726
60200 304.78764762228581731
60300 308.04448839663615445
60400 299.15138435718029086
60500 310.69695270517854624
60600 320.69710085880024053
60700 305.97794795077595609
60800 312.99459776960406998
60900 296.64702613290484123
61000 313.27332360075774886
61100 309.98504147243198759
61200 311.2942298262037184
61300 296.06783287048227749
61400 291.92578008236387177
61500 310.147571508633348
61600 310.92961373612968146
61700 311.85045603095193201
61800 304.68985815840630949
61900 295.71725285958063978
62000 306.64550822153370291
62100 298.79007401090979101
62200 320.30550674102022413
62300 323.82217908001899787
62400 295.50386407724568016
62500 295.76333229384744072
62600 294.52218042893036909
62700 307.62065301286315844
62800 317.89549428692384936
62900 293.0282620954289996
63000 302.5549622894843651
63100 308.75636277005202146
63200 322.16387071610751036
63300 305.1859655607474906
63400 296.55531894311127417
63500 309.1797704020784181
63600 305.22479800935184358
63700 303.42579754678172321
63800 315.85322055823837673
63900 303.32721982057205423
64000 332.28333672964720336
64100 312.6979096747044764
64200 305.15460982616519914
64300 330.81954864415109796
64400 318.19793585813755499
64500 302.65700848148446767
64600 304.31470210069278437
64700 314.56708851427862328
64800 316.35045645388026969
64900 312.27603904357789588
65000 302.4763835632608675
65100 322.69798890348056375
65200 317.78590484360034907
65300 312.66856945980117644
65400 321.03999603556752618
65500 295.828740538586203
65600 290.37371769037980584
65700 308.15632472876654901
65800 320.71149923562569484
65900 325.59897421213503321
66000 314.45532320805193649
66100 318.03551845209733528
66200 309.01763477315876116
66300 309.0200950122467134
66400 322.12220185156138541
66500 308.407056756265888
66600 315.5549403801607582
66700 306.34182006927835573
66800 312.09972639530110428
66900 306.87963916355920446
67000 296.55511522797814905
67100 305.53615198672082442
67200 303.93573344132306602
67300 328.40284080267269928
67400 292.92585435263265481
67500 309.49779156472936847
67600 317.45378672925477304
67700 311.58318117343026188
67800 293.37272361713894497
67900 313.89924725061899835
68000 313.38096712236080066
68100 314.39299784277591243
68200 312.15710006640506435
68300 327.52781877009078926
68400 315.22560729889096365
68500 302.59143676443778759
68600 305.55659763905447335
68700 292.48476174791409221
68800 312.86567328260224485
68900 311.94028077005356181
69000 319.46063043325079889
69100 314.86568958491943704
69200 307.75645369152357489
69300 321.38535013593167378
69400 306.1452857790935127
69500 323.44945893938177051
69600 302.84794502248115577
69700 304.91106227728300837
69800 312.99085811032301763
69900 305.74212015433272427
70000 314.25168730320120858
70100 315.15770213642508679
70200 332.30460275076421794
70300 322.6190309998170278
70400 321.72874937510573545
70500 301.14497130902674371
70600 302.18232400511692504
70700 313.24717899231421825
70800 325.33980983408076781
70900 297.12733920310432723
71000 322.09390985070501756
71100 303.59978097130539254
71200 308.26066428554128152
71300 317.30033712140811986
71400 310.98214462461726271
71500 309.9406787841677442
71600 294.79838080122715382
71700 313.56994624737626509
71800 326.12207637529292015
71900 326.46978990629804684
72000 307.18234356533304208
72100 301.52976855235425546
72200 293.97616028508485897
72300 302.1324077955246139
72400 286.77378464673330427
72500 305.2931281011854594
72600 299.21802686616655365
72700 301.76028838023739809
72800 312.84976659639278296
72900 315.59500377779437486
73000 298.7306465297568252
73100 303.65800664158649624
73200 309.60238247188891592
73300 324.73735799293825721
73400 306.06688946171493626
73500 310.65026746834456617
73600 319.08662406388225463
73700 312.49704008248795617
73800 308.82857063273257836
73900 300.58138329579293213
74000 315.45909064457367776
74100 318.35133700237969379
74200 309.25266349959861145
74300 313.73045784367877786
74400 303.71516902468624721
74500 301.01976411099832376
74600 312.15663769645931325
74700 307.41642418990733177
74800 333.73748254320668138
74900 313.25134429586881879
75000 307.60269084121233618
75100 333.31398997125137385
75200 316.6244043847579519
75300 303.05696880296852669
75400 295.76021276023982409
75500 308.5193615059610579
75600 320.56611564784049051
75700 322.84553860499534039
75800 316.60900747544360456
75900 310.56722020490337854
76000 324.55089233574221907
76100 310.4773401968245139
76200 306.33404409910917821
76300 301.08310325691098797
76400 310.25602187458116532
76500 295.67760837827847809
76600 318.43025601948932035
76700 330.29447209154051279
76800 307.88312806224138285
76900 316.74807419210566195
77000 299.63757423396504009
77100 316.46887657353818213
77200 308.64517400194108632
77300 301.96386830742216034
77400 321.86121283619178257
77500 316.73878246497264399
77600 314.7845591250702455
77700 317.62671475380466291
77800 337.21950716226155009
77900 312.89826820921808803
78000 307.17548745910801244
78100 320.96276996472028031
78200 302.63093737756634027
78300 289.1178583500002901
78400 282.57285924711686675
78500 302.94084407252603341
78600 301.66238589548174787
78700 308.22268880932114143
78800 311.24841744112848119
78900 297.10437651709071361
79000 301.35085420683367374
79100 339.60567214254194823
79200 307.77595718319236084
79300 301.36374156309074124
79400 319.20873252262549613
79500 319.85118647131213265
79600 310.81221057896448201
79700 290.37120184096488629
79800 316.17086819958518618
79900 311.46625433208998857
80000 296.2641988421842143
80100 309.72315180000663304
80200 302.59480396683585468
80300 293.18994884213554997
80400 306.43308083788025442
80500 312.58667744004856104
80600 325.38086713085203883
80700 295.46405814682952951
80800 336.09388863694476868
80900 308.76576504172328441
81000 315.2419364063467242
81100 314.8340495601498219
81200 323.78390533166418663
81300 309.19255634664676791
81400 303.47412461774234771
81500 318.31783629404634439
81600 309.62264899308809163
81700 296.78503692779452194
81800 300.8355556140326712
81900 305.17397558911119404
82000 310.12880893755601619
82100 295.05859468952274938
82200 299.15685389979188358
82300 307.6617529400458011
82400 318.57820833995191379
82500 301.64105622966974352
82600 300.97881026921180592
82700 318.08825628779698036
82800 305.80252363370715329
82900 309.98406470569995008
83000 313.03204600046905171
83100 307.06176397757246832
83200 305.79918301725240326
83300 336.36461212831471812
83400 300.92558297461005168
83500 324.30263769207687119
83600 306.53761376175003761
83700 327.87307921206127048
83800 307.00576458960506443
83900 294.45567382199982376
84000 294.42087261516297758
84100 312.38787097068592402
84200 311.18458323166748869
84300 300.74382697049628632
84400 311.63805157924946343
84500 312.05794135283520063
84600 302.68167038421978532
84700 295.53615966867647558
84800 331.52328832732672481
84900 312.15585821081270979
85000 311.82020684244645281
85100 305.57178519186237509
85200 299.96285417887395397
85300 303.25541922237886183
85400 297.60308664863595141
85500 309.6901801257509419
85600 324.21263536818395323
85700 299.52850054943115765
85800 312.59406231541169063
85900 322.28670361735794359
86000 306.533836123418439
86100 286.90898129370958713
86200 310.0384334815653915
86300 308.76564769649343134
86400 302.2628800671733984
86500 296.27283486205169538
86600 311.50521958897735431
86700 297.32981770620568795
86800 308.27952886416454703
86900 313.80184097577284774
87000 318.58467157344620091
87100 311.88395694107356348
87200 315.72575278598617388
87300 297.57221708536945926
87400 315.08552988582687249
87500 310.40899310906775099
87600 303.06168378390771068
87700 315.36571378860003279
87800 308.70454113439126331
87900 287.16103278359372553
88000 308.75216084413813178
88100 310.34039836853418137
88200 291.96074449393273653
88300 312.72496611176154602
88400 322.97881208833894107
88500 312.84125881713134731
88600 305.40986100542761505
88700 330.89432871511127132
88800 322.48317525068182476
88900 330.85679212567970353
89000 320.8051257331638908
89100 317.57380768874912746
89200 297.20478485978043182
89300 287.52591560825470651
89400 306.67247730894405322
89500 305.33351210988496405
89600 292.3628302011127289
89700 296.17053513002741738
89800 295.64450269191087273
89900 307.71092513285020686
90000 312.67349595734742707
90100 298.44665816857479967
90200 319.74703774773223586
90300 319.32489820631229804
90400 304.02999720435263953
90500 311.90060218270446057
90600 300.72413879723785612
90700 324.05342953177870413
90800 305.82470707597133242
90900 302.75491174566906238
91000 310.90784782001298936
91100 301.62343969945766275
91200 308.53886488544196709
91300 314.27275503661456924
91400 330.89357712462680183
91500 314.84765428914624863
91600 323.39949720202474737
91700 308.87135441809039094
91800 297.04996763424668416
91900 297.48328762221217403
92000 313.7777876132753363
92100 324.87810452988031784
92200 307.20541641367941565
92300 309.69430401384067864
92400 322.86959704128582871
92500 310.26375170867476072
92600 294.54334238974462323
92700 303.0244208661116545
92800 324.0531592489447803
92900 336.71667379520442864
93000 308.61598410126867975
93100 315.01944519979139159
93200 300.8347580594355577
93300 298.56445054119183169
93400 304.89296877061434543
93500 319.02262912873516143
93600 313.08169048051803429
93700 315.00762462531184838
93800 327.88590811239805589
93900 315.45408717865723247
94000 315.93732162968683497
94100 314.12152455223997549
94200 299.93289030429247077
94300 283.25877172265774107
94400 302.8463666778818606
94500 306.1217985259348211
94600 323.24833751871267395
94700 315.76703928136936383
94800 305.40556733353804475
94900 312.57025253855323399
95000 298.99254146374147467
95100 296.92227144245168802
95200 304.94981917833820262
95300 321.39312502912923719
95400 325.80411922737465602
95500 306.48589121205344554
95600 304.82105586781096918
95700 308.75306327891723868
95800 312.61450394464878855
95900 324.41156592230038314
96000 311.80194117460530379
96100 296.66603494598922452
96200 301.92651037129093083
96300 324.83823185600653005
96400 316.44769774732276346
96500 294.42223403870730181
96600 315.19287234292028188
96700 311.75876276190911085
96800 290.62929418314047325
96900 309.1640578596959017
97000 319.830614143840819
97100 303.98074017793243229
97200 306.68232603437564876
97300 308.21361158852880635
97400 313.561591217287571
97500 314.18014339483448794
97600 307.5923452406858587
97700 296.17202703363500405
97800 315.23358568542550984
97900 309.86566927720082276
98000 311.71870531813937077
98100 298.55334657960202094
98200 312.12148966616211965
98300 317.76411172856961684
98400 316.31634665904886106
98500 286.0519625702547728
98600 315.83415286338129135
98700 328.85303290880511895
98800 311.19673568497438509
98900 296.79549487355637893
99000 311.03891370243911751
99100 324.81181012641201278
99200 322.0006478815085984
99300 309.85242816611173566
99400 322.65444215999980315
99500 324.66514582331581096
99600 298.79493283663919101
99700 293.07585822676486487
99800 301.55206604461199049
99900 302.73550899202911069
100000 286.71364300876297193
