# Fix print output for fix printTemp
0 310.00000000000005684
100 317.20684163547576873
200 310.61199638276519863
300 296.66116512696248719
400 305.35823687957309858
500 340.40057134012585038
600 302.80211525552539342
700 324.78863489973122114
800 320.54221879363507242
900 304.20572790362717797
1000 295.38509412071243787
1100 298.14080615654341955
1200 289.7487436969375949
1300 310.86558953837140962
1400 317.8566310067477616
1500 312.67582639951592682
1600 296.63930862362263952
1700 312.6311203761708839
1800 337.41183614166874349
1900 307.73492141333292693
2000 314.44823653150677956
2100 303.5163190388624912
2200 314.82981422844335384
2300 323.91731225800936045
2400 307.61251869227726274
2500 311.90313212353436256
2600 293.84318168098616297
2700 321.22293427695814216
2800 315.39480064503362655
2900 319.50639079372439255
3000 300.7964061895667669
3100 300.41814617021975664
3200 312.48153110686376976
3300 314.79929214289643369
3400 308.1984600083311534
3500 296.82540740716092387
3600 299.08128104998030494
3700 305.7234625417273719
3800 315.95392092359946901
3900 313.62266392941609183
4000 334.45945979943115844
4100 333.15421679442931691
4200 307.41927914245769671
4300 305.2642618100471168
4400 309.76877597245538709
4500 319.90189622892989973
4600 328.79790453685637885
4700 328.16657888331940285
4800 304.50289096119871601
4900 311.26776643309830206
5000 301.83587954285161459
5100 301.9518493590859407
5200 320.45283010440692806
5300 325.91112302061270611
5400 335.15311740862398437
5500 287.01056246340283451
5600 306.11197698904243225
5700 312.67212359168604507
5800 319.15756268558811826
5900 321.20137793714985719
6000 321.8706474708471319
6100 307.22762815804333059
6200 305.70101261147192417
6300 312.41555255976521721
6400 306.63464253905834767
6500 287.75436402200983821
6600 298.81774917479378928
6700 348.56908774095819581
6800 314.99213287476999312
6900 309.20609056015160832
7000 290.8363919197667542
7100 282.33892023201906341
7200 303.70194319156843221
7300 309.79378647808562164
7400 331.95293351141714311
7500 297.99043174922798016
7600 315.8883618247534173
7700 314.68824978046905017
7800 309.45604449042269835
7900 309.71782902991429864
8000 300.9333716036242663
8100 318.25382700888400223
8200 311.0435313160116948
8300 302.00021209535242406
8400 299.7549727128524637
8500 317.41472983147008335
8600 314.11281336084215354
8700 303.17596576829856758
8800 294.40587239826635368
8900 312.24686521135123485
9000 311.35312765291041615
9100 320.00033797047262851
9200 310.48674386425710736
9300 316.31752652719694652
9400 323.48263450498831162
9500 311.37019237257453597
9600 331.85270211148434782
9700 314.04117366636211273
9800 333.55530905824957699
9900 309.11416243858138841
10000 324.82122577952276288
10100 318.87677442550125306
10200 309.56667448779836604
10300 314.60963866437293746
10400 296.05864771981651984
10500 286.6602229450007826
10600 295.93373846846918696
10700 316.34672184771591219
10800 325.41706224004417436
10900 321.87918629848553564
11000 307.45152285607423437
11100 306.04954240518179631
11200 309.92543825130701407
11300 318.17930408597186442
11400 320.28141398546915752
11500 309.7431157219140232
11600 301.22554845258690648
11700 319.01471847448425478
11800 310.10757630832216591
11900 324.16803633851259292
12000 318.07447299627995108
12100 302.31958823188250562
12200 290.82022241796124717
12300 292.31008624912749383
12400 303.50738228680694419
12500 323.50531169941524468
12600 317.88810036603280196
12700 323.08076245949922622
12800 320.92043354534212085
12900 305.41444532943103241
13000 290.8232408009865253
13100 290.62694989150554647
13200 334.11740125355663622
13300 325.53120951662498328
13400 309.35820634788814232
13500 316.09682656358637587
13600 321.00367071477711534
13700 297.07146459883318812
13800 293.34072560833192256
13900 300.55943107316784335
14000 312.15368708243175888
14100 334.73086378393554696
14200 306.95593476832578972
14300 316.17257897041082515
14400 308.95364364312428052
14500 311.54174802603716898
14600 305.33821397625087002
14700 304.75427594746105342
14800 310.54198033034174387
14900 312.14780802189602582
15000 333.71421971947029306
15100 309.6275944436661689
15200 306.0510990386908361
15300 311.34770838460559617
15400 310.41826416167486968
15500 317.16267686957394289
15600 309.56334716601918444
15700 314.9395846233693419
15800 302.05888429920906901
15900 298.46455417405485377
16000 312.22088838519425735
16100 311.41792808446894014
16200 296.31013695558493737
16300 343.15461831062452802
16400 310.71857163702748039
16500 303.39983564941456962
16600 309.86453919240898358
16700 300.75420073725967995
16800 318.53022326747549187
16900 314.40552350782979829
17000 304.25803175207641971
17100 296.00355172778887436
17200 292.47229441593839283
17300 301.99400900530531544
17400 309.21947874583531757
17500 316.73930996019453232
17600 306.37413628475684391
17700 299.15900506465152375
17800 303.29420352752066492
17900 307.23664762442615483
18000 313.34190811295172807
18100 309.87069841156340999
18200 293.39824337434583867
18300 310.08380131370722665
18400 323.28458578681983226
18500 310.45412146691751332
18600 312.66851794897627315
18700 325.61120266509408339
18800 328.09530893566687837
18900 307.54799689671943952
19000 304.31108813265501567
19100 293.96972106561997862
19200 308.16036934162548278
19300 319.35812215507013434
19400 339.24733213455152736
19500 320.09693611149873504
19600 297.09541379626665503
19700 314.84233256466643525
19800 308.18600047619929683
19900 298.60084152583613104
20000 305.47041530961473654
20100 321.42524229901806621
20200 289.82469568404098936
20300 305.95438562026578211
20400 289.26438448775928691
20500 320.3438048876062112
20600 318.64529445292617993
20700 316.30597071850343127
20800 328.44621303603241813
20900 326.34970919874677975
21000 320.29913543567613488
21100 294.09169215332167369
21200 320.45277344824324928
21300 317.2873729536790961
21400 309.25867644985794414
21500 315.70853615249660606
21600 291.16046103184646654
21700 303.48855492849787652
21800 321.01177162054921155
21900 319.21415218341599029
22000 302.93582285544636079
22100 319.3452240946164693
22200 326.18068517315560939
22300 312.76884161089839154
22400 308.78665638952554673
22500 293.1035537345713351
22600 294.86008342053230535
22700 307.18779644939519358
22800 311.94510771085049328
22900 303.50945929170848103
23000 306.39589941751739843
23100 307.27279471307622316
23200 291.2385634840168791
23300 314.03595574253455425
23400 309.6237828445738387
23500 323.98829004492409922
23600 280.54697512694525585
23700 296.32753857506833128
23800 306.67252548550970914
23900 313.55695070126262181
24000 317.8011728369216371
24100 292.65687302408997539
24200 308.05746794120352661
24300 300.44268559675572305
24400 311.53841103810776758
24500 317.25747586013631008
24600 309.70933600426144494
24700 303.02991718821476752
24800 306.69827260122053758
24900 328.28136372793926512
25000 323.11303638533712501
25100 295.91867155083792795
25200 309.2505615421141556
25300 306.30906391778762554
25400 316.69342218786226795
25500 325.32696094374495033
25600 318.55942238340975337
25700 309.6344473016572465
25800 298.13269404011236929
25900 312.27843394423922518
26000 307.84725754253378227
26100 305.03781466974066916
26200 319.07638372526815829
26300 320.70990784801119844
26400 287.52084901113494197
26500 316.89800153782493908
26600 317.61485808721482726
26700 305.9669450896827243
26800 304.82195272490264415
26900 323.35761948289393786
27000 311.58162254102438737
27100 303.72476102086136507
27200 292.11400452203912437
27300 315.82178918771506915
27400 315.27024356623599033
27500 306.00461507618598489
27600 315.91267468324002721
27700 318.83795487194805673
27800 302.82372629164075306
27900 307.13007838486970513
28000 316.78410396267702254
28100 309.49978610313979743
28200 329.58726545696907806
28300 298.90222055029511239
28400 313.45201536687488897
28500 308.73864767939329568
28600 296.76130540310248307
28700 307.99769575707136937
28800 306.43652902451628961
28900 310.89880758710796727
29000 320.13352959579242452
29100 309.29390681772463267
29200 297.98884647815469862
29300 309.14354401337618583
29400 311.4418075811122435
29500 303.73149295480993715
29600 293.2804453174813375
29700 305.36760815967983262
29800 306.46423035484491493
29900 329.60494126465738418
30000 304.92917133124126394
30100 309.77748114373605404
30200 316.27751273873917626
30300 314.84056067158007863
30400 308.01594932866419185
30500 304.04472088816720543
30600 314.54336772027824054
30700 317.83881423546995393
30800 298.2789761351811535
30900 305.73412653128127658
31000 297.17057354138984238
31100 292.38928623763877113
31200 310.00436033241061295
31300 304.39682526667041884
31400 319.79007705675581974
31500 297.2496535601617893
31600 310.97177854472920444
31700 310.35553034711369946
31800 293.52705852042402057
31900 307.50637106285842037
32000 321.22630689234284773
32100 303.55733736368677
32200 305.6294671379100123
32300 322.22209792659054983
32400 302.5200960381272921
32500 303.93143881082107782
32600 332.58048229804910534
32700 305.57764371235748513
32800 328.26447135035755309
32900 319.5246656014988389
33000 316.6445295044010777
33100 311.89398920556863004
33200 300.03383674819804128
33300 320.5763272052175239
33400 324.4654278203382205
33500 312.85128511442957233
33600 327.36426025284828256
33700 305.24222295263791693
33800 295.55269936048426871
33900 305.45582271654893702
34000 320.41610938144731335
34100 299.64017259649159541
34200 317.07425598187961668
34300 313.34069348724227666
34400 311.1103727452106682
34500 322.92391227954294664
34600 311.55562521309377644
34700 323.64730471650398158
34800 314.01918015079235147
34900 300.2855109460833205
35000 305.89470108238850798
35100 313.30905641905752645
35200 301.84656557784995812
35300 302.10748404130418976
35400 303.86031879054445426
35500 333.59080054053168851
35600 309.00069732470734607
35700 289.48975547002345365
35800 288.44803935969213171
35900 311.98906152089307398
36000 319.45680086162985845
36100 319.19158489648663135
36200 321.09160613841061149
36300 300.57447292939087902
36400 295.76728440372039586
36500 332.99215111954157464
36600 304.40917463139714982
36700 307.57209546838794267
36800 310.20189576032993273
36900 296.90160527540143676
37000 321.33192701238931477
37100 312.9713687414339347
37200 306.47942051188016421
37300 315.26957365978296366
37400 300.0956863192847095
37500 320.67701964505033629
37600 283.01074757493302059
37700 297.4992769269901487
37800 305.17482559207968507
37900 314.70953852431904352
38000 325.20042536508839248
38100 297.66017000694768058
38200 313.63369058692012459
38300 318.48149536815736838
38400 308.26643268029766887
38500 289.43541970771946126
38600 295.80263462694568943
38700 316.45793310915888696
38800 313.79241480171600642
38900 325.28499454855278827
39000 323.52680859669857227
39100 286.27621337291219561
39200 305.95530866779620283
39300 332.04656775348365727
39400 321.95951471696622548
39500 315.37483149752421241
39600 305.9128300139439034
39700 305.90114329526716119
39800 316.98751421667691375
39900 300.03467215730461248
40000 301.41937457695962621
40100 312.1113821509922559
40200 312.93058765404208543
40300 291.85186702711212092
40400 308.79397004284436434
40500 322.1035419060696654
40600 300.38638714163431587
40700 309.18784251081825687
40800 335.63883268499574797
40900 327.4906236836823723
41000 312.3707764998401899
41100 314.48790709083806405
41200 301.86909250423695994
41300 309.9997264251917386
41400 316.04302746559670823
41500 346.25132137368149188
41600 310.8006010678544726
41700 292.62179293703758276
41800 321.74451703019599336
41900 314.86213401909878939
42000 317.69165969007872263
42100 318.18216376358157049
42200 302.04111722273074747
42300 303.44131182687908677
42400 312.34983181143047659
42500 308.5130289386528375
42600 306.20404571442009001
42700 317.99120353390190985
42800 316.1297089002526377
42900 298.9432754491510309
43000 310.9169918392457248
43100 319.10657423131789301
43200 312.6449294431346857
43300 299.11508225295352759
43400 309.62606595134769805
43500 305.6297615139810091
43600 300.09847400377998383
43700 291.26448717420333878
43800 300.73224882284154091
43900 300.90729764527611678
44000 318.69039551498747187
44100 299.34400677889863118
44200 314.82648249739946777
44300 325.7125496986499229
44400 298.8013369138982398
44500 291.58595494360974953
44600 304.31370294150110567
44700 324.92775063510646305
44800 324.45211986914233648
44900 303.148440890170491
45000 300.10759127684610803
45100 314.89694937340391334
45200 314.75220159499849615
45300 301.23942789875064818
45400 304.66818463613066115
45500 320.51809957597316725
45600 308.42226178754066268
45700 297.65610899611903051
45800 307.64213922890303365
45900 318.03982783146784641
46000 293.62314836404607377
46100 304.08709445677084204
46200 296.86798863632077428
46300 322.89576411669889922
46400 306.33252314811301176
46500 321.30683576139034585
46600 310.6562244379662161
46700 304.06242450564434421
46800 315.42014083963420035
46900 304.92876215187379785
47000 313.30053402138014462
47100 323.27399432511805344
47200 308.22698496503289789
47300 309.35354304116890489
47400 298.88270918146480426
47500 325.01017087936691041
47600 321.30637837028859849
47700 320.26456182005125584
47800 310.0549241341188349
47900 304.20032946788904837
48000 317.48949419357222723
48100 332.45039122298032908
48200 319.35707965354157523
48300 309.79951430742545426
48400 307.36191218851797657
48500 310.07204364070287284
48600 299.52932553166783691
48700 301.5189300866479698
48800 296.41422415169330407
48900 324.88600348844801147
49000 320.18430899563884395
49100 318.43821376175225168
49200 327.13314580066764847
49300 309.44757323274257033
49400 311.58386563031575633
49500 298.44285294026548172
49600 305.00559136470326393
49700 307.28473924916789883
49800 320.55643926434578361
49900 320.49019853067409258
50000 306.17349271292806634
50100 298.93428068932797714
50200 293.68763690961213797
50300 317.31563874993707941
50400 298.33338668766202773
50500 291.03984006839107224
50600 299.55494660230243653
50700 307.69059760792208635
50800 302.27777475401319407
50900 305.68142811850111684
51000 302.358560895814378
51100 306.98740432887456109
51200 322.06250652671695889
51300 304.77812462352227385
51400 315.5567191565852454
51500 326.56938925498070603
51600 310.60085150078924698
51700 311.72741758990423477
51800 302.34334486958232446
51900 310.8072386399207403
52000 315.91815955518944747
52100 318.36016548113360614
52200 310.37364596933690564
52300 291.24917108683553124
52400 300.54819366707567951
52500 315.20323079018913859
52600 287.92884997205646869
52700 313.74711549329833815
52800 328.45270593101821532
52900 312.81978624585974558
53000 292.87827683920886557
53100 311.53085239891424862
53200 325.88025846581388123
53300 322.415781701010701
53400 300.11068183811704557
53500 299.2455338760329937
53600 310.03457278738142122
53700 298.88681259187154637
53800 323.26958283707665487
53900 297.88587150773309986
54000 301.16492223227402292
54100 327.25772882978060352
54200 322.20459771713973396
54300 309.36170866667441715
54400 293.07535442825974314
54500 306.3293362675316871
54600 319.99779777341132103
54700 318.2794597024717973
54800 313.74076508518123774
54900 303.46864632122236571
55000 308.00555398736582902
55100 313.1389844952109911
55200 310.14597310859710433
55300 302.77331252895811531
55400 306.2118126277496799
55500 292.53791915478439023
55600 302.90562098867815166
55700 316.39192963942235792
55800 327.69180657282504399
55900 308.37859238294817033
56000 293.25423375481835819
56100 312.72130647089522881
56200 310.97049655185708161
56300 332.77783612891420262
56400 316.1493867861279341
56500 317.17823777771650384
56600 325.56671874401951072
56700 332.0150577352592336
56800 315.29531304196092378
56900 310.51568221248311374
57000 318.07737896695124391
57100 324.47741394452907571
57200 309.63394187124794144
57300 318.22759370924819677
57400 314.70969435967379013
57500 294.99609167263935205
57600 293.60536069263639547
57700 301.31905453345945034
57800 323.25585913327682874
57900 312.19433877135043076
58000 310.45369500864364909
58100 298.29291215503832291
58200 291.48999804619847964
58300 307.29069627719576374
58400 296.05148898750724129
58500 301.74628607313707107
58600 312.7054489018423169
58700 305.82272696553451397
58800 308.6037283870496708
58900 299.80885292775690232
59000 323.73733695574361491
59100 307.6046937311530769
59200 298.73840103405836999
59300 308.09861213427080884
59400 310.62256010241986814
59500 309.2144270635283192
59600 291.675424023269386
59700 303.82690505635497402
59800 336.18222410731073069
59900 325.72082475528787882
60000 309.75098159625241578
60100 315.47790102540454882
60200 302.2823603811273756
60300 296.56707758619114657
60400 305.48142014998245486
60500 293.0047170158520089
60600 312.70474972036896588
60700 331.24354083145260574
60800 301.82600679266545285
60900 297.5851515826319087
61000 304.2429898347390349
61100 307.36891321329875382
61200 335.60634987507773985
61300 309.9145347449253336
61400 308.06069524741991472
61500 322.77038909509627729
61600 314.77427304018630139
61700 326.47574187392200429
61800 306.61796681327922443
61900 313.77233718653729966
62000 314.0047710312954905
62100 309.64493469991350594
62200 306.51319950953421767
62300 312.48780042639680232
62400 310.35604705905268474
62500 295.78463575215067749
62600 317.33638219697269278
62700 325.66102153184158396
62800 305.68329074067543161
62900 316.90638720899175951
63000 311.29936822511859873
63100 312.05827220421639367
63200 310.70102882283356394
63300 308.57077361343658595
63400 328.42351683975959986
63500 308.44758557037511082
63600 306.04230880869840803
63700 319.62642806023200137
63800 302.30195906875496803
63900 330.20955324628215521
64000 326.69083177063407675
64100 312.11337470067047661
64200 308.87707509273104733
64300 311.34570896656367722
64400 323.250587373364624
64500 300.15724873595354438
64600 308.33315611493759434
64700 307.82574452908011153
64800 304.52271594983062641
64900 303.80025521198353999
65000 292.44428783466679533
65100 306.78608363020771321
65200 311.62463302791206843
65300 301.87315934367035197
65400 313.01130894161076412
65500 321.59621680780480801
65600 314.21986417915894663
65700 308.7848836589391226
65800 299.16195241729673171
65900 291.83564248945896225
66000 316.15447246440999152
66100 305.85125127557859059
66200 304.75771223233687124
66300 303.45847931921633744
66400 306.24378754227052468
66500 320.69314570827202715
66600 328.22703009443347355
66700 329.64917827594911159
66800 304.77095267742930673
66900 304.69343472652894889
67000 306.02877173200533889
67100 327.80508972282552804
67200 297.76560915227219084
67300 316.45106477510989862
67400 303.67664489621154189
67500 303.52960581974900833
67600 316.93782869846472749
67700 293.33078089469751148
67800 320.96607279412978642
67900 320.86051886359098262
68000 299.88818375791294102
68100 310.58332302660454616
68200 304.88945152842364905
68300 314.55208883222388749
68400 302.40921454220284659
68500 295.21300648065437144
68600 318.68624460861855141
68700 310.06849424501456269
68800 316.72637787011967703
68900 320.75197267681818403
69000 300.62861970801492362
69100 300.043966863911578
69200 321.20203545871618189
69300 326.76183064737477935
69400 297.46625699210090943
69500 306.64629762404535995
69600 317.85656773370624251
69700 302.89083231779079597
69800 297.2273794396534754
69900 316.65216079901199464
70000 304.35902061941595775
70100 310.67366220439555491
70200 312.2387469635162347
70300 311.20859773948382099
70400 322.9154920391658834
70500 313.16561092458681514
70600 304.45465142130359482
70700 300.34024881159399456
70800 300.73950505581910875
70900 305.72330183115980162
71000 311.20802232179426028
71100 310.66853309410043948
71200 318.68436321280842094
71300 299.48119128772424347
71400 300.58311031208620534
71500 316.96580082079111662
71600 306.19277031917937393
71700 292.67041732708463542
71800 322.23526389880606757
71900 298.2607926935196474
72000 312.72158907101737668
72100 312.10146933435612482
72200 320.11124343434431694
72300 320.12381305510575658
72400 307.37222001088110801
72500 311.08596888667995017
72600 312.17277983134601982
72700 319.81688695715502035
72800 310.25903301780988386
72900 327.07455557691599779
73000 310.91806659492777953
73100 310.69692773639638972
73200 326.12494056315841817
73300 325.12089423174523972
73400 307.33004130926963171
73500 297.13555606975495493
73600 311.14207078284914587
73700 331.18343935236998732
73800 315.00319007067787425
73900 312.85683062730123538
74000 317.1114869299603356
74100 287.44149615751433657
74200 320.36599947115979603
74300 329.8608262936448341
74400 316.53385252479887413
74500 296.90412842524284542
74600 294.18807598631667588
74700 304.15361721267191797
74800 316.38245146391165008
74900 317.56227220243351894
75000 284.32210294495956759
75100 311.84959780617202796
75200 322.54520832384827145
75300 307.46702877260253217
75400 300.07940010411590492
75500 310.35501092882077501
75600 309.25949960768423352
75700 300.8824893764089552
75800 312.27545716484758032
75900 316.23352382419813011
76000 323.10565748178117929
76100 305.65884823321340491
76200 304.5115166533095703
76300 307.58898155131055319
76400 319.8849583125950744
76500 310.52297319013547394
76600 306.3699025992431757
76700 303.83851336102833329
76800 317.98146532945389708
76900 324.50994703253763873
77000 307.16717770221140427
77100 306.83679821907469432
77200 314.08822975123678134
77300 317.55113191422162799
77400 333.45200929831537451
77500 307.66325160319217957
77600 315.28925523921901686
77700 301.26466370102258452
77800 314.80983421029407054
77900 315.18542049010096662
78000 310.25964815108301309
78100 296.71544599563549127
78200 298.92683669810708125
78300 304.19315306651492392
78400 307.08429757398488391
78500 330.28922518932586172
78600 311.0733807516363072
78700 314.95913657793090579
78800 319.41858420181046085
78900 331.93971904400962103
79000 305.32655028774445327
79100 303.72504565182538272
79200 305.26637961910944341
79300 323.46924554202945501
79400 304.43910912482363074
79500 308.3884710058392784
79600 307.76381963014773646
79700 302.81797278669796469
79800 316.38316526777998661
79900 304.22218519157792116
80000 298.6196766291154745
80100 318.06656434097374131
80200 308.56016718755165584
80300 307.88000116768080261
80400 318.22644015602702439
80500 314.57537333995867357
80600 303.36924085970611031
80700 305.4238579381099612
80800 309.00625166934173649
80900 317.4123204053507834
81000 305.58351832685241334
81100 309.29692191053806027
81200 323.53250723674784695
81300 317.69558835751456627
81400 312.0150143401403966
81500 302.29311958774701452
81600 323.58309336882405205
81700 317.23944408406589446
81800 314.39249440048030237
81900 303.79155300728859856
82000 321.49985477131860989
82100 303.02933245024746611
82200 311.4086920515823067
82300 307.82467399390770879
82400 288.32729953561835146
82500 309.64511952015601537
82600 292.1028212363238481
82700 318.54809661387974984
82800 303.35396873358251923
82900 309.10550774774702631
83000 305.88137570654561159
83100 306.97423120992385748
83200 325.45040836716731292
83300 293.48065388161620604
83400 326.87126269366137876
83500 310.29128027548262025
83600 302.06876861997540118
83700 321.22292385768770373
83800 329.08650861751027605
83900 304.1547165897314926
84000 319.41826872342318211
84100 297.16732595128172534
84200 299.21200077274147588
84300 313.59208747053355637
84400 319.77861866876975228
84500 310.99326724402141053
84600 321.81102071327893555
84700 316.23740596708404382
84800 304.18584373808141663
84900 292.66910756890291623
85000 311.24634615326419862
85100 315.08751093991452308
85200 328.76129122022314277
85300 304.72876810533057323
85400 321.03077625334975664
85500 304.29334134739963247
85600 307.33548729319403492
85700 314.16241471330897639
85800 317.30824124452277601
85900 308.67238920069627284
86000 302.50777113151451658
86100 323.5664431730447177
86200 330.06919852421492578
86300 304.37160610906715874
86400 306.19494226146440496
86500 321.03438865801240354
86600 325.16919393969982366
86700 304.90301630106500852
86800 321.25570067876492431
86900 307.2638242585782109
87000 313.85582817957282487
87100 319.60897366164607547
87200 309.82126232393699183
87300 287.05292694388947439
87400 298.31649996038629524
87500 310.07485941560383935
87600 311.22922642729071185
87700 309.55431970690005983
87800 317.85285954639510919
87900 333.78679116876168109
88000 314.88820461408067786
88100 311.30379439364725158
88200 288.19035234909074461
88300 305.51609885060975103
88400 309.00089107186909132
88500 323.68070156724246544
88600 311.79089438132905343
88700 303.55573330225513473
88800 330.72189357855302205
88900 311.09404460585454899
89000 311.63057708861373385
89100 294.29848765241791853
89200 301.9511059264141295
89300 326.26221124872535029
89400 314.40466874169044331
89500 310.56087744978566434
89600 297.47679474509112652
89700 305.65570206945625387
89800 320.13958831423929041
89900 306.34873688898335331
90000 320.99164218238138346
90100 316.63483820875865149
90200 287.51023873904989614
90300 316.87442993803199442
90400 320.40318727804708487
90500 308.57908094540681532
90600 310.02421306729593198
90700 320.55822461917034616
90800 307.76196419429857087
90900 314.42982569343263322
91000 321.54406780082842943
91100 320.92988477301639705
91200 309.13432069518796652
91300 298.35755206344833823
91400 315.42909483629199485
91500 318.0834160810346134
91600 312.69028485220223956
91700 313.64679785975653203
91800 302.70486093037607134
91900 291.92094077967556132
92000 316.31802657018732816
92100 322.96277416018205031
92200 323.03532798139741544
92300 321.37064318680222641
92400 308.72052493326242484
92500 309.03413459231666138
92600 324.86275282716474067
92700 315.27462530090008386
92800 311.16385502306906119
92900 301.31810468129765468
93000 310.80792185251476667
93100 312.87518219155282395
93200 312.4549609185812642
93300 314.11801124874801872
93400 309.54738104336661308
93500 319.45827572823839091
93600 322.9042493702459069
93700 312.39934823703538314
93800 312.30626788278794947
93900 298.91890309157895445
94000 303.7341398189119559
94100 308.13194473844481536
94200 323.69652168463250064
94300 314.61108668555402801
94400 311.17398111099220159
94500 315.80492174005121342
94600 328.89830752147611292
94700 309.1695594715724269
94800 312.66191305125227018
94900 313.79626685371022177
95000 302.88445356122491603
95100 292.93984859149128397
95200 307.50820200386976921
95300 313.87644836274074578
95400 310.52705172606300721
95500 300.25102445698399833
95600 290.04437849224450474
95700 301.61449280614408508
95800 313.22983953847341354
95900 324.4275519814283939
96000 309.60539216849355171
96100 277.82844138894080288
96200 299.0826821669650144
96300 313.26595591468901603
96400 312.32911023363180902
96500 312.90305897612955732
96600 293.45844142838416246
96700 308.18863010732115981
96800 317.57485390762752786
96900 289.6009830122236508
97000 310.92602260089051924
97100 316.59802933373640599
97200 326.63690726676571785
97300 301.45417338448191913
97400 304.92118387684121217
97500 294.00846918040286937
97600 311.59965470588127801
97700 324.52450947197462483
97800 323.44114958394112591
97900 309.99995358838668835
98000 317.81434861517658419
98100 319.09887333075204197
98200 316.86288591953109517
98300 310.94126941133174569
98400 318.76909847220667871
98500 320.26676131875962028
98600 335.07870121664984708
98700 309.63289403800723676
98800 305.72115013384836857
98900 292.98735992767029757
99000 329.61607489789980718
99100 319.02369571464544151
99200 308.45147423590645985
99300 304.8464418885760665
99400 312.62085403212432766
99500 325.22331574116918773
99600 309.39407804239175448
99700 322.08370531644186485
99800 314.54415594529262989
99900 301.88220338148073552
100000 301.95955615818053275
