# Fix print output for fix printTemp
0 310.00000000000005684
100 315.42037118792859474
200 301.38256789399395075
300 309.59463545502416082
400 326.26751684517455487
500 302.28548859007946703
600 294.37676430538527939
700 317.39902654636529178
800 288.14598976611966918
900 290.47471372349201602
1000 299.67935068190325865
1100 306.33263188241647867
1200 289.45862548377925805
1300 290.78742262905194593
1400 308.93090020372477511
1500 307.01244792492173019
1600 311.41183956329058446
1700 308.04698082431690409
1800 313.47186988118789941
1900 314.3660751669298179
2000 312.79425101688030963
2100 309.72599463353066085
2200 291.68273404428225604
2300 308.56010703273375384
2400 325.34062784821389869
2500 320.61353059399579024
2600 312.27011114388170654
2700 325.66819546876337199
2800 305.71181506690953711
2900 312.19439699502828489
3000 310.68179384206740679
3100 291.97305264602942998
3200 303.94990545284559857
3300 297.12187811616752242
3400 318.1666053206283209
3500 302.60328456438725198
3600 308.25550753161104467
3700 336.95857381118281637
3800 321.8661501281898154
3900 314.47942692101844386
4000 303.25537057960787024
4100 315.1041238288526074
4200 313.11941572882278706
4300 313.0735172463669187
4400 299.85234312819267188
4500 287.64448087017359512
4600 303.99576360620881132
4700 317.83368748487544053
4800 321.07138942637357104
4900 313.62865863049285053
5000 285.89006631144144421
5100 304.45571047224410677
5200 299.18662804472756989
5300 287.37009417058220606
5400 315.05204913380811149
5500 314.37264318392607265
5600 306.59173808655862103
5700 308.39674766695389962
5800 320.80588163859937367
5900 310.44775976443162335
6000 314.22389499338709129
6100 327.04210081345428307
6200 298.84414306569084374
6300 300.53643529086838271
6400 315.86122615844794836
6500 307.37456098137698746
6600 318.0535357319155878
6700 313.74545028631746391
6800 299.01784945719492725
6900 302.38422519092063112
7000 305.10595043073419674
7100 316.7949849885080198
7200 304.53719933172794754
7300 315.8864243396646998
7400 302.42346630042413835
7500 293.25402364543572276
7600 321.29799141352930292
7700 319.54881570525111556
7800 319.74187205972577885
7900 312.49447112896541512
8000 315.21484206106816828
8100 295.55095677711739199
8200 303.87452286129143886
8300 304.57380833950696797
8400 286.59393856849567328
8500 304.04166898029171762
8600 322.79947436524707882
8700 305.09828461984608339
8800 305.72962804297918638
8900 311.52618759865907805
9000 312.88096511385612075
9100 322.73979896999088623
9200 318.95545170673273105
9300 293.2001782173247193
9400 312.98567151708266465
9500 310.53784737909347768
9600 297.71965135669438496
9700 295.48441188156215276
9800 313.78164766372344729
9900 334.72224224344790855
10000 308.73562811971436304
10100 304.02760887778674714
10200 309.29283064651042423
10300 292.95328068828206369
10400 301.06456654141135232
10500 324.27379623212937076
10600 309.30285493730247026
10700 313.99197499508920828
10800 317.11706925800712042
10900 310.54941088861249909
11000 303.16857912630450755
11100 295.87330384550807594
11200 306.94066743638217076
11300 312.51653126925015158
11400 305.13438767568726462
11500 290.23300212787171404
11600 295.12398512910607451
11700 318.20366611198102191
11800 323.35486440520804763
11900 286.88352612129466479
12000 309.27866830473652726
12100 311.77122445257714389
12200 318.21257705879344257
12300 325.63545074028331783
12400 294.05254532226462061
12500 293.50510071786015942
12600 312.80260266065079122
12700 321.89995263604345155
12800 301.44907711850379428
12900 311.50314178467272086
13000 297.25254911699715876
13100 291.89928495684142717
13200 314.38718752783444188
13300 298.70652546880319278
13400 290.12809376882057677
13500 306.79252981123011068
13600 314.1086239747743889
13700 329.49443347132512372
13800 322.28580797242364042
13900 314.45097604104080347
14000 311.82506415397034516
14100 309.84331388299881382
14200 330.52313314772555941
14300 309.69877780581930438
14400 307.93532415041079275
14500 296.32712983041528787
14600 308.91793079525893972
14700 318.39208934967780351
14800 300.09433387108742863
14900 295.41576383166210462
15000 300.54744200604659454
15100 305.45850735387529085
15200 319.12687727985434094
15300 298.67768795291016204
15400 327.09271112361113865
15500 326.25868438940420901
15600 307.77328743455825588
15700 317.6694466004458377
15800 319.49194619624228153
15900 312.54795406892657184
16000 306.40238907690013548
16100 303.57544151126472798
16200 307.52821268669271149
16300 320.69841783194340223
16400 323.66451565332818063
16500 305.89705049695777461
16600 296.79366416477711255
16700 299.4726391691647791
16800 304.66654773876314266
16900 309.79306812667124404
17000 335.66702308225330853
17100 301.87491762901981929
17200 308.12014075192223572
17300 306.01414669375361655
17400 307.62709588428356255
17500 315.3006516142350506
17600 301.3472333738643556
17700 305.81416036093503408
17800 306.41810281329310328
17900 322.13348717260691956
18000 312.01123654065202118
18100 326.51710989916352901
18200 308.82713417647141796
18300 289.70428624409959184
18400 320.97611827196470813
18500 327.23199613111557937
18600 328.10750879508691469
18700 313.16750569058666542
18800 306.55955001016371853
18900 311.80203518316233158
19000 311.52386772775480495
19100 300.99532910748939685
19200 302.87556116101546877
19300 295.86768526496757659
19400 306.09762845951331656
19500 317.82539254914939875
19600 322.58188000437246501
19700 325.08210387862794732
19800 318.25135779443166939
19900 314.97688094537045345
20000 309.18224732815968991
20100 312.84249280918425029
20200 304.38940313619468725
20300 311.26859690822902849
20400 323.44826803405777582
20500 318.93334093967422405
20600 313.88130724001382532
20700 314.59536564535187608
20800 315.02454116343272972
20900 298.77783811338184705
21000 296.81416495321258253
21100 308.96922247842167053
21200 314.84402000065682614
21300 312.27600384994036631
21400 306.08673830573860641
21500 318.72504626797706351
21600 327.62294583792652247
21700 299.60643495376507417
21800 311.60452187756465037
21900 318.57596816180404176
22000 330.08064421850093595
22100 318.17146361377837138
22200 294.884169397423193
22300 309.17952263730575169
22400 323.63531034714276302
22500 315.34922429430048396
22600 312.84368063823285411
22700 312.21613908671503168
22800 292.87362748678543767
22900 296.93653276636047167
23000 305.01388427556105398
23100 321.09744475840318501
23200 332.53037828638042583
23300 314.45271813062515776
23400 319.14199464445204057
23500 317.56724150543692531
23600 303.66399671514574266
23700 310.01566864195865492
23800 303.47615092185839103
23900 337.82191007480139433
24000 311.12595874477807456
24100 300.29390841697284031
24200 294.45029847725356831
24300 310.81171347314062814
24400 315.69977069391813984
24500 308.28861257776986804
24600 343.0226061557056596
24700 305.13830918553014726
24800 298.53976617760747558
24900 300.21183228203926774
25000 281.96102346996451615
25100 317.13012906364212995
25200 326.98717463649126103
25300 309.57379931418728347
25400 292.97653459618447869
25500 302.83999091696892947
25600 305.59133556962041212
25700 315.98743639530442806
25800 321.51778948422787607
25900 310.63958800430901874
26000 313.181331217370996
26100 297.16134612475207177
26200 323.0279213024413707
26300 313.98900213577593377
26400 300.83244886809364971
26500 310.54664430237647821
26600 312.5323543778461044
26700 312.00008552697585174
26800 292.59379354284851615
26900 304.3262640083213455
27000 310.62194310282740162
27100 301.67082031767068884
27200 301.39716192591583876
27300 306.64419364641059929
27400 310.18936813831396648
27500 330.11597927382547368
27600 312.34970832648116357
27700 335.47367559787278424
27800 284.90435367102128339
27900 313.99099504567703889
28000 316.05971920451895585
28100 325.63437932833835475
28200 302.43967718003017353
28300 312.15173336050173702
28400 339.52659783615348488
28500 323.30679067556945938
28600 298.43842140167305388
28700 299.84720843264182122
28800 304.91421667152980035
28900 308.03522883189657477
29000 312.4237446683553685
29100 306.8610193835248765
29200 309.47209444739689843
29300 312.61239922426784688
29400 296.99050194101141642
29500 310.80729251692815751
29600 311.52301069591152327
29700 308.75527222532167571
29800 309.32278100820229838
29900 321.33101317469436253
30000 335.16278806844547944
30100 302.54648444156254072
30200 288.2978307478571196
30300 305.14630251396141603
30400 305.19101596715591995
30500 313.8985758699433859
30600 321.74802771940846924
30700 304.67525306156278475
30800 297.61322254769538631
30900 301.640930336846111
31000 321.03001019500902657
31100 308.06845306084949243
31200 310.32811610503125621
31300 317.76159465079456368
31400 294.54161401588959279
31500 299.81759795041000416
31600 299.98984627193669894
31700 322.06689636952569344
31800 319.8721205679565287
31900 326.81954527555814138
32000 306.34648844402596524
32100 309.94803695156230106
32200 308.92457396342894071
32300 305.98767818230612647
32400 309.75091427952690992
32500 298.79310396734825872
32600 311.66214920346430972
32700 309.75847398044999181
32800 298.51255449495010907
32900 313.51794806589424525
33000 299.13862555082948802
33100 293.96786501881672393
33200 299.59614300251882923
33300 314.37619031588087637
33400 309.73032480899831853
33500 305.34508842762534186
33600 300.24155778216339741
33700 307.01127699951479144
33800 301.63391812982428064
33900 309.1361810294499719
34000 300.23572698194294617
34100 314.86021822294685535
34200 306.01407064690243942
34300 299.87996257004556355
34400 332.39128891745855299
34500 320.75399007779742533
34600 314.00064224530359525
34700 300.93368188733251145
34800 307.69297951923601886
34900 300.67476390424724286
35000 306.5585619353366269
35100 305.21883765782848741
35200 291.66040184274817193
35300 309.54674868805312826
35400 305.67874282014730625
35500 303.84414463613694579
35600 311.31048445860676566
35700 316.47266432016857607
35800 296.05905806740571506
35900 318.32551076340195095
36000 323.23744025237522237
36100 312.34182539753442143
36200 311.57842691396092505
36300 304.00468322661697584
36400 307.54019750596779659
36500 304.21608164614144698
36600 313.17569839712638213
36700 299.72569459755050048
36800 311.8984696809683328
36900 317.47342832854832295
37000 306.23088479778107285
37100 307.50808549400051106
37200 305.62083453024592927
37300 298.58834596931092165
37400 302.18483457105986645
37500 316.21243246466400478
37600 319.35937249361944623
37700 304.63222966344221732
37800 293.0786734269741487
37900 309.04741230119634565
38000 299.84578236047008204
38100 310.06365154432421605
38200 322.58430351134290959
38300 311.87527746615529622
38400 306.98448685332635932
38500 303.63793130284886956
38600 305.32565297550604555
38700 311.05131845052767403
38800 310.08516271654190177
38900 318.78929015427604554
39000 316.59528070087077367
39100 298.28645555322844984
39200 285.76973310297330499
39300 308.84178810690070804
39400 296.28062486889120919
39500 319.26536983183689244
39600 307.06021152948824238
39700 295.90764447576174234
39800 309.92962852148139064
39900 317.508208035053201
40000 306.52887293973265059
40100 308.74819760410201752
40200 310.97290054079064703
40300 308.49109079980974002
40400 306.31622622757168983
40500 309.47888762715501798
40600 311.55972155640449728
40700 318.29340442064631134
40800 311.01909807670443797
40900 291.9067178895375605
41000 306.284877244095469
41100 320.58030067269658048
41200 316.72101878678216735
41300 313.0388932707662093
41400 309.72510300581046749
41500 324.10126463448432332
41600 310.99418485184003202
41700 291.93260897641403062
41800 326.97365306688851661
41900 319.34154145173016559
42000 312.1430469967085628
42100 295.75718918367573451
42200 294.51686871438431581
42300 311.93456208406757924
42400 313.59838471284791694
42500 318.66694714324785309
42600 318.34811939506687395
42700 312.20347731094926758
42800 296.76063470084477558
42900 301.85250052613235994
43000 298.95034312168019142
43100 300.86155009605096211
43200 303.45035419827445367
43300 300.86991201926099393
43400 306.33993358341200519
43500 319.65942189586689892
43600 319.29430145592453982
43700 303.1549157644979573
43800 281.16003874002836938
43900 314.77068679977060128
44000 321.31265681806434031
44100 298.14140705135207554
44200 300.68087657962399817
44300 318.02160174795375269
44400 316.7930225988313282
44500 319.37407444943670498
44600 317.28941353049873442
44700 314.91816733060613842
44800 296.26884772163799653
44900 301.7398173181253469
45000 313.90681269298966072
45100 339.17683095635209156
45200 320.16302306746666773
45300 306.98890066027513512
45400 308.3405983955315719
45500 321.65165631262544821
45600 311.32032149652422959
45700 320.10308518504791664
45800 305.25574618951122829
45900 318.2564126434293712
46000 328.45245470957615908
46100 324.00397619896318702
46200 312.25747352442863303
46300 291.20325707764732215
46400 302.31922440179516798
46500 312.54516623020077759
46600 326.90369186279383484
46700 318.66359948003770342
46800 310.55118339249065684
46900 301.41699688878691177
47000 295.80250012560179584
47100 311.54057518177557995
47200 313.81315009889550538
47300 317.37877643322127597
47400 302.07302452790139569
47500 304.22730561890080025
47600 328.08203788189030092
47700 324.23393274839418154
47800 314.91507329842971785
47900 300.27924670085366188
48000 314.55531495924401497
48100 312.88159923366993098
48200 318.36191005983408786
48300 315.55709783373015398
48400 324.18610925598136419
48500 303.81822840168541688
48600 330.97348484443733696
48700 319.32616072233957993
48800 297.9835962617079872
48900 292.26062478065142614
49000 306.52458369792191206
49100 306.72733036928570982
49200 299.06713268086639346
49300 328.5958556153450445
49400 312.64074851459918136
49500 308.65382083258947432
49600 319.05539616541102532
49700 324.38302418273690364
49800 314.15018645404762765
49900 302.75603764507548021
50000 329.94158314029789381
50100 306.55581012344106284
50200 311.62031673908506946
50300 330.97054440964495825
50400 316.03178096534725228
50500 301.22535482675567664
50600 303.61254146359647166
50700 305.09345815562147664
50800 294.42830695890938841
50900 314.69083175055016
51000 309.61480247809640787
51100 298.32068142118981768
51200 317.45871508032479369
51300 322.1055863052685595
51400 315.28519106625009272
51500 317.81101185911154516
51600 311.54347333523935504
51700 297.49972245693209061
51800 312.56341135043635404
51900 299.03744499074741725
52000 296.64382239398838692
52100 305.59619206587484541
52200 319.7054530012609348
52300 309.93497990757481375
52400 296.80024106948275175
52500 311.47310469360161278
52600 309.23036570213298546
52700 318.10659752538589373
52800 312.2213250768928674
52900 289.68191894896466465
53000 299.01433776510970119
53100 305.46165440305497896
53200 303.8405416849796552
53300 292.72318270815543428
53400 308.089489726582201
53500 335.66838998389806648
53600 309.00360838916742523
53700 300.00496182623271579
53800 303.64547389378731168
53900 311.91449109650829996
54000 301.20775589931020022
54100 306.56534517900513492
54200 304.17935848300504631
54300 294.28646934191317541
54400 315.74534759953667162
54500 317.67027169961323807
54600 298.60422095989127911
54700 310.96259617930195418
54800 313.91331467471053429
54900 317.27875260946353819
55000 303.55062097743910954
55100 301.2643869498431286
55200 311.56150602158214724
55300 323.07385256347470204
55400 289.85003479387870584
55500 302.73546859507894169
55600 316.82787106864373072
55700 307.4803396667273887
55800 300.32566475886522994
55900 315.17615884157555683
56000 302.57769748920145503
56100 305.80287202450426776
56200 302.29249372522258454
56300 316.65528857656630635
56400 315.47329215635943456
56500 313.39168120102669945
56600 312.99193731813369368
56700 301.44694124021083326
56800 297.03060718415156316
56900 306.22807151615654675
57000 298.08884177719738773
57100 317.09788811066295011
57200 329.12282439645866816
57300 322.69614428514114479
57400 309.92399990443328761
57500 304.75681672535392863
57600 294.89643849646080298
57700 311.35013097201067467
57800 314.84570425219226308
57900 310.6417540611053596
58000 304.30425182481769752
58100 308.16825498452044485
58200 300.02524978193787319
58300 295.40378889103521942
58400 305.69883775386330171
58500 299.52565642483000374
58600 306.26219124761070134
58700 291.98457154437852523
58800 310.78323991575166474
58900 308.15587423771069098
59000 309.02632895852792672
59100 316.47380348914936121
59200 315.87884667052742316
59300 309.5940562723182552
59400 298.35482524662660353
59500 298.50733459676899884
59600 309.83734074623134802
59700 309.2640448461431788
59800 314.20762705376864687
59900 304.82783865857919636
60000 311.7207516015538431
60100 315.65092032743598338
60200 312.96455465469574619
60300 302.94548651096965841
60400 307.57143697224404377
60500 302.06667429904723576
60600 311.92447854319891576
60700 310.19002921955780039
60800 318.83406555123144699
60900 306.81241909045763805
61000 310.81000291950351766
61100 306.19464255369911143
61200 322.05662649553892152
61300 302.57520270086638448
61400 292.68085389993927947
61500 306.39256966662441073
61600 335.00647031315378399
61700 325.44381009211167566
61800 327.00838178119579425
61900 306.2190775517910879
62000 314.04227942431731435
62100 325.63827378425969528
62200 327.29097910552320627
62300 318.4080069005199789
62400 307.93416773307131962
62500 309.78901620152021223
62600 308.44118892272456378
62700 306.71092418491866738
62800 323.36190887986992948
62900 326.622503119036935
63000 310.40612549301960144
63100 304.99108643107911121
63200 320.85355642888100647
63300 315.92184835756262373
63400 338.6596384445429635
63500 313.22234535819336543
63600 312.10232758185247803
63700 328.55070792199035168
63800 302.28215339246457916
63900 293.0432759424261917
64000 306.86860031911277247
64100 303.70869666347056182
64200 302.1470530438143669
64300 308.42627606063774692
64400 311.10423196231226939
64500 312.64264838315193629
64600 320.97838687884569708
64700 316.29467222698684736
64800 305.53540007701201375
64900 313.64838098371160413
65000 318.05701257575782392
65100 324.55651112083774024
65200 300.71349279305485425
65300 318.60498748147682591
65400 310.45345555129375725
65500 283.88773186869156007
65600 324.74895267873131388
65700 315.73807852044109268
65800 306.52903747465740025
65900 302.14074254191564251
66000 301.36264406363761736
66100 304.52266428796110631
66200 322.57292207458294797
66300 312.15528449580250481
66400 315.61867980859375393
66500 319.96551263066368165
66600 315.64964157355473162
66700 304.95518761874296843
66800 298.29553632897807347
66900 333.48637504523549069
67000 308.22308422351193258
67100 327.27238674853481371
67200 327.34901436204131642
67300 304.73764294493747684
67400 308.82511257478216748
67500 314.32756826139075201
67600 311.0095221189106951
67700 304.09982756857186814
67800 290.23743255523174867
67900 323.06365904082093721
68000 304.77586038834431292
68100 321.12386935804033783
68200 313.58307944467537709
68300 290.65210446640878672
68400 299.27705458831309215
68500 295.94001102336346776
68600 310.70218610168694795
68700 314.37525748652939228
68800 321.02525765793404844
68900 317.86370684770321304
69000 304.6940365288742214
69100 302.24813149458037742
69200 304.90885243040452224
69300 313.41843402924820339
69400 323.86892772526806539
69500 299.19630391835772798
69600 324.90568467498542304
69700 335.87492310857845723
69800 304.02294328097070775
69900 300.0654957531198761
70000 308.45966500716968994
70100 310.37290260153105237
70200 304.52393169204259493
70300 325.48373119593770753
70400 314.38723020455495316
70500 306.60970291928441611
70600 310.19082576252623085
70700 334.80828742121576624
70800 302.71175449526151624
70900 300.13955184667753429
71000 316.16060294356162785
71100 302.038128593332317
71200 306.66459407130554382
71300 315.1615791869368195
71400 308.94146038918097474
71500 304.76811881418598205
71600 335.48211319539120723
71700 318.75652677684161063
71800 310.17229813525369764
71900 300.52834188015026484
72000 316.51038273716056892
72100 309.83385854144114546
72200 301.45220228948772956
72300 327.19309938881707467
72400 303.68515816478799252
72500 310.38287144441352439
72600 314.52776962573710762
72700 285.02060461654633627
72800 319.77591949142151861
72900 309.1731447898923193
73000 310.84885641956765312
73100 302.48205386230938529
73200 284.11120862705001855
73300 303.56304903166153508
73400 296.28490893918507254
73500 303.31429849833097023
73600 311.59383113317630887
73700 305.27457174298780274
73800 306.35457076683348987
73900 315.28602380690426799
74000 320.46049969627944165
74100 305.77884345795382615
74200 302.31455884458068795
74300 326.17634819439996363
74400 320.88876647827265742
74500 323.31083985802439429
74600 296.64407913040537323
74700 315.32725173601903634
74800 320.87425743355083796
74900 309.8458599829913851
75000 313.0672199669114093
75100 321.59018331573531668
75200 294.02800573346763713
75300 295.27650991178200002
75400 309.23037213174649196
75500 314.25006346550935632
75600 321.98129568802090716
75700 332.16228160549735549
75800 299.76420679192221996
75900 295.65548476461611926
76000 305.6234763001903616
76100 307.29867352938083513
76200 314.50416687932948889
76300 310.6649469146092315
76400 301.4938276817423457
76500 298.81136679864852113
76600 313.39074453746388826
76700 312.56738764604767766
76800 321.64866185088033035
76900 327.52919230859384925
77000 308.69065287930243358
77100 312.92753852545882864
77200 322.88923404608692636
77300 301.85560322833362079
77400 307.91540510831379152
77500 310.54800379633496732
77600 298.53992989301980288
77700 319.5517779961592737
77800 297.6635961634491423
77900 305.95273012907466637
78000 315.21526273022351461
78100 308.71081672582704414
78200 312.35171009741185344
78300 309.91981877319074101
78400 299.19322282300066718
78500 308.59894563446852089
78600 313.53993062497602295
78700 321.30927927172933778
78800 330.57097093965182921
78900 322.42821213176318906
79000 298.83092512376668992
79100 295.15590142859929301
79200 312.55374556530972541
79300 306.28785667268618909
79400 326.64701638677269102
79500 315.55567721077812848
79600 312.29345862978794912
79700 308.06085290621672357
79800 298.34880158045689313
79900 304.91506838789712219
80000 309.37245651737777052
80100 314.67699020720391445
80200 306.34338521810764178
80300 299.85247914698146587
80400 283.14269842271596644
80500 312.59937782939141471
80600 320.53552305668711142
80700 314.88842767771438957
80800 314.41059483869304358
80900 329.5637988647245038
81000 318.02716157279581921
81100 296.62770883275595679
81200 291.17237422671701097
81300 309.35157423774421659
81400 306.31844316989696608
81500 330.44595556989094121
81600 308.08148107303549068
81700 305.87934704698619726
81800 300.18119522043537017
81900 311.18924721963219326
82000 309.92009237736016303
82100 335.21895217169418402
82200 324.98411581171029638
82300 310.10126753604470196
82400 301.72975423255792293
82500 315.99417450189611145
82600 317.99202129872782052
82700 297.72591112328348117
82800 310.42516627129293738
82900 313.3727847432641056
83000 325.70135871846679265
83100 304.97703691788268543
83200 303.04590160045665925
83300 310.57067302367266848
83400 287.7780320410515742
83500 310.02432694390319057
83600 307.39408874778791869
83700 311.65769328004239469
83800 301.1443247532089913
83900 321.87268193174162434
84000 300.92428193264845504
84100 290.91007182477113702
84200 322.91793352960161201
84300 316.36782033173676609
84400 298.88523621317926882
84500 301.03311917473962467
84600 315.09616165638544771
84700 310.85497636821753531
84800 290.59192383006723048
84900 310.27977403159968617
85000 318.68640582261133432
85100 286.90972758298130429
85200 309.64798423872895228
85300 316.20769859104683519
85400 306.0913827794688018
85500 313.00282555172219645
85600 299.85889075569087936
85700 308.03921342578212261
85800 321.22332091649178665
85900 320.35484601900157031
86000 293.8899350576138545
86100 293.47624386158088328
86200 320.78850725455288284
86300 328.92540762773109009
86400 309.63473615703946962
86500 292.36585308489384261
86600 301.04897525346382281
86700 310.27536065395224796
86800 310.58562807290587671
86900 296.59095686172253181
87000 315.71576427619453398
87100 326.07746896104731604
87200 316.89249661856814555
87300 321.08464953429552224
87400 297.05864618851876457
87500 297.81652948961476568
87600 320.5012205397846401
87700 291.2084037418487128
87800 310.9629558062845831
87900 308.39903143511901362
88000 308.51220488145776244
88100 323.14847251921543148
88200 301.00411652877511415
88300 305.89755405500096686
88400 299.34935236674380121
88500 314.08093005386598406
88600 308.53041984503187223
88700 301.00414503951907363
88800 311.7837139178247412
88900 326.2973367970227514
89000 309.23425251634893129
89100 305.3853299131036465
89200 319.40007657238408001
89300 305.34144663171559841
89400 297.62037383913173016
89500 307.31181494745749205
89600 315.19606571412600715
89700 300.47712884210403672
89800 314.61418789898266368
89900 289.07194831884601172
90000 306.12710361699174655
90100 307.53986453650804833
90200 311.7832039576874763
90300 309.45560115816562075
90400 298.25234075345451856
90500 298.58705798619433835
90600 318.86753428526009202
90700 315.87051177577427552
90800 328.53645983757610338
90900 323.66512746447580184
91000 305.29620950755850117
91100 337.1303095329474786
91200 303.54016338739592129
91300 300.54693552644050669
91400 305.09542284368274068
91500 323.26044005376536461
91600 303.10762288079661175
91700 295.50255765367546701
91800 309.11041672950125303
91900 307.99349908642085438
92000 311.94786171172802369
92100 305.92100438560726161
92200 321.39990492525043919
92300 310.87974452467125275
92400 330.83599134258827235
92500 319.58167308751922064
92600 306.63708464684759747
92700 302.63511490664041048
92800 334.51649256267637611
92900 318.51251378025159511
93000 335.18743860058145856
93100 299.29455390213837518
93200 294.13263128029160498
93300 324.55152008196387214
93400 304.45887120160949735
93500 313.88599800060848111
93600 323.23009326041540135
93700 309.51549611225129865
93800 316.96095358620465277
93900 312.01995062626826893
94000 295.7727795562819324
94100 321.40419953910310369
94200 310.06768747522841068
94300 314.43340465876343615
94400 294.22883876301858663
94500 307.29857697233779845
94600 292.83712316187620672
94700 294.54344982891137761
94800 306.0535146893070646
94900 313.65615783958361362
95000 307.83835016412200503
95100 315.5375458074640278
95200 306.94794671783733975
95300 294.48547326300280247
95400 296.78446041623334395
95500 310.60879331792779112
95600 316.29753352372290465
95700 297.79451719320809389
95800 309.06222543178887463
95900 309.39401399727876196
96000 304.90317255666911933
96100 314.59410905148200754
96200 307.35893324307630792
96300 301.66089226309543392
96400 308.67775828441733665
96500 325.93749925548661395
96600 321.37190919967991931
96700 311.74193152750729041
96800 302.18995462418075704
96900 301.9220499992046598
97000 301.944287216774228
97100 314.74413802500589554
97200 315.89983084196239815
97300 310.03474372525721492
97400 310.07817436640266351
97500 316.22202630013879343
97600 328.5028197230072351
97700 314.00090621808692504
97800 304.79194017153167806
97900 323.3214775586777705
98000 299.27873852989489478
98100 295.07813737436583779
98200 308.56184667250840903
98300 302.13239227583022739
98400 307.47965248773033409
98500 314.87292226202032452
98600 314.90112672856906784
98700 309.60916846043426176
98800 297.30941870133699467
98900 314.23990368110952431
99000 308.40875862010221908
99100 310.43999665060152893
99200 324.14084199873803982
99300 322.8369757658731487
99400 311.04108485252902483
99500 294.35213086931258886
99600 308.65217448779014831
99700 301.47815823710436689
99800 310.44958605180818267
99900 306.24298478813659585
100000 309.03530798524849388
