# Chunk-averaged data for fix bowForces and group all
# Timestep Number-of-chunks Total-count
# Chunk Ncount c_bowComp
0 20 840
  1 42 0.149711
  2 42 0.149711
  3 42 0.149711
  4 42 0.149711
  5 42 0.149711
  6 42 0.149711
  7 42 0.149711
  8 42 0.149711
  9 42 0.149711
  10 42 0.149711
  11 42 0.149711
  12 42 0.149711
  13 42 0.149711
  14 42 0.149711
  15 42 0.149711
  16 42 0.149711
  17 42 0.149711
  18 42 0.149711
  19 42 0.149711
  20 42 0.149711
100 20 840
  1 42 0.315479
  2 42 0.306068
  3 42 0.275127
  4 42 0.809686
  5 42 0.732842
  6 42 1.376
  7 42 -0.288561
  8 42 -0.258061
  9 42 0.619307
  10 42 -0.136038
  11 42 0.81082
  12 42 0.497938
  13 42 0.597335
  14 42 0.474119
  15 42 -0.849118
  16 42 -0.882757
  17 42 -0.0633939
  18 42 0.071106
  19 42 0.639421
  20 42 -0.420259
200 20 840
  1 42 0.213499
  2 42 0.0389511
  3 42 1.28256
  4 42 0.886229
  5 42 1.01245
  6 42 0.636515
  7 42 -0.040192
  8 42 0.179153
  9 42 -0.14437
  10 42 -0.720786
  11 42 -0.356958
  12 42 0.0163017
  13 42 0.374859
  14 42 0.89199
  15 42 0.428326
  16 42 0.130141
  17 42 1.87489
  18 42 0.693678
  19 42 2.0599
  20 42 -0.832926
300 20 840
  1 42 0.0225235
  2 42 0.417422
  3 42 -0.699719
  4 42 -0.350357
  5 42 0.500619
  6 42 -0.138409
  7 42 0.213754
  8 42 -0.536714
  9 42 0.839741
  10 42 0.948234
  11 42 -0.606921
  12 42 -0.396653
  13 42 -0.201632
  14 42 0.0885337
  15 42 -0.945748
  16 42 0.735434
  17 42 -0.375492
  18 42 1.35787
  19 42 -0.821029
  20 42 0.670681
400 20 840
  1 42 0.819829
  2 42 0.288959
  3 42 1.50405
  4 42 -0.2215
  5 42 0.779211
  6 42 -0.312755
  7 42 0.582538
  8 42 -0.563754
  9 42 0.343069
  10 42 -0.834543
  11 42 0.925379
  12 42 0.321446
  13 42 -0.777813
  14 42 -0.433257
  15 42 0.679883
  16 42 1.51048
  17 42 -0.503392
  18 42 0.779343
  19 42 -0.704259
  20 42 -0.147847
500 20 840
  1 42 1.3965
  2 42 -0.450258
  3 42 0.220686
  4 42 -0.229941
  5 42 0.792376
  6 42 1.51138
  7 42 -0.386783
  8 42 0.522786
  9 42 -0.114187
  10 42 -0.771349
  11 42 0.324551
  12 42 0.917075
  13 42 0.193121
  14 42 0.144635
  15 42 0.162248
  16 42 -0.186857
  17 42 -0.878038
  18 42 0.239198
  19 42 0.401594
  20 42 -0.229099
600 20 840
  1 42 -1.19981
  2 42 0.691368
  3 42 -0.434067
  4 42 0.520328
  5 42 0.615075
  6 42 -1.11648
  7 42 -0.363325
  8 42 0.359624
  9 42 -0.712354
  10 42 1.10105
  11 42 0.143812
  12 42 0.0956526
  13 42 0.309624
  14 42 -0.25182
  15 42 -0.859451
  16 42 0.217393
  17 42 -0.635647
  18 42 -1.40739
  19 42 0.0852958
  20 42 0.661945
700 20 840
  1 42 -0.326355
  2 42 0.309905
  3 42 -0.057834
  4 42 0.189717
  5 42 0.192372
  6 42 -0.878041
  7 42 0.576761
  8 42 0.413344
  9 42 -0.886818
  10 42 -0.135604
  11 42 1.29019
  12 42 -0.916526
  13 42 0.0862584
  14 42 -0.724125
  15 42 0.192252
  16 42 0.466341
  17 42 0.392394
  18 42 -1.26717
  19 42 0.109516
  20 42 -0.205991
800 20 840
  1 42 -0.283462
  2 42 -0.345642
  3 42 -0.980754
  4 42 -0.735019
  5 42 -1.18471
  6 42 0.182645
  7 42 -1.28595
  8 42 0.319652
  9 42 0.34974
  10 42 1.26286
  11 42 0.460081
  12 42 -0.782599
  13 42 -0.0614728
  14 42 0.717145
  15 42 -0.842268
  16 42 0.755376
  17 42 0.979331
  18 42 0.0961375
  19 42 -0.0343607
  20 42 0.0189792
900 20 840
  1 42 -0.0648456
  2 42 -0.747258
  3 42 -0.436529
  4 42 0.294183
  5 42 -0.600509
  6 42 -0.0549208
  7 42 0.620266
  8 42 -0.386921
  9 42 0.657937
  10 42 0.489847
  11 42 1.43942
  12 42 -0.71181
  13 42 -1.77435
  14 42 -0.58547
  15 42 1.38787
  16 42 -0.431157
  17 42 -0.768212
  18 42 0.285132
  19 42 1.06187
  20 42 -0.184583
1000 20 840
  1 42 0.261827
  2 42 -0.368179
  3 42 0.381757
  4 42 0.00528717
  5 42 -0.581523
  6 42 0.0173269
  7 42 -0.0514721
  8 42 1.10357
  9 42 0.911895
  10 42 0.558051
  11 42 0.787699
  12 42 1.18895
  13 42 0.523147
  14 42 0.106153
  15 42 0.794925
  16 42 0.399378
  17 42 0.182038
  18 42 1.06218
  19 42 0.806621
  20 42 0.375372
1100 20 840
  1 42 0.759947
  2 42 -0.232775
  3 42 -0.379776
  4 42 -0.095246
  5 42 -0.0193478
  6 42 0.258709
  7 42 0.119789
  8 42 1.09053
  9 42 0.193702
  10 42 -0.000875972
  11 42 -0.0392736
  12 42 1.61642
  13 42 1.05412
  14 42 0.270504
  15 42 -0.314469
  16 42 -0.0727116
  17 42 0.331305
  18 42 0.494843
  19 42 0.900857
  20 42 -0.0675462
1200 20 840
  1 42 0.641077
  2 42 -0.323413
  3 42 -0.407236
  4 42 0.729646
  5 42 0.904712
  6 42 0.567792
  7 42 1.67093
  8 42 -0.113716
  9 42 -1.30528
  10 42 0.0939816
  11 42 -1.14429
  12 42 0.131072
  13 42 -0.566218
  14 42 -0.151821
  15 42 -0.00898754
  16 42 -0.487028
  17 42 0.509063
  18 42 -0.201885
  19 42 1.26087
  20 42 -0.416372
1300 20 840
  1 42 -6.19109e-05
  2 42 0.32706
  3 42 -0.110278
  4 42 -0.171895
  5 42 -0.73266
  6 42 1.04821
  7 42 -0.429652
  8 42 -0.164914
  9 42 0.178652
  10 42 0.211404
  11 42 0.183179
  12 42 -0.137369
  13 42 0.300416
  14 42 0.848382
  15 42 -0.40077
  16 42 0.776617
  17 42 0.55576
  18 42 1.09445
  19 42 -0.169406
  20 42 0.29865
1400 20 840
  1 42 -0.498486
  2 42 0.614066
  3 42 0.644394
  4 42 -0.0623104
  5 42 0.30724
  6 42 -0.52984
  7 42 1.77003
  8 42 -0.381152
  9 42 0.389673
  10 42 -0.831219
  11 42 -0.207419
  12 42 -0.437538
  13 42 -0.205693
  14 42 -0.348046
  15 42 1.27918
  16 42 -0.137145
  17 42 -0.181441
  18 42 -0.357512
  19 42 -0.477995
  20 42 -0.187062
1500 20 840
  1 42 -1.02845
  2 42 0.251891
  3 42 -0.679005
  4 42 -0.0381627
  5 42 0.607569
  6 42 -0.702359
  7 42 0.165053
  8 42 -0.724019
  9 42 1.33062
  10 42 0.807659
  11 42 -0.668166
  12 42 1.12781
  13 42 0.656775
  14 42 0.265532
  15 42 0.849535
  16 42 0.396393
  17 42 0.487069
  18 42 -0.362694
  19 42 -0.0539161
  20 42 0.0379297
1600 20 840
  1 42 0.812396
  2 42 -0.596872
  3 42 1.39691
  4 42 0.0386024
  5 42 1.91329
  6 42 -0.0662087
  7 42 0.880173
  8 42 0.48513
  9 42 0.358844
  10 42 -0.849224
  11 42 0.202215
  12 42 0.0304392
  13 42 1.19475
  14 42 0.290443
  15 42 -0.824175
  16 42 0.495988
  17 42 -0.927645
  18 42 -0.31772
  19 42 -0.261821
  20 42 0.626757
1700 20 840
  1 42 -0.0423891
  2 42 -0.0351713
  3 42 1.41439
  4 42 1.64214
  5 42 0.664577
  6 42 -0.72064
  7 42 -1.10538
  8 42 -0.472295
  9 42 -0.198601
  10 42 -0.288338
  11 42 0.521458
  12 42 0.174673
  13 42 0.10343
  14 42 -0.149934
  15 42 0.90455
  16 42 0.568807
  17 42 -0.211261
  18 42 0.305937
  19 42 -0.858986
  20 42 -0.448374
1800 20 840
  1 42 0.629827
  2 42 -0.231244
  3 42 -0.392196
  4 42 -0.332514
  5 42 -0.761593
  6 42 0.156035
  7 42 0.280557
  8 42 -0.988357
  9 42 0.691087
  10 42 0.723044
  11 42 1.35424
  12 42 0.386868
  13 42 0.0250222
  14 42 0.383422
  15 42 0.478259
  16 42 0.725954
  17 42 -0.349643
  18 42 1.30533
  19 42 -0.917945
  20 42 0.715126
1900 20 840
  1 42 0.128374
  2 42 -0.32075
  3 42 0.560613
  4 42 -0.304818
  5 42 -0.669802
  6 42 0.0400065
  7 42 0.476456
  8 42 0.255282
  9 42 -0.39139
  10 42 -0.607955
  11 42 1.60099
  12 42 -0.458705
  13 42 0.0906489
  14 42 0.429044
  15 42 0.213638
  16 42 1.0054
  17 42 0.858742
  18 42 -0.416475
  19 42 0.238915
  20 42 0.848601
2000 20 840
  1 42 0.585064
  2 42 1.16085
  3 42 -0.194771
  4 42 0.575348
  5 42 0.384561
  6 42 1.23687
  7 42 -0.726467
  8 42 0.455186
  9 42 0.444912
  10 42 0.814595
  11 42 -0.0697628
  12 42 -1.32937
  13 42 0.598203
  14 42 0.475915
  15 42 -0.200109
  16 42 -0.624562
  17 42 -0.700667
  18 42 -0.467616
  19 42 -0.716483
  20 42 1.37168
2100 20 840
  1 42 0.86477
  2 42 0.817445
  3 42 -0.556265
  4 42 0.795849
  5 42 -0.949415
  6 42 0.366884
  7 42 -0.0926008
  8 42 0.978265
  9 42 0.0274925
  10 42 0.9448
  11 42 1.04763
  12 42 -0.0539182
  13 42 0.0400574
  14 42 0.676352
  15 42 0.586922
  16 42 -1.4743
  17 42 0.360921
  18 42 1.01317
  19 42 1.12726
  20 42 -0.784886
2200 20 840
  1 42 0.958062
  2 42 -0.459356
  3 42 0.0890688
  4 42 0.263306
  5 42 0.643581
  6 42 -0.954514
  7 42 1.37763
  8 42 2.03051
  9 42 -0.834992
  10 42 1.09047
  11 42 -0.218168
  12 42 -0.467195
  13 42 0.627975
  14 42 -0.424709
  15 42 1.3079
  16 42 -0.0210431
  17 42 0.320948
  18 42 -0.265777
  19 42 1.04501
  20 42 0.66473
2300 20 840
  1 42 0.242634
  2 42 0.00554597
  3 42 -1.1192
  4 42 -0.0361186
  5 42 -1.44364
  6 42 -0.828121
  7 42 0.0456299
  8 42 -0.188843
  9 42 0.555539
  10 42 1.48127
  11 42 0.135749
  12 42 -0.210852
  13 42 0.0757847
  14 42 0.0262465
  15 42 -0.245995
  16 42 -0.244839
  17 42 -0.309787
  18 42 0.833658
  19 42 -1.33212
  20 42 0.551067
2400 20 840
  1 42 -0.259571
  2 42 1.00882
  3 42 -0.372841
  4 42 0.0195891
  5 42 0.320862
  6 42 -0.680956
  7 42 1.8216
  8 42 -0.359413
  9 42 -0.603058
  10 42 0.0952142
  11 42 -1.18661
  12 42 -0.56199
  13 42 0.287114
  14 42 0.651153
  15 42 1.48188
  16 42 0.425518
  17 42 0.392945
  18 42 0.909932
  19 42 0.41334
  20 42 0.377757
2500 20 840
  1 42 -0.913376
  2 42 -0.313512
  3 42 0.192748
  4 42 0.817756
  5 42 0.145368
  6 42 -0.533243
  7 42 0.191126
  8 42 0.447104
  9 42 1.57586
  10 42 -0.355338
  11 42 -0.0652735
  12 42 -0.579756
  13 42 0.22209
  14 42 0.282194
  15 42 0.284321
  16 42 0.149236
  17 42 -0.22426
  18 42 -1.27334
  19 42 -0.0853877
  20 42 0.920982
2600 20 840
  1 42 -0.710323
  2 42 0.69334
  3 42 0.884635
  4 42 0.832556
  5 42 -1.1797
  6 42 -0.431736
  7 42 1.2515
  8 42 -0.315091
  9 42 0.810754
  10 42 -0.383908
  11 42 -0.381168
  12 42 0.0755316
  13 42 0.865681
  14 42 -0.264281
  15 42 -0.119756
  16 42 0.419079
  17 42 0.664577
  18 42 -0.863497
  19 42 -0.746446
  20 42 0.33737
2700 20 840
  1 42 0.85164
  2 42 0.45183
  3 42 0.298129
  4 42 0.614055
  5 42 2.03755
  6 42 2.34615
  7 42 0.532279
  8 42 -0.687931
  9 42 -1.1965
  10 42 -1.06784
  11 42 1.06098
  12 42 0.699178
  13 42 1.11046
  14 42 0.458821
  15 42 1.54852
  16 42 0.0281511
  17 42 0.296846
  18 42 0.27479
  19 42 -0.0318619
  20 42 -0.724708
2800 20 840
  1 42 0.193019
  2 42 1.08198
  3 42 1.90882
  4 42 -0.386796
  5 42 2.60544
  6 42 -0.29937
  7 42 -0.31208
  8 42 -0.573828
  9 42 -0.248278
  10 42 0.913214
  11 42 -0.323619
  12 42 -0.0328235
  13 42 0.223723
  14 42 0.429382
  15 42 0.0495042
  16 42 0.551097
  17 42 -0.734876
  18 42 -0.293509
  19 42 -0.751768
  20 42 0.0123313
2900 20 840
  1 42 1.09498
  2 42 -0.30199
  3 42 0.147496
  4 42 0.556775
  5 42 0.842271
  6 42 -0.162905
  7 42 1.03045
  8 42 -0.769067
  9 42 2.68923
  10 42 -0.171994
  11 42 1.29303
  12 42 0.40087
  13 42 0.159843
  14 42 -0.328554
  15 42 0.0303563
  16 42 -0.190652
  17 42 -0.879424
  18 42 -0.102673
  19 42 -0.036995
  20 42 -0.151724
3000 20 840
  1 42 -0.719839
  2 42 -0.0274129
  3 42 -0.306532
  4 42 -0.11938
  5 42 0.0598731
  6 42 0.451267
  7 42 -1.24934
  8 42 -0.0603726
  9 42 0.693248
  10 42 0.247142
  11 42 0.913183
  12 42 1.54142
  13 42 1.26924
  14 42 0.719339
  15 42 0.17218
  16 42 -0.237789
  17 42 0.101897
  18 42 0.347903
  19 42 1.18447
  20 42 -0.645143
3100 20 840
  1 42 -0.180268
  2 42 0.960749
  3 42 -0.814481
  4 42 1.23646
  5 42 1.19019
  6 42 -0.480305
  7 42 -0.438556
  8 42 -0.0391393
  9 42 -0.50554
  10 42 -0.1207
  11 42 0.649025
  12 42 -0.286248
  13 42 -0.0510073
  14 42 -0.214019
  15 42 -0.678511
  16 42 -0.775288
  17 42 0.213489
  18 42 -0.28682
  19 42 1.34869
  20 42 0.0532395
3200 20 840
  1 42 1.54843
  2 42 0.30204
  3 42 0.0213378
  4 42 1.3063
  5 42 1.50442
  6 42 -0.258661
  7 42 -0.610952
  8 42 -0.281605
  9 42 -0.663828
  10 42 0.778453
  11 42 0.108718
  12 42 -1.61347
  13 42 0.009876
  14 42 -0.508962
  15 42 0.5323
  16 42 -0.506071
  17 42 -0.20871
  18 42 0.510478
  19 42 0.570514
  20 42 0.160086
3300 20 840
  1 42 0.88214
  2 42 0.386712
  3 42 -0.967257
  4 42 -1.06836
  5 42 -0.383694
  6 42 0.316312
  7 42 -0.411334
  8 42 0.339705
  9 42 -0.100836
  10 42 1.26202
  11 42 0.827893
  12 42 0.231571
  13 42 0.29401
  14 42 0.115855
  15 42 0.873958
  16 42 0.274559
  17 42 0.149023
  18 42 0.228006
  19 42 0.239498
  20 42 0.304644
3400 20 840
  1 42 0.617676
  2 42 -0.353368
  3 42 -0.47988
  4 42 -0.221182
  5 42 1.3235
  6 42 0.796801
  7 42 0.86036
  8 42 0.391984
  9 42 -1.53829
  10 42 -1.07488
  11 42 1.35489
  12 42 0.74601
  13 42 -0.311534
  14 42 -0.143424
  15 42 0.436028
  16 42 -0.693969
  17 42 -0.940507
  18 42 -0.185646
  19 42 0.138668
  20 42 -0.295561
3500 20 840
  1 42 -0.136666
  2 42 0.588772
  3 42 0.507064
  4 42 0.5506
  5 42 -0.686664
  6 42 0.60909
  7 42 0.136747
  8 42 0.615539
  9 42 0.881189
  10 42 0.802405
  11 42 -0.373802
  12 42 0.0364159
  13 42 0.739585
  14 42 0.0714263
  15 42 -1.08372
  16 42 0.365029
  17 42 0.950641
  18 42 -0.0179078
  19 42 0.496228
  20 42 1.08717
3600 20 840
  1 42 1.40317
  2 42 0.108228
  3 42 0.972825
  4 42 0.0787153
  5 42 0.598614
  6 42 0.112286
  7 42 0.778292
  8 42 0.961406
  9 42 0.500083
  10 42 -0.344165
  11 42 0.648185
  12 42 -0.916663
  13 42 0.259359
  14 42 0.557118
  15 42 0.187787
  16 42 -0.183716
  17 42 -0.979641
  18 42 -0.577334
  19 42 0.300347
  20 42 0.35697
3700 20 840
  1 42 -0.603223
  2 42 0.737939
  3 42 -0.291266
  4 42 -0.10919
  5 42 -0.403042
  6 42 -0.0341663
  7 42 0.287702
  8 42 -0.175923
  9 42 -1.39635
  10 42 1.64154
  11 42 -0.434295
  12 42 -0.0692112
  13 42 1.09778
  14 42 -0.00856376
  15 42 0.250823
  16 42 0.0669927
  17 42 1.30343
  18 42 0.465393
  19 42 -0.829224
  20 42 -0.344626
3800 20 840
  1 42 0.395309
  2 42 0.540448
  3 42 0.304523
  4 42 -0.137897
  5 42 -1.22812
  6 42 -0.207152
  7 42 0.500579
  8 42 -0.0235016
  9 42 1.60607
  10 42 0.845325
  11 42 0.0585412
  12 42 -0.916714
  13 42 0.441423
  14 42 0.186456
  15 42 0.00224376
  16 42 0.247831
  17 42 -0.115014
  18 42 0.468002
  19 42 -0.651677
  20 42 0.929737
3900 20 840
  1 42 -1.28217
  2 42 -0.463609
  3 42 -0.445735
  4 42 0.789254
  5 42 0.858048
  6 42 -0.730687
  7 42 -0.111896
  8 42 0.543025
  9 42 1.48311
  10 42 0.132083
  11 42 0.738132
  12 42 0.287241
  13 42 -0.242525
  14 42 0.635254
  15 42 0.474929
  16 42 -0.351532
  17 42 0.721764
  18 42 -0.416926
  19 42 -0.0271473
  20 42 -0.294744
4000 20 840
  1 42 0.166404
  2 42 1.19056
  3 42 0.613333
  4 42 0.546314
  5 42 1.58696
  6 42 0.270576
  7 42 0.818147
  8 42 0.376905
  9 42 0.136188
  10 42 0.946392
  11 42 -0.18017
  12 42 0.74975
  13 42 -0.0767793
  14 42 0.46531
  15 42 0.110922
  16 42 -0.908362
  17 42 -0.915731
  18 42 0.889951
  19 42 -0.347418
  20 42 -0.408607
4100 20 840
  1 42 0.908271
  2 42 -0.410166
  3 42 0.061098
  4 42 0.558864
  5 42 -0.115307
  6 42 -0.871854
  7 42 -0.565213
  8 42 0.394343
  9 42 -0.214761
  10 42 -0.5878
  11 42 0.573061
  12 42 0.592448
  13 42 0.969984
  14 42 0.228837
  15 42 -0.847589
  16 42 -0.164492
  17 42 0.135778
  18 42 0.37564
  19 42 -0.815272
  20 42 -0.275678
4200 20 840
  1 42 0.388422
  2 42 0.689378
  3 42 0.0276754
  4 42 0.30255
  5 42 1.90415
  6 42 -0.00841941
  7 42 1.15887
  8 42 0.0472415
  9 42 -0.926955
  10 42 0.00482274
  11 42 -0.694662
  12 42 -0.215542
  13 42 0.821937
  14 42 0.236338
  15 42 0.394712
  16 42 1.02726
  17 42 0.126855
  18 42 -0.29913
  19 42 -0.0535555
  20 42 1.10594
4300 20 840
  1 42 0.506813
  2 42 0.80114
  3 42 0.447745
  4 42 0.24422
  5 42 0.116614
  6 42 1.03956
  7 42 0.759858
  8 42 -1.05437
  9 42 1.10873
  10 42 -0.349821
  11 42 1.2834
  12 42 0.701797
  13 42 -0.179002
  14 42 1.21628
  15 42 0.256331
  16 42 -0.106579
  17 42 0.145773
  18 42 0.809019
  19 42 0.458161
  20 42 -0.23903
4400 20 840
  1 42 0.781393
  2 42 0.329578
  3 42 0.263919
  4 42 0.643009
  5 42 0.0557046
  6 42 0.608034
  7 42 0.483988
  8 42 0.221302
  9 42 1.21384
  10 42 -0.0503687
  11 42 0.155764
  12 42 -0.582188
  13 42 1.05141
  14 42 0.899027
  15 42 0.462609
  16 42 0.745457
  17 42 -0.0743771
  18 42 -0.956104
  19 42 1.45353
  20 42 0.219334
4500 20 840
  1 42 -0.501473
  2 42 -0.555334
  3 42 1.36834
  4 42 -0.257634
  5 42 0.553416
  6 42 -1.01446
  7 42 1.61918
  8 42 -0.184603
  9 42 0.916828
  10 42 0.373438
  11 42 0.412302
  12 42 -0.0192278
  13 42 0.228377
  14 42 0.766005
  15 42 -0.294689
  16 42 -1.00022
  17 42 0.501888
  18 42 -0.320659
  19 42 2.94895
  20 42 0.80399
4600 20 840
  1 42 0.722896
  2 42 0.148931
  3 42 -0.266347
  4 42 0.911737
  5 42 0.256771
  6 42 -0.556131
  7 42 0.336187
  8 42 -1.10431
  9 42 0.0277168
  10 42 0.731177
  11 42 0.168646
  12 42 -0.0495146
  13 42 0.215233
  14 42 -0.344164
  15 42 1.71291
  16 42 -0.595108
  17 42 0.356199
  18 42 1.31484
  19 42 0.78365
  20 42 -0.560091
4700 20 840
  1 42 0.874413
  2 42 -0.461453
  3 42 0.810128
  4 42 0.73387
  5 42 -0.715828
  6 42 -0.0782721
  7 42 -1.29204
  8 42 0.250545
  9 42 0.584429
  10 42 1.01029
  11 42 -0.336046
  12 42 -0.181672
  13 42 1.09392
  14 42 -0.860392
  15 42 1.49278
  16 42 -0.12814
  17 42 -0.52978
  18 42 -0.0678169
  19 42 -0.91692
  20 42 0.69449
4800 20 840
  1 42 -0.0432438
  2 42 0.320529
  3 42 -0.438574
  4 42 -0.910316
  5 42 -1.46946
  6 42 -0.565122
  7 42 0.359205
  8 42 0.40844
  9 42 -1.01236
  10 42 0.0698746
  11 42 -0.0489541
  12 42 0.036044
  13 42 -0.5374
  14 42 -0.157843
  15 42 0.575674
  16 42 -0.107498
  17 42 -0.764496
  18 42 -0.16617
  19 42 -1.87203
  20 42 0.751596
4900 20 840
  1 42 -0.0981756
  2 42 1.06811
  3 42 -1.4856
  4 42 0.0961074
  5 42 0.304481
  6 42 -0.489051
  7 42 1.14186
  8 42 0.290111
  9 42 0.0760014
  10 42 0.239556
  11 42 0.347228
  12 42 -0.4551
  13 42 0.835102
  14 42 0.0999882
  15 42 0.446021
  16 42 -0.392433
  17 42 0.896435
  18 42 0.111732
  19 42 -1.07157
  20 42 0.522157
5000 20 840
  1 42 -0.359995
  2 42 0.309446
  3 42 0.711
  4 42 1.13566
  5 42 0.568004
  6 42 0.130778
  7 42 0.140345
  8 42 0.549828
  9 42 0.853343
  10 42 0.0707109
  11 42 -0.145837
  12 42 -1.13187
  13 42 0.5227
  14 42 0.351074
  15 42 0.131261
  16 42 0.36491
  17 42 0.588852
  18 42 -1.11874
  19 42 -0.380365
  20 42 -0.634835
5100 20 840
  1 42 0.812415
  2 42 0.150171
  3 42 -0.397641
  4 42 0.330219
  5 42 -0.677902
  6 42 1.29461
  7 42 2.06745
  8 42 0.812911
  9 42 -0.164486
  10 42 0.416593
  11 42 0.74252
  12 42 -0.607226
  13 42 1.15394
  14 42 -0.188066
  15 42 0.14931
  16 42 -0.17479
  17 42 0.381113
  18 42 0.344497
  19 42 0.774991
  20 42 -0.342557
5200 20 840
  1 42 0.365032
  2 42 0.186367
  3 42 -0.733199
  4 42 0.39181
  5 42 0.190587
  6 42 0.13115
  7 42 -0.66809
  8 42 -0.162728
  9 42 -0.125799
  10 42 0.841082
  11 42 0.618624
  12 42 0.493663
  13 42 -0.394415
  14 42 0.536076
  15 42 0.525492
  16 42 0.498226
  17 42 -0.927171
  18 42 0.384501
  19 42 0.0180449
  20 42 0.168747
5300 20 840
  1 42 -0.580942
  2 42 0.984075
  3 42 -0.200033
  4 42 -0.993575
  5 42 0.336463
  6 42 -0.477859
  7 42 1.74702
  8 42 0.234212
  9 42 0.207323
  10 42 0.257487
  11 42 0.237886
  12 42 0.831857
  13 42 0.410829
  14 42 -0.186157
  15 42 0.299072
  16 42 0.955821
  17 42 -0.523379
  18 42 0.0193736
  19 42 -1.20767
  20 42 0.485525
5400 20 840
  1 42 -0.357902
  2 42 -0.819502
  3 42 -0.521665
  4 42 1.1559
  5 42 0.224365
  6 42 -0.407441
  7 42 0.00143567
  8 42 -1.38529
  9 42 0.187084
  10 42 -0.502934
  11 42 0.816807
  12 42 -0.0636023
  13 42 -0.0509801
  14 42 -0.188973
  15 42 0.562015
  16 42 0.884284
  17 42 -0.107404
  18 42 -0.445668
  19 42 -0.339852
  20 42 -0.0149008
5500 20 840
  1 42 -0.347272
  2 42 0.086453
  3 42 2.175
  4 42 0.36176
  5 42 0.667152
  6 42 -0.108034
  7 42 -0.347011
  8 42 -0.273958
  9 42 -0.780517
  10 42 0.475597
  11 42 0.341996
  12 42 -0.0625656
  13 42 -0.127501
  14 42 -0.471068
  15 42 -0.132252
  16 42 -0.584196
  17 42 0.235023
  18 42 -0.714194
  19 42 0.806359
  20 42 -0.135981
5600 20 840
  1 42 0.644004
  2 42 0.742897
  3 42 0.578937
  4 42 -0.0050816
  5 42 0.903773
  6 42 -0.0530382
  7 42 -0.784405
  8 42 0.579508
  9 42 0.181513
  10 42 -0.396059
  11 42 0.61567
  12 42 -0.604577
  13 42 0.303549
  14 42 -0.025122
  15 42 0.0221793
  16 42 -0.341506
  17 42 -0.763046
  18 42 -0.940326
  19 42 -2.12913
  20 42 -0.280758
5700 20 840
  1 42 0.429853
  2 42 1.16138
  3 42 0.270837
  4 42 -0.25181
  5 42 -0.314606
  6 42 0.0899221
  7 42 0.576552
  8 42 -0.0615519
  9 42 1.01368
  10 42 1.71048
  11 42 -0.155748
  12 42 -0.502353
  13 42 0.300403
  14 42 0.0139668
  15 42 0.229782
  16 42 -0.0567306
  17 42 0.666785
  18 42 -0.209121
  19 42 0.780928
  20 42 -0.00685514
5800 20 840
  1 42 0.996893
  2 42 0.56044
  3 42 -1.37149
  4 42 -1.33318
  5 42 0.650843
  6 42 0.498401
  7 42 1.45154
  8 42 0.397008
  9 42 1.41641
  10 42 0.450601
  11 42 0.585926
  12 42 -0.332431
  13 42 -0.273817
  14 42 0.27564
  15 42 0.0175137
  16 42 0.0561443
  17 42 -1.28885
  18 42 -0.335024
  19 42 3.89832
  20 42 0.850064
5900 20 840
  1 42 0.0134061
  2 42 -1.10532
  3 42 -0.362015
  4 42 0.148445
  5 42 -0.577365
  6 42 0.868359
  7 42 -0.218143
  8 42 -0.176518
  9 42 0.647899
  10 42 -0.11632
  11 42 0.314844
  12 42 0.201529
  13 42 0.652677
  14 42 0.718723
  15 42 0.714523
  16 42 -0.6525
  17 42 0.55798
  18 42 1.32007
  19 42 -0.206287
  20 42 -0.756239
6000 20 840
  1 42 0.628312
  2 42 0.81088
  3 42 0.788188
  4 42 0.992353
  5 42 0.00321018
  6 42 0.156883
  7 42 1.39132
  8 42 -0.0405863
  9 42 0.545215
  10 42 0.472953
  11 42 -0.309559
  12 42 -0.211175
  13 42 0.078125
  14 42 -0.0940438
  15 42 -0.117889
  16 42 -0.786783
  17 42 -0.444621
  18 42 1.27179
  19 42 2.15661
  20 42 0.333339
6100 20 840
  1 42 -0.40763
  2 42 -0.643011
  3 42 -0.516055
  4 42 0.558826
  5 42 0.356679
  6 42 -0.12726
  7 42 2.02684
  8 42 0.655537
  9 42 -1.4907
  10 42 0.289822
  11 42 -0.115558
  12 42 -0.251624
  13 42 1.47486
  14 42 0.229562
  15 42 -0.256914
  16 42 0.536866
  17 42 0.837135
  18 42 -0.907785
  19 42 -0.869706
  20 42 -0.916013
6200 20 840
  1 42 -0.0940929
  2 42 0.414684
  3 42 -0.379337
  4 42 0.205694
  5 42 -0.760286
  6 42 0.334749
  7 42 -0.411666
  8 42 0.418056
  9 42 -1.12592
  10 42 0.721442
  11 42 -0.58824
  12 42 -0.130796
  13 42 0.94934
  14 42 0.0529818
  15 42 0.979476
  16 42 0.920219
  17 42 0.475743
  18 42 -0.550869
  19 42 -2.22492
  20 42 0.737577
6300 20 840
  1 42 -0.317864
  2 42 1.00245
  3 42 1.377
  4 42 -0.307229
  5 42 -0.278696
  6 42 -0.299256
  7 42 0.576415
  8 42 0.220576
  9 42 -0.742579
  10 42 -0.199405
  11 42 1.21687
  12 42 1.25644
  13 42 0.691297
  14 42 -0.24711
  15 42 -0.329128
  16 42 -0.831139
  17 42 -0.726233
  18 42 -0.207689
  19 42 -0.800288
  20 42 -0.175739
6400 20 840
  1 42 -0.0140077
  2 42 0.14302
  3 42 0.0574711
  4 42 0.0857459
  5 42 1.5906
  6 42 -0.387352
  7 42 -0.644359
  8 42 0.0423921
  9 42 0.124084
  10 42 0.678991
  11 42 -0.844414
  12 42 0.271856
  13 42 0.919242
  14 42 -0.584581
  15 42 0.124717
  16 42 0.72716
  17 42 -0.357049
  18 42 -0.728603
  19 42 -0.433947
  20 42 0.922153
6500 20 840
  1 42 0.28739
  2 42 1.47672
  3 42 1.99353
  4 42 -0.236672
  5 42 -0.61931
  6 42 -0.580207
  7 42 0.776359
  8 42 -0.394057
  9 42 0.012252
  10 42 1.25324
  11 42 -0.21314
  12 42 0.295752
  13 42 1.48978
  14 42 -0.0552016
  15 42 -0.218216
  16 42 -0.849717
  17 42 1.02387
  18 42 0.63298
  19 42 0.416817
  20 42 -1.80899
6600 20 840
  1 42 0.860081
  2 42 0.160386
  3 42 -2.46831
  4 42 0.283836
  5 42 0.667963
  6 42 -0.0382459
  7 42 -0.15741
  8 42 -0.531078
  9 42 -0.7339
  10 42 -0.719266
  11 42 -0.889941
  12 42 -0.296623
  13 42 1.5466
  14 42 0.301899
  15 42 -0.0338822
  16 42 -0.314339
  17 42 -0.560063
  18 42 0.0304048
  19 42 0.929319
  20 42 -0.273881
6700 20 840
  1 42 0.528266
  2 42 1.32768
  3 42 -0.733078
  4 42 0.589259
  5 42 0.16652
  6 42 0.37746
  7 42 -1.13623
  8 42 0.533236
  9 42 0.87424
  10 42 -0.597841
  11 42 -0.114137
  12 42 0.275805
  13 42 -0.046553
  14 42 0.952025
  15 42 -0.324532
  16 42 -0.470481
  17 42 -0.195113
  18 42 0.513612
  19 42 0.212065
  20 42 0.675556
6800 20 840
  1 42 -0.145225
  2 42 -0.213302
  3 42 -3.16494
  4 42 0.662825
  5 42 0.52581
  6 42 0.695557
  7 42 1.1534
  8 42 -0.495611
  9 42 2.17173
  10 42 0.229811
  11 42 -0.137826
  12 42 0.487767
  13 42 -0.944059
  14 42 0.541741
  15 42 0.512179
  16 42 0.528297
  17 42 0.209738
  18 42 1.40272
  19 42 0.836841
  20 42 0.224803
6900 20 840
  1 42 0.30478
  2 42 -0.481827
  3 42 1.17592
  4 42 0.615267
  5 42 -0.16717
  6 42 -0.0646286
  7 42 1.53823
  8 42 0.29277
  9 42 0.541135
  10 42 -0.0398714
  11 42 0.866971
  12 42 0.546249
  13 42 0.235431
  14 42 0.157078
  15 42 0.781002
  16 42 -1.03115
  17 42 0.790758
  18 42 0.0485078
  19 42 0.418399
  20 42 0.832178
7000 20 840
  1 42 0.403737
  2 42 0.950712
  3 42 3.547
  4 42 0.13477
  5 42 1.65376
  6 42 -0.0389013
  7 42 0.621798
  8 42 -0.291265
  9 42 0.79357
  10 42 -0.695155
  11 42 -0.249819
  12 42 -0.445814
  13 42 -0.865859
  14 42 1.02872
  15 42 -0.0286659
  16 42 -1.75466
  17 42 0.502651
  18 42 0.256466
  19 42 -2.01095
  20 42 -0.154054
7100 20 840
  1 42 1.17064
  2 42 -0.824099
  3 42 1.19842
  4 42 0.682266
  5 42 1.40261
  6 42 -0.0897978
  7 42 1.45851
  8 42 1.2137
  9 42 -0.273028
  10 42 0.495368
  11 42 -0.920116
  12 42 -0.0373073
  13 42 1.63345
  14 42 0.646613
  15 42 -0.0474896
  16 42 -0.472258
  17 42 -0.376178
  18 42 -0.5224
  19 42 0.763223
  20 42 0.755287
7200 20 840
  1 42 -0.318603
  2 42 1.67513
  3 42 1.12343
  4 42 0.846891
  5 42 -0.352321
  6 42 -0.80719
  7 42 0.224022
  8 42 0.370227
  9 42 1.88631
  10 42 0.870702
  11 42 0.253484
  12 42 -0.406528
  13 42 0.0932998
  14 42 -0.111356
  15 42 0.631025
  16 42 0.968474
  17 42 -0.642272
  18 42 -1.33076
  19 42 0.852034
  20 42 1.08637
7300 20 840
  1 42 0.16792
  2 42 1.3602
  3 42 1.34034
  4 42 -0.860294
  5 42 0.948772
  6 42 -0.419514
  7 42 2.23328
  8 42 -0.399072
  9 42 1.12333
  10 42 0.373015
  11 42 0.244825
  12 42 -0.230212
  13 42 1.00737
  14 42 0.241434
  15 42 -0.0384685
  16 42 0.149648
  17 42 1.03463
  18 42 -0.020282
  19 42 -0.215388
  20 42 0.86789
7400 20 840
  1 42 -0.327253
  2 42 -0.281854
  3 42 -0.996603
  4 42 1.29226
  5 42 -0.744338
  6 42 -0.433414
  7 42 -0.949313
  8 42 -0.600693
  9 42 1.3895
  10 42 1.18557
  11 42 0.152962
  12 42 -1.28932
  13 42 0.877201
  14 42 0.067494
  15 42 0.574301
  16 42 1.05065
  17 42 0.245206
  18 42 -0.223865
  19 42 0.149864
  20 42 0.507986
7500 20 840
  1 42 0.182933
  2 42 0.78053
  3 42 -0.337963
  4 42 0.00237394
  5 42 0.0508435
  6 42 0.266336
  7 42 0.744232
  8 42 0.627967
  9 42 0.0163002
  10 42 0.362186
  11 42 0.72561
  12 42 -0.534438
  13 42 0.301143
  14 42 -0.696247
  15 42 2.01095
  16 42 -1.676
  17 42 0.0370487
  18 42 -0.128712
  19 42 0.188305
  20 42 0.390784
7600 20 840
  1 42 0.817824
  2 42 0.457176
  3 42 -0.83287
  4 42 0.263928
  5 42 -0.74077
  6 42 0.810767
  7 42 -0.064152
  8 42 0.350125
  9 42 0.491621
  10 42 -1.06572
  11 42 1.28398
  12 42 0.897972
  13 42 0.508897
  14 42 -0.317303
  15 42 0.899571
  16 42 -0.172898
  17 42 -0.0215781
  18 42 0.585605
  19 42 -1.27309
  20 42 -0.758503
7700 20 840
  1 42 0.0424312
  2 42 2.11712
  3 42 0.650233
  4 42 -0.0364919
  5 42 -1.23368
  6 42 -0.00695711
  7 42 -0.584173
  8 42 -0.716887
  9 42 0.493598
  10 42 0.105596
  11 42 -0.654204
  12 42 0.566284
  13 42 -0.230125
  14 42 -0.0950848
  15 42 1.20881
  16 42 -0.355894
  17 42 0.432422
  18 42 0.0879423
  19 42 -0.758242
  20 42 -0.0442062
7800 20 840
  1 42 0.684351
  2 42 0.504408
  3 42 0.452594
  4 42 0.221628
  5 42 1.6259
  6 42 -0.254125
  7 42 0.378499
  8 42 -0.466911
  9 42 0.0503385
  10 42 -0.781862
  11 42 -0.114883
  12 42 -0.248603
  13 42 -0.928427
  14 42 0.53737
  15 42 -0.340408
  16 42 0.501865
  17 42 -0.647588
  18 42 -0.307802
  19 42 -1.35153
  20 42 0.843243
7900 20 840
  1 42 -0.202184
  2 42 0.607437
  3 42 1.466
  4 42 0.934216
  5 42 -1.15269
  6 42 0.41801
  7 42 0.988364
  8 42 -0.189645
  9 42 -3.31464
  10 42 -0.0616236
  11 42 0.180201
  12 42 0.400787
  13 42 0.800493
  14 42 0.209108
  15 42 0.674
  16 42 0.255243
  17 42 0.809245
  18 42 -0.191995
  19 42 -1.09464
  20 42 0.0528783
8000 20 840
  1 42 0.44524
  2 42 0.614871
  3 42 1.36926
  4 42 0.742254
  5 42 0.687663
  6 42 -0.0565336
  7 42 0.181174
  8 42 0.00560696
  9 42 1.32898
  10 42 0.66761
  11 42 0.878211
  12 42 -0.153938
  13 42 0.753916
  14 42 0.305566
  15 42 1.22625
  16 42 -1.53909
  17 42 -1.36839
  18 42 -0.346319
  19 42 1.59383
  20 42 0.222892
8100 20 840
  1 42 -0.774279
  2 42 0.0831493
  3 42 1.16519
  4 42 0.256221
  5 42 -0.103641
  6 42 -0.601291
  7 42 1.21532
  8 42 -0.237408
  9 42 -0.678601
  10 42 0.242385
  11 42 1.00976
  12 42 0.307416
  13 42 0.7834
  14 42 1.34324
  15 42 0.90448
  16 42 -0.607083
  17 42 -0.156489
  18 42 -0.791013
  19 42 0.582921
  20 42 -0.350673
8200 20 840
  1 42 1.91395
  2 42 1.03872
  3 42 -0.672313
  4 42 -0.251055
  5 42 0.951129
  6 42 -0.195942
  7 42 0.103179
  8 42 -0.051089
  9 42 0.547565
  10 42 0.220072
  11 42 0.223008
  12 42 -0.385697
  13 42 -0.103704
  14 42 0.731376
  15 42 0.410676
  16 42 -0.0868379
  17 42 -0.9196
  18 42 0.739466
  19 42 1.69168
  20 42 0.0836677
8300 20 840
  1 42 0.0842933
  2 42 -0.99376
  3 42 -1.20448
  4 42 -0.530929
  5 42 -0.192042
  6 42 -0.601692
  7 42 -0.584966
  8 42 -0.665991
  9 42 -0.0108195
  10 42 0.500738
  11 42 0.463518
  12 42 1.28836
  13 42 0.239792
  14 42 -0.498991
  15 42 2.25993
  16 42 0.0590894
  17 42 -0.0821941
  18 42 0.791952
  19 42 0.719271
  20 42 -1.16381
8400 20 840
  1 42 0.611014
  2 42 -0.65522
  3 42 -0.113746
  4 42 0.204238
  5 42 0.692549
  6 42 0.147027
  7 42 1.52962
  8 42 0.0847325
  9 42 -0.671936
  10 42 -0.393002
  11 42 -0.743983
  12 42 -0.290744
  13 42 0.470387
  14 42 -0.626332
  15 42 0.432434
  16 42 0.702829
  17 42 1.06963
  18 42 0.216604
  19 42 -0.07081
  20 42 0.656598
8500 20 840
  1 42 1.75191
  2 42 0.431094
  3 42 0.345743
  4 42 -0.0134416
  5 42 2.73681
  6 42 -0.381502
  7 42 0.56949
  8 42 0.375781
  9 42 0.469364
  10 42 -0.0130624
  11 42 0.745197
  12 42 -0.365944
  13 42 0.419196
  14 42 -0.248865
  15 42 -0.850979
  16 42 -1.30289
  17 42 0.679023
  18 42 -0.333652
  19 42 -0.792789
  20 42 -0.491159
8600 20 840
  1 42 0.26858
  2 42 1.18575
  3 42 0.829396
  4 42 -0.850204
  5 42 -0.449635
  6 42 0.994449
  7 42 0.576427
  8 42 0.587591
  9 42 0.680069
  10 42 0.608355
  11 42 -0.265504
  12 42 -0.990789
  13 42 0.562151
  14 42 0.100496
  15 42 0.0987182
  16 42 0.609781
  17 42 -0.266068
  18 42 -0.350614
  19 42 0.36911
  20 42 0.0994198
8700 20 840
  1 42 -0.450667
  2 42 -0.0590137
  3 42 0.307369
  4 42 -0.124394
  5 42 -1.44672
  6 42 0.186095
  7 42 2.25089
  8 42 0.826362
  9 42 2.29818
  10 42 -0.194758
  11 42 0.777097
  12 42 0.0952547
  13 42 -0.0985022
  14 42 0.252573
  15 42 0.592161
  16 42 -0.0030153
  17 42 0.303252
  18 42 0.0342644
  19 42 1.66792
  20 42 0.614565
8800 20 840
  1 42 -0.356836
  2 42 0.642582
  3 42 0.716151
  4 42 0.104829
  5 42 0.315518
  6 42 -0.417836
  7 42 0.852461
  8 42 -0.400249
  9 42 3.49365
  10 42 1.25125
  11 42 0.253808
  12 42 -0.578908
  13 42 0.419415
  14 42 -0.610038
  15 42 -0.238864
  16 42 0.168907
  17 42 -1.16041
  18 42 0.212962
  19 42 -0.993885
  20 42 0.479289
8900 20 840
  1 42 0.139238
  2 42 -0.694004
  3 42 -0.691575
  4 42 1.03622
  5 42 -1.10619
  6 42 -0.450566
  7 42 -0.627867
  8 42 -0.00177413
  9 42 -0.995677
  10 42 -0.040269
  11 42 -1.28619
  12 42 0.239681
  13 42 1.17027
  14 42 -0.208005
  15 42 0.598532
  16 42 0.267049
  17 42 0.608111
  18 42 0.412059
  19 42 -1.31848
  20 42 -0.079615
9000 20 840
  1 42 -0.408682
  2 42 -0.0951055
  3 42 -0.235499
  4 42 0.428492
  5 42 0.436392
  6 42 -0.24213
  7 42 0.104041
  8 42 1.01677
  9 42 -0.80008
  10 42 0.0243646
  11 42 -1.01484
  12 42 -0.569797
  13 42 0.648324
  14 42 -0.0630251
  15 42 -0.648695
  16 42 -0.205856
  17 42 -0.58746
  18 42 0.195866
  19 42 -1.54105
  20 42 -1.16696
9100 20 840
  1 42 -0.239041
  2 42 0.365753
  3 42 1.13451
  4 42 0.19718
  5 42 0.221563
  6 42 -0.903163
  7 42 -0.819803
  8 42 -0.302734
  9 42 0.568157
  10 42 -0.687975
  11 42 1.92095
  12 42 0.189631
  13 42 1.00483
  14 42 -0.200855
  15 42 1.06356
  16 42 0.743648
  17 42 -0.120123
  18 42 -0.414677
  19 42 -0.576771
  20 42 1.0418
9200 20 840
  1 42 -0.647676
  2 42 0.281264
  3 42 -0.441493
  4 42 -0.0152948
  5 42 0.864516
  6 42 -0.119014
  7 42 -0.301041
  8 42 -0.369078
  9 42 0.665216
  10 42 -0.436731
  11 42 0.392725
  12 42 0.805123
  13 42 0.467388
  14 42 0.875826
  15 42 -0.66368
  16 42 0.560161
  17 42 0.297303
  18 42 0.536785
  19 42 -1.25426
  20 42 -0.364083
9300 20 840
  1 42 0.669767
  2 42 -0.0594748
  3 42 -0.298123
  4 42 -0.267392
  5 42 0.139575
  6 42 1.1943
  7 42 0.107766
  8 42 -0.118741
  9 42 -0.917562
  10 42 0.659077
  11 42 -0.165748
  12 42 1.34314
  13 42 1.33808
  14 42 0.940351
  15 42 -0.0776028
  16 42 -0.242084
  17 42 0.979005
  18 42 0.693953
  19 42 -0.0739361
  20 42 0.23273
9400 20 840
  1 42 1.49966
  2 42 -0.70984
  3 42 1.00604
  4 42 0.745505
  5 42 0.0103865
  6 42 0.124834
  7 42 0.20989
  8 42 0.962163
  9 42 1.00784
  10 42 0.0696962
  11 42 1.08525
  12 42 -0.115613
  13 42 0.0807506
  14 42 0.310959
  15 42 -0.996685
  16 42 -0.872693
  17 42 0.0250142
  18 42 -0.443437
  19 42 0.953766
  20 42 -0.831466
9500 20 840
  1 42 0.826175
  2 42 0.730933
  3 42 -0.302065
  4 42 -1.04666
  5 42 0.423105
  6 42 0.226932
  7 42 1.83404
  8 42 1.04172
  9 42 -0.285331
  10 42 0.721387
  11 42 -1.25068
  12 42 0.877246
  13 42 2.00031
  14 42 0.639119
  15 42 0.0592877
  16 42 -0.540432
  17 42 0.105766
  18 42 0.441235
  19 42 0.786528
  20 42 0.255224
9600 20 840
  1 42 1.51019
  2 42 -0.328688
  3 42 1.42365
  4 42 1.34987
  5 42 -0.0911584
  6 42 -0.520526
  7 42 0.0743985
  8 42 -0.430912
  9 42 1.13537
  10 42 -0.0467567
  11 42 -0.0313113
  12 42 1.13219
  13 42 -0.12658
  14 42 0.0736443
  15 42 1.04268
  16 42 0.116743
  17 42 -0.953825
  18 42 0.0909711
  19 42 0.308946
  20 42 -0.108803
9700 20 840
  1 42 1.10081
  2 42 -0.199411
  3 42 -0.240278
  4 42 0.491962
  5 42 -1.15655
  6 42 -0.477408
  7 42 0.273707
  8 42 -0.098778
  9 42 -0.141443
  10 42 -0.300491
  11 42 0.085653
  12 42 -0.080874
  13 42 -0.37392
  14 42 -0.894987
  15 42 0.656205
  16 42 -0.250693
  17 42 -0.0262169
  18 42 0.284485
  19 42 0.588156
  20 42 1.65594
9800 20 840
  1 42 -0.251685
  2 42 -1.00702
  3 42 1.51805
  4 42 0.758481
  5 42 -0.155743
  6 42 0.109173
  7 42 -0.784473
  8 42 0.187728
  9 42 2.04371
  10 42 -0.0933064
  11 42 -0.449003
  12 42 -0.365065
  13 42 -0.138112
  14 42 0.374429
  15 42 0.8704
  16 42 1.4447
  17 42 0.00274349
  18 42 0.142886
  19 42 -0.744065
  20 42 0.1433
9900 20 840
  1 42 -1.15764
  2 42 0.0816962
  3 42 0.0936396
  4 42 0.847504
  5 42 1.46894
  6 42 -0.207619
  7 42 2.47073
  8 42 0.0392432
  9 42 -0.894234
  10 42 0.683045
  11 42 0.974971
  12 42 0.204352
  13 42 0.562204
  14 42 -0.151522
  15 42 1.77455
  16 42 -0.4121
  17 42 1.06521
  18 42 -0.63815
  19 42 -0.844089
  20 42 0.300157
10000 20 840
  1 42 0.477712
  2 42 -0.0107704
  3 42 1.06409
  4 42 0.117309
  5 42 0.8738
  6 42 0.451986
  7 42 0.696117
  8 42 0.487857
  9 42 0.933364
  10 42 -0.0904158
  11 42 -1.03854
  12 42 -0.0814338
  13 42 1.58638
  14 42 0.00871406
  15 42 -1.44516
  16 42 0.306482
  17 42 -0.260139
  18 42 -0.675409
  19 42 -0.310962
  20 42 0.371702
