# Chunk-averaged data for fix bowForces and group all
# Timestep Number-of-chunks Total-count
# Chunk Ncount c_bowComp
0 20 840
  1 42 0.138226
  2 42 0.138226
  3 42 0.138226
  4 42 0.138226
  5 42 0.138226
  6 42 0.138226
  7 42 0.138226
  8 42 0.138226
  9 42 0.138226
  10 42 0.138226
  11 42 0.138226
  12 42 0.138226
  13 42 0.138226
  14 42 0.138226
  15 42 0.138226
  16 42 0.138226
  17 42 0.138226
  18 42 0.138226
  19 42 0.138226
  20 42 0.138226
100 20 840
  1 42 0.214757
  2 42 0.298673
  3 42 0.788784
  4 42 0.785142
  5 42 0.121752
  6 42 1.24922
  7 42 -0.665608
  8 42 0.107328
  9 42 0.689144
  10 42 -0.0907625
  11 42 0.726837
  12 42 0.0599577
  13 42 0.318567
  14 42 -0.116675
  15 42 -0.37158
  16 42 -0.64999
  17 42 -0.31629
  18 42 0.18387
  19 42 0.267851
  20 42 -0.0303898
200 20 840
  1 42 -0.0432413
  2 42 -0.286031
  3 42 0.845059
  4 42 0.790604
  5 42 0.68026
  6 42 0.501582
  7 42 -0.330151
  8 42 0.547147
  9 42 -0.757
  10 42 -0.94007
  11 42 -0.307858
  12 42 0.126185
  13 42 0.450538
  14 42 0.906413
  15 42 0.30732
  16 42 0.301111
  17 42 1.55444
  18 42 0.61076
  19 42 1.62374
  20 42 -1.24462
300 20 840
  1 42 -0.408954
  2 42 -0.290634
  3 42 -0.703059
  4 42 -0.56312
  5 42 0.599612
  6 42 0.0787573
  7 42 -0.380752
  8 42 -0.750757
  9 42 0.821405
  10 42 1.02918
  11 42 -0.177487
  12 42 0.0707756
  13 42 -0.126515
  14 42 0.379639
  15 42 -0.767392
  16 42 0.575524
  17 42 -0.411543
  18 42 1.03816
  19 42 -0.780614
  20 42 0.806963
400 20 840
  1 42 0.541141
  2 42 0.144538
  3 42 0.353884
  4 42 0.136603
  5 42 -0.323973
  6 42 -0.209309
  7 42 0.302102
  8 42 -0.247815
  9 42 0.162952
  10 42 -0.248923
  11 42 0.77844
  12 42 0.406375
  13 42 -0.238734
  14 42 -0.188295
  15 42 0.6357
  16 42 1.2166
  17 42 -0.405376
  18 42 0.624446
  19 42 -0.384115
  20 42 -0.889251
500 20 840
  1 42 1.11041
  2 42 -0.567424
  3 42 0.224499
  4 42 -0.46557
  5 42 0.697742
  6 42 1.10992
  7 42 -0.0447541
  8 42 0.707968
  9 42 -0.422466
  10 42 -0.362791
  11 42 -0.0837264
  12 42 0.837979
  13 42 -0.0391503
  14 42 -0.064699
  15 42 0.418569
  16 42 -0.146843
  17 42 -1.01906
  18 42 -0.00445708
  19 42 0.769122
  20 42 -0.00246752
600 20 840
  1 42 -0.767994
  2 42 1.03856
  3 42 -0.263634
  4 42 0.172393
  5 42 1.13555
  6 42 -1.10058
  7 42 -0.256323
  8 42 0.16887
  9 42 -0.221114
  10 42 1.36422
  11 42 0.0433895
  12 42 0.00872246
  13 42 0.34665
  14 42 -0.0644017
  15 42 -0.474713
  16 42 0.176213
  17 42 -0.278072
  18 42 -1.16472
  19 42 0.552709
  20 42 0.846165
700 20 840
  1 42 -0.0770755
  2 42 0.0820504
  3 42 -0.549848
  4 42 0.254671
  5 42 0.526865
  6 42 -0.729276
  7 42 0.900809
  8 42 0.13149
  9 42 -0.878555
  10 42 -0.589975
  11 42 0.923322
  12 42 -1.04473
  13 42 0.52283
  14 42 -0.276379
  15 42 -0.264607
  16 42 0.0463437
  17 42 0.496698
  18 42 -0.948821
  19 42 0.151437
  20 42 0.136311
800 20 840
  1 42 -0.0690485
  2 42 0.0109519
  3 42 -0.694742
  4 42 -0.765599
  5 42 -1.08664
  6 42 0.309219
  7 42 -1.02678
  8 42 0.151816
  9 42 0.0816199
  10 42 0.939203
  11 42 0.336267
  12 42 -0.0174481
  13 42 -0.592636
  14 42 0.759905
  15 42 -0.562797
  16 42 1.20652
  17 42 0.992397
  18 42 0.249473
  19 42 0.103247
  20 42 -0.0637136
900 20 840
  1 42 0.147681
  2 42 -0.729499
  3 42 0.0118439
  4 42 0.313293
  5 42 -0.226631
  6 42 -0.150079
  7 42 0.823072
  8 42 -0.0361748
  9 42 0.450186
  10 42 0.100454
  11 42 0.754375
  12 42 -0.482456
  13 42 -1.42248
  14 42 -0.904561
  15 42 0.858252
  16 42 -0.451875
  17 42 -0.494602
  18 42 0.629601
  19 42 0.75104
  20 42 0.0501712
1000 20 840
  1 42 0.250396
  2 42 -0.193977
  3 42 0.243339
  4 42 0.18053
  5 42 0.0241622
  6 42 0.182289
  7 42 -0.0281067
  8 42 0.816317
  9 42 0.898377
  10 42 -0.0308307
  11 42 0.532089
  12 42 1.08768
  13 42 0.487749
  14 42 0.0376625
  15 42 0.422712
  16 42 0.0246562
  17 42 -0.154279
  18 42 1.31935
  19 42 0.042197
  20 42 0.533177
1100 20 840
  1 42 0.54851
  2 42 0.211829
  3 42 0.245729
  4 42 -0.385022
  5 42 0.38988
  6 42 0.390972
  7 42 0.202549
  8 42 0.9671
  9 42 0.0951255
  10 42 0.0456426
  11 42 -0.0142036
  12 42 1.39892
  13 42 1.0023
  14 42 0.194166
  15 42 -0.0326805
  16 42 0.411381
  17 42 0.538848
  18 42 0.429934
  19 42 0.640995
  20 42 0.140788
1200 20 840
  1 42 0.556077
  2 42 -0.742635
  3 42 -0.396267
  4 42 0.738059
  5 42 0.649518
  6 42 0.347394
  7 42 1.32431
  8 42 -0.0924337
  9 42 -0.477153
  10 42 -0.0518743
  11 42 -0.29342
  12 42 -0.322711
  13 42 -0.31513
  14 42 -0.217279
  15 42 0.0341494
  16 42 -0.730652
  17 42 0.241484
  18 42 -0.181493
  19 42 1.35637
  20 42 -0.375129
1300 20 840
  1 42 0.00841309
  2 42 0.571408
  3 42 0.335582
  4 42 -0.650023
  5 42 -1.03186
  6 42 0.821693
  7 42 -0.402289
  8 42 0.17121
  9 42 0.458828
  10 42 0.740385
  11 42 0.22342
  12 42 -0.341414
  13 42 0.206939
  14 42 0.68079
  15 42 -0.684074
  16 42 0.819381
  17 42 0.678866
  18 42 0.336319
  19 42 -0.252372
  20 42 0.243216
1400 20 840
  1 42 -0.371729
  2 42 -0.0254409
  3 42 -0.166401
  4 42 0.101996
  5 42 0.233683
  6 42 -0.185978
  7 42 1.09671
  8 42 -0.479732
  9 42 0.253721
  10 42 -0.628862
  11 42 0.627644
  12 42 -0.0940101
  13 42 -0.302883
  14 42 -0.144886
  15 42 0.802246
  16 42 -0.0480008
  17 42 -0.466955
  18 42 -0.77518
  19 42 -0.280385
  20 42 -0.324231
1500 20 840
  1 42 -0.838164
  2 42 -0.0655565
  3 42 -0.640336
  4 42 0.221329
  5 42 0.330697
  6 42 -0.627807
  7 42 -0.142185
  8 42 -0.248268
  9 42 0.33437
  10 42 1.19864
  11 42 -0.446975
  12 42 0.953847
  13 42 0.899114
  14 42 -0.020332
  15 42 0.818334
  16 42 0.40304
  17 42 0.581186
  18 42 -0.519367
  19 42 -0.481298
  20 42 0.0856407
1600 20 840
  1 42 0.698043
  2 42 -0.458234
  3 42 0.829904
  4 42 0.169331
  5 42 1.37369
  6 42 -0.209185
  7 42 0.882224
  8 42 0.677286
  9 42 0.403282
  10 42 -0.897605
  11 42 -0.29297
  12 42 -0.387832
  13 42 0.932337
  14 42 -0.113021
  15 42 -0.33048
  16 42 -0.0867461
  17 42 -0.962925
  18 42 -0.281102
  19 42 -0.771761
  20 42 0.528745
1700 20 840
  1 42 0.169021
  2 42 -0.551896
  3 42 1.47027
  4 42 1.44914
  5 42 0.665455
  6 42 -0.78678
  7 42 -0.72109
  8 42 -0.0715782
  9 42 -0.403919
  10 42 -0.713157
  11 42 0.736484
  12 42 0.524116
  13 42 0.0994168
  14 42 0.236608
  15 42 1.04274
  16 42 0.122261
  17 42 -0.304235
  18 42 0.194642
  19 42 -0.259079
  20 42 -0.358066
1800 20 840
  1 42 0.365729
  2 42 -0.206157
  3 42 -0.328392
  4 42 -0.056073
  5 42 -0.688692
  6 42 0.671253
  7 42 0.466327
  8 42 -1.15409
  9 42 0.851705
  10 42 0.797063
  11 42 0.434506
  12 42 0.892186
  13 42 0.099063
  14 42 0.518382
  15 42 0.0149092
  16 42 0.510036
  17 42 -0.0208909
  18 42 1.5478
  19 42 -0.649571
  20 42 0.64359
1900 20 840
  1 42 0.0818928
  2 42 -0.566304
  3 42 0.680253
  4 42 0.325514
  5 42 -0.95254
  6 42 -0.0652644
  7 42 0.601737
  8 42 0.317533
  9 42 -0.16634
  10 42 -0.66069
  11 42 0.434863
  12 42 -0.635259
  13 42 0.616535
  14 42 0.948114
  15 42 0.166213
  16 42 1.04996
  17 42 1.43601
  18 42 -0.386544
  19 42 0.228449
  20 42 0.415776
2000 20 840
  1 42 0.308432
  2 42 1.23554
  3 42 -0.48913
  4 42 0.0380792
  5 42 0.398656
  6 42 1.19234
  7 42 -0.181438
  8 42 0.309555
  9 42 0.488118
  10 42 0.643206
  11 42 -0.000390982
  12 42 -1.16051
  13 42 0.793818
  14 42 0.483601
  15 42 0.0316478
  16 42 -0.706967
  17 42 0.0739226
  18 42 -0.22725
  19 42 -0.060085
  20 42 1.14399
2100 20 840
  1 42 0.577032
  2 42 0.729018
  3 42 -0.444334
  4 42 0.596151
  5 42 -0.437243
  6 42 0.657488
  7 42 -0.0857035
  8 42 0.66889
  9 42 0.395364
  10 42 0.42985
  11 42 -0.0672815
  12 42 -0.0998702
  13 42 0.338183
  14 42 0.591508
  15 42 0.687216
  16 42 -1.1777
  17 42 0.639437
  18 42 0.745255
  19 42 0.361102
  20 42 -0.634028
2200 20 840
  1 42 0.687278
  2 42 -0.786212
  3 42 -0.0878906
  4 42 0.596368
  5 42 0.207358
  6 42 -0.676933
  7 42 0.945317
  8 42 1.45625
  9 42 -0.0762292
  10 42 0.738926
  11 42 0.0132113
  12 42 -0.506251
  13 42 0.266776
  14 42 -0.582157
  15 42 0.883939
  16 42 0.0602945
  17 42 0.221238
  18 42 -0.635134
  19 42 0.356148
  20 42 1.04846
2300 20 840
  1 42 0.0748766
  2 42 -0.291857
  3 42 -0.46672
  4 42 -0.276859
  5 42 -1.17588
  6 42 -0.883766
  7 42 0.0200517
  8 42 -0.245418
  9 42 0.84565
  10 42 1.24449
  11 42 0.599514
  12 42 0.0275521
  13 42 -0.200901
  14 42 -0.430349
  15 42 -0.0187182
  16 42 0.2506
  17 42 -0.293727
  18 42 0.687024
  19 42 -1.27401
  20 42 1.03814
2400 20 840
  1 42 0.0462936
  2 42 0.837773
  3 42 -0.673618
  4 42 0.350519
  5 42 0.0664039
  6 42 -0.576961
  7 42 0.982848
  8 42 -0.340126
  9 42 -0.612456
  10 42 -0.0578957
  11 42 -0.339533
  12 42 -0.394824
  13 42 0.0754235
  14 42 0.397412
  15 42 1.30516
  16 42 0.322145
  17 42 0.414249
  18 42 0.807539
  19 42 -0.476909
  20 42 -0.0915279
2500 20 840
  1 42 -0.645884
  2 42 -0.269011
  3 42 0.2568
  4 42 0.796037
  5 42 0.434312
  6 42 -0.130529
  7 42 -0.064791
  8 42 0.761715
  9 42 1.05878
  10 42 -0.542993
  11 42 -0.0568835
  12 42 -1.01051
  13 42 0.431884
  14 42 -0.0553462
  15 42 -0.0280608
  16 42 -0.128261
  17 42 -0.168521
  18 42 -1.51256
  19 42 -0.277807
  20 42 1.06442
2600 20 840
  1 42 -0.443592
  2 42 0.547985
  3 42 0.896889
  4 42 0.63108
  5 42 -0.724938
  6 42 -0.149434
  7 42 0.727333
  8 42 -0.536496
  9 42 1.04796
  10 42 -0.266416
  11 42 0.406555
  12 42 0.15492
  13 42 0.622653
  14 42 -0.125031
  15 42 -0.0694431
  16 42 0.593278
  17 42 0.605812
  18 42 -0.759629
  19 42 -0.439083
  20 42 0.0873531
2700 20 840
  1 42 0.68117
  2 42 0.416428
  3 42 0.496763
  4 42 0.424134
  5 42 1.18358
  6 42 1.75175
  7 42 1.08711
  8 42 -0.783245
  9 42 -0.566545
  10 42 -0.559736
  11 42 1.00114
  12 42 0.712591
  13 42 0.819201
  14 42 0.600506
  15 42 1.41189
  16 42 -0.692765
  17 42 0.684948
  18 42 0.370942
  19 42 -0.314997
  20 42 -1.03862
2800 20 840
  1 42 0.350102
  2 42 1.01573
  3 42 1.23251
  4 42 -0.355633
  5 42 2.03751
  6 42 0.189645
  7 42 -0.0411731
  8 42 -0.233142
  9 42 0.152087
  10 42 0.633028
  11 42 -0.311781
  12 42 -0.086284
  13 42 0.379127
  14 42 0.836602
  15 42 -0.188824
  16 42 -0.0639783
  17 42 -0.521945
  18 42 -0.417584
  19 42 -0.10282
  20 42 -0.491944
2900 20 840
  1 42 1.07459
  2 42 -0.215646
  3 42 0.576538
  4 42 0.0251959
  5 42 0.833757
  6 42 0.331287
  7 42 1.23153
  8 42 -0.32399
  9 42 1.49077
  10 42 -0.262749
  11 42 0.407853
  12 42 0.748891
  13 42 0.5424
  14 42 -0.464011
  15 42 0.346897
  16 42 0.0286502
  17 42 -0.872445
  18 42 0.0162118
  19 42 0.666474
  20 42 -0.219177
3000 20 840
  1 42 -0.420339
  2 42 0.213413
  3 42 -0.20018
  4 42 0.650166
  5 42 0.536748
  6 42 0.681376
  7 42 -1.39886
  8 42 -0.167124
  9 42 0.252201
  10 42 -0.0615263
  11 42 0.302151
  12 42 1.43277
  13 42 1.06733
  14 42 0.273335
  15 42 0.689888
  16 42 -0.547022
  17 42 -0.347056
  18 42 -0.0120706
  19 42 0.87699
  20 42 -0.476159
3100 20 840
  1 42 -0.543714
  2 42 0.844989
  3 42 -0.210355
  4 42 0.844474
  5 42 0.725563
  6 42 -0.395611
  7 42 -0.24795
  8 42 0.135046
  9 42 -0.131044
  10 42 -0.235505
  11 42 0.397805
  12 42 -0.344064
  13 42 0.339307
  14 42 -0.185068
  15 42 -0.0847855
  16 42 -0.794355
  17 42 -0.0496913
  18 42 -0.0253618
  19 42 1.13544
  20 42 -0.00224349
3200 20 840
  1 42 1.46324
  2 42 0.120233
  3 42 -0.182869
  4 42 1.05118
  5 42 0.462875
  6 42 -0.215348
  7 42 -0.26134
  8 42 -0.303759
  9 42 -0.224851
  10 42 0.290434
  11 42 0.372644
  12 42 -1.08198
  13 42 -0.149724
  14 42 0.0125446
  15 42 0.344834
  16 42 -0.34789
  17 42 0.023818
  18 42 -0.33571
  19 42 0.424156
  20 42 0.205252
3300 20 840
  1 42 0.921549
  2 42 0.327856
  3 42 -0.71103
  4 42 -1.28419
  5 42 -0.110301
  6 42 0.650253
  7 42 -0.498181
  8 42 0.40902
  9 42 -0.176067
  10 42 1.2909
  11 42 0.604849
  12 42 0.442383
  13 42 0.341082
  14 42 0.228536
  15 42 0.0936708
  16 42 0.0624025
  17 42 0.544345
  18 42 0.288703
  19 42 0.0357041
  20 42 0.466037
3400 20 840
  1 42 0.8855
  2 42 -0.322437
  3 42 -0.478332
  4 42 0.234325
  5 42 1.0063
  6 42 0.412254
  7 42 0.777906
  8 42 0.400753
  9 42 -0.99773
  10 42 -0.469575
  11 42 1.38747
  12 42 0.567239
  13 42 -0.174125
  14 42 -0.279439
  15 42 0.267015
  16 42 -0.880937
  17 42 -0.403191
  18 42 -0.153594
  19 42 0.0991513
  20 42 0.642892
3500 20 840
  1 42 0.156381
  2 42 0.608738
  3 42 0.590636
  4 42 0.572774
  5 42 -0.31183
  6 42 0.0220056
  7 42 0.395839
  8 42 0.79375
  9 42 0.285552
  10 42 0.834739
  11 42 -0.309427
  12 42 0.198254
  13 42 0.682567
  14 42 -0.0476751
  15 42 -0.936208
  16 42 0.27975
  17 42 0.85599
  18 42 -0.166822
  19 42 0.370896
  20 42 1.51521
3600 20 840
  1 42 0.777458
  2 42 0.0520337
  3 42 0.620744
  4 42 -0.15314
  5 42 0.812197
  6 42 0.620219
  7 42 0.601698
  8 42 0.878029
  9 42 0.546648
  10 42 -0.843342
  11 42 0.281975
  12 42 -0.505241
  13 42 0.21741
  14 42 0.322731
  15 42 -0.274108
  16 42 0.204616
  17 42 -0.236367
  18 42 -0.54473
  19 42 0.45144
  20 42 0.330537
3700 20 840
  1 42 -0.786172
  2 42 0.257284
  3 42 -0.243825
  4 42 0.0582132
  5 42 -0.696398
  6 42 0.229493
  7 42 -0.00345445
  8 42 -0.262197
  9 42 -0.885
  10 42 0.944694
  11 42 -0.0471847
  12 42 0.177552
  13 42 0.835284
  14 42 0.170797
  15 42 0.856617
  16 42 -0.26002
  17 42 1.4472
  18 42 0.979614
  19 42 -0.428099
  20 42 -0.575756
3800 20 840
  1 42 -0.0945235
  2 42 0.41598
  3 42 -0.391727
  4 42 -0.333323
  5 42 -1.00476
  6 42 -0.322469
  7 42 0.327164
  8 42 0.202819
  9 42 2.11185
  10 42 0.526885
  11 42 0.298732
  12 42 -0.713034
  13 42 -0.066168
  14 42 -0.152608
  15 42 -0.543394
  16 42 0.584988
  17 42 -0.168593
  18 42 0.380593
  19 42 -0.609874
  20 42 1.14016
3900 20 840
  1 42 -1.01408
  2 42 -0.132131
  3 42 -0.7165
  4 42 0.24243
  5 42 0.75896
  6 42 -0.23831
  7 42 -0.49346
  8 42 0.954291
  9 42 0.62587
  10 42 0.032119
  11 42 0.773047
  12 42 0.0553743
  13 42 0.0472297
  14 42 0.289132
  15 42 0.547413
  16 42 -0.123379
  17 42 0.483503
  18 42 -0.501037
  19 42 0.0132167
  20 42 -0.405967
4000 20 840
  1 42 0.254943
  2 42 0.960623
  3 42 0.268794
  4 42 -0.203719
  5 42 1.66421
  6 42 0.822282
  7 42 0.706031
  8 42 0.253907
  9 42 0.204376
  10 42 0.766798
  11 42 0.0247005
  12 42 0.336729
  13 42 0.629784
  14 42 -0.0039789
  15 42 0.090179
  16 42 -1.6141
  17 42 -0.42907
  18 42 0.148475
  19 42 -0.200807
  20 42 -0.618139
4100 20 840
  1 42 0.269204
  2 42 -0.145523
  3 42 1.10171
  4 42 0.119859
  5 42 -0.275663
  6 42 -1.18671
  7 42 -0.293471
  8 42 0.162773
  9 42 0.176824
  10 42 -0.256964
  11 42 -0.37202
  12 42 0.370624
  13 42 1.00626
  14 42 0.0725848
  15 42 -0.313164
  16 42 -0.803978
  17 42 0.0285437
  18 42 0.240081
  19 42 -0.513852
  20 42 -0.867667
4200 20 840
  1 42 0.351495
  2 42 0.394745
  3 42 0.203808
  4 42 0.567564
  5 42 0.966512
  6 42 -0.523665
  7 42 1.17599
  8 42 -0.0102693
  9 42 0.00104384
  10 42 0.0942153
  11 42 -0.137888
  12 42 -0.049792
  13 42 0.841956
  14 42 0.190749
  15 42 0.443855
  16 42 1.18283
  17 42 0.0113197
  18 42 -0.79276
  19 42 0.0678363
  20 42 1.26356
4300 20 840
  1 42 0.595559
  2 42 0.409372
  3 42 0.112071
  4 42 0.0700286
  5 42 -0.752158
  6 42 1.1378
  7 42 0.565468
  8 42 -0.671748
  9 42 0.842142
  10 42 -0.200836
  11 42 -0.113492
  12 42 0.946714
  13 42 0.395386
  14 42 1.02707
  15 42 0.432143
  16 42 0.0711173
  17 42 0.283585
  18 42 0.893281
  19 42 0.14041
  20 42 -0.310932
4400 20 840
  1 42 1.13333
  2 42 0.17671
  3 42 0.203729
  4 42 0.161907
  5 42 0.440131
  6 42 0.513913
  7 42 0.638917
  8 42 0.20935
  9 42 0.419458
  10 42 -0.185578
  11 42 0.434573
  12 42 -0.36038
  13 42 1.03733
  14 42 0.82704
  15 42 0.433792
  16 42 0.708458
  17 42 -0.125856
  18 42 -1.04447
  19 42 0.743071
  20 42 0.925718
4500 20 840
  1 42 0.00928529
  2 42 -0.730384
  3 42 1.17073
  4 42 0.688149
  5 42 0.602286
  6 42 -1.22245
  7 42 0.750526
  8 42 0.227402
  9 42 0.83821
  10 42 0.0934677
  11 42 0.596835
  12 42 -0.0254903
  13 42 0.714413
  14 42 0.550186
  15 42 -0.0763542
  16 42 -2.13284
  17 42 0.532437
  18 42 -0.186951
  19 42 1.65298
  20 42 0.801885
4600 20 840
  1 42 0.525188
  2 42 -0.230677
  3 42 -0.213733
  4 42 1.10718
  5 42 -0.0615559
  6 42 0.0333751
  7 42 0.49013
  8 42 -0.770386
  9 42 0.0785839
  10 42 0.646469
  11 42 -0.468962
  12 42 0.215116
  13 42 0.110591
  14 42 -0.317508
  15 42 0.976549
  16 42 -0.342796
  17 42 0.369645
  18 42 1.00446
  19 42 1.12438
  20 42 -0.405358
4700 20 840
  1 42 0.75839
  2 42 -0.76186
  3 42 0.586401
  4 42 0.235349
  5 42 -0.48197
  6 42 -0.0998507
  7 42 -0.727363
  8 42 0.384783
  9 42 0.894711
  10 42 0.27492
  11 42 0.499386
  12 42 -0.200382
  13 42 0.3382
  14 42 -1.01152
  15 42 1.2389
  16 42 0.104916
  17 42 -0.222233
  18 42 -0.027724
  19 42 -0.902671
  20 42 0.325144
4800 20 840
  1 42 0.18705
  2 42 0.225088
  3 42 -0.570062
  4 42 -0.62165
  5 42 -1.09792
  6 42 -0.89518
  7 42 -0.393211
  8 42 0.547805
  9 42 -0.126029
  10 42 0.308439
  11 42 -1.36161
  12 42 -0.741155
  13 42 -0.089176
  14 42 -0.123354
  15 42 0.159544
  16 42 -0.0261088
  17 42 -0.0600945
  18 42 -0.41105
  19 42 -1.27253
  20 42 0.806407
4900 20 840
  1 42 -0.443298
  2 42 0.67857
  3 42 -1.40065
  4 42 0.283608
  5 42 0.0142979
  6 42 -0.920239
  7 42 1.11929
  8 42 -0.15725
  9 42 0.0968824
  10 42 0.503978
  11 42 -0.503407
  12 42 -0.435221
  13 42 0.696436
  14 42 0.18054
  15 42 1.02535
  16 42 -0.76209
  17 42 0.81162
  18 42 0.448613
  19 42 -0.880074
  20 42 1.22731
5000 20 840
  1 42 -0.277335
  2 42 0.272849
  3 42 0.207792
  4 42 1.38594
  5 42 -0.0182223
  6 42 -0.369499
  7 42 -0.278554
  8 42 0.473463
  9 42 0.257329
  10 42 -0.0458803
  11 42 0.667826
  12 42 -0.947684
  13 42 0.708565
  14 42 0.21962
  15 42 -0.0711886
  16 42 0.867439
  17 42 1.02338
  18 42 -1.57207
  19 42 -0.422654
  20 42 -0.540084
5100 20 840
  1 42 0.447518
  2 42 -0.53116
  3 42 0.22608
  4 42 0.259465
  5 42 -0.538715
  6 42 1.27756
  7 42 1.69557
  8 42 0.519576
  9 42 -0.0858552
  10 42 0.202151
  11 42 0.99094
  12 42 -0.304344
  13 42 0.675107
  14 42 -0.488993
  15 42 0.282
  16 42 -0.287753
  17 42 0.551204
  18 42 0.529239
  19 42 0.61365
  20 42 -1.10724
5200 20 840
  1 42 0.133571
  2 42 -0.37265
  3 42 -0.320802
  4 42 0.472741
  5 42 0.163975
  6 42 -0.000303432
  7 42 0.357461
  8 42 -0.092173
  9 42 0.516485
  10 42 0.25809
  11 42 0.183539
  12 42 -0.0996905
  13 42 -0.954051
  14 42 -0.00492713
  15 42 0.376926
  16 42 -0.253814
  17 42 -0.488878
  18 42 -0.00828802
  19 42 -0.226355
  20 42 -0.255235
5300 20 840
  1 42 -0.513361
  2 42 0.4562
  3 42 0.263571
  4 42 -1.15004
  5 42 0.0939629
  6 42 0.899795
  7 42 1.54319
  8 42 0.420856
  9 42 0.301722
  10 42 -0.279
  11 42 0.730354
  12 42 0.590856
  13 42 0.480896
  14 42 -0.149207
  15 42 0.460338
  16 42 1.26205
  17 42 -1.29871
  18 42 -0.0424049
  19 42 -1.36206
  20 42 0.360061
5400 20 840
  1 42 0.0317346
  2 42 -0.577807
  3 42 -0.764053
  4 42 0.724417
  5 42 0.0847504
  6 42 0.224329
  7 42 -0.0912701
  8 42 -0.706655
  9 42 0.297129
  10 42 -0.8351
  11 42 0.594466
  12 42 0.160357
  13 42 0.150817
  14 42 -0.23741
  15 42 0.303518
  16 42 1.20038
  17 42 -0.50032
  18 42 -0.521295
  19 42 -0.305542
  20 42 0.0791882
5500 20 840
  1 42 -0.215568
  2 42 0.542555
  3 42 1.45681
  4 42 0.494189
  5 42 0.600638
  6 42 -0.0871814
  7 42 -0.124804
  8 42 -0.637682
  9 42 -1.01281
  10 42 0.534106
  11 42 -0.201323
  12 42 -0.173168
  13 42 0.369752
  14 42 -0.287317
  15 42 -0.0477759
  16 42 -1.77589
  17 42 0.269275
  18 42 -0.809883
  19 42 0.740844
  20 42 -0.65076
5600 20 840
  1 42 0.504731
  2 42 0.997523
  3 42 0.349285
  4 42 -0.660394
  5 42 1.18661
  6 42 0.719158
  7 42 0.0601547
  8 42 0.0887846
  9 42 0.470247
  10 42 -0.123344
  11 42 0.914833
  12 42 -0.39943
  13 42 0.573953
  14 42 0.615517
  15 42 0.15569
  16 42 -1.03202
  17 42 -0.754162
  18 42 -0.667118
  19 42 -1.45893
  20 42 -0.835175
5700 20 840
  1 42 0.17365
  2 42 1.02785
  3 42 0.178015
  4 42 -0.308287
  5 42 -0.604106
  6 42 0.725511
  7 42 0.102127
  8 42 0.208036
  9 42 0.773188
  10 42 1.52468
  11 42 -0.410285
  12 42 0.144358
  13 42 0.855707
  14 42 0.354649
  15 42 0.500047
  16 42 -0.331068
  17 42 0.856113
  18 42 -0.0140866
  19 42 1.05699
  20 42 -0.54669
5800 20 840
  1 42 0.572934
  2 42 0.22254
  3 42 -1.49012
  4 42 -0.755865
  5 42 0.566943
  6 42 1.46781
  7 42 0.960183
  8 42 0.688182
  9 42 1.46166
  10 42 0.5394
  11 42 0.293652
  12 42 0.026764
  13 42 -0.304552
  14 42 -0.196339
  15 42 -0.026126
  16 42 0.31803
  17 42 -1.18181
  18 42 -0.159066
  19 42 3.69185
  20 42 1.47336
5900 20 840
  1 42 0.62778
  2 42 -0.813241
  3 42 -0.689587
  4 42 0.235241
  5 42 -0.245763
  6 42 0.526399
  7 42 -0.777176
  8 42 0.228183
  9 42 0.24068
  10 42 -0.0195544
  11 42 -0.057152
  12 42 0.273534
  13 42 0.664169
  14 42 0.0678827
  15 42 1.06869
  16 42 -0.683473
  17 42 0.524238
  18 42 0.924017
  19 42 -0.637606
  20 42 0.350494
6000 20 840
  1 42 1.23505
  2 42 0.965226
  3 42 0.822196
  4 42 0.997493
  5 42 0.00330847
  6 42 -0.851794
  7 42 0.530279
  8 42 0.0595309
  9 42 0.0865879
  10 42 0.124237
  11 42 -0.575162
  12 42 -0.290024
  13 42 0.426301
  14 42 -0.0729611
  15 42 -0.557693
  16 42 -0.624282
  17 42 -0.592075
  18 42 0.888912
  19 42 1.36104
  20 42 1.05667
6100 20 840
  1 42 -0.716089
  2 42 -0.618317
  3 42 -0.310196
  4 42 0.365006
  5 42 0.21311
  6 42 0.560369
  7 42 1.07359
  8 42 0.248832
  9 42 -1.70974
  10 42 0.282778
  11 42 0.0103268
  12 42 0.095952
  13 42 0.888234
  14 42 0.389052
  15 42 -0.20802
  16 42 -0.363013
  17 42 1.20745
  18 42 -0.627075
  19 42 -0.594182
  20 42 -0.16312
6200 20 840
  1 42 0.109073
  2 42 0.605604
  3 42 -0.337989
  4 42 -0.314314
  5 42 -0.151846
  6 42 -0.0796508
  7 42 0.177013
  8 42 0.837891
  9 42 -0.482207
  10 42 0.380055
  11 42 -0.790591
  12 42 -0.362741
  13 42 0.688013
  14 42 0.0336765
  15 42 0.0552751
  16 42 1.42641
  17 42 0.748877
  18 42 -0.831466
  19 42 -1.12596
  20 42 1.1305
6300 20 840
  1 42 -0.46291
  2 42 1.35863
  3 42 1.78121
  4 42 0.253442
  5 42 -0.165928
  6 42 -0.0244085
  7 42 0.192883
  8 42 0.402047
  9 42 0.572048
  10 42 -0.149809
  11 42 0.805245
  12 42 1.12563
  13 42 0.315279
  14 42 -0.362722
  15 42 -0.471961
  16 42 -1.33457
  17 42 -0.108535
  18 42 -0.939339
  19 42 -0.406488
  20 42 -0.513355
6400 20 840
  1 42 -0.171487
  2 42 0.621935
  3 42 -0.590707
  4 42 -0.287863
  5 42 1.60592
  6 42 -0.198152
  7 42 0.276867
  8 42 0.237348
  9 42 -0.201087
  10 42 1.00141
  11 42 -0.354813
  12 42 0.50162
  13 42 1.06489
  14 42 -0.529883
  15 42 -0.162325
  16 42 0.711438
  17 42 0.0496533
  18 42 -0.424388
  19 42 -0.0928202
  20 42 1.15422
6500 20 840
  1 42 -0.344011
  2 42 1.0997
  3 42 0.709813
  4 42 0.24795
  5 42 -0.323889
  6 42 -1.07063
  7 42 0.684884
  8 42 0.13347
  9 42 -0.299261
  10 42 0.953821
  11 42 0.448487
  12 42 0.594484
  13 42 1.62988
  14 42 0.0773914
  15 42 -0.429601
  16 42 -0.691314
  17 42 1.01939
  18 42 0.621011
  19 42 0.794077
  20 42 -1.28619
6600 20 840
  1 42 0.29681
  2 42 0.801994
  3 42 -1.80315
  4 42 0.450555
  5 42 0.908395
  6 42 0.155481
  7 42 0.521117
  8 42 -0.534328
  9 42 -0.0838219
  10 42 0.0193524
  11 42 -1.40988
  12 42 -0.0362901
  13 42 1.31502
  14 42 0.188129
  15 42 -0.130067
  16 42 -0.0113713
  17 42 -0.917669
  18 42 1.01952
  19 42 0.848038
  20 42 -0.612452
6700 20 840
  1 42 0.0163006
  2 42 0.250924
  3 42 -0.428432
  4 42 0.794505
  5 42 0.000902686
  6 42 0.793658
  7 42 -0.979468
  8 42 0.393556
  9 42 0.960063
  10 42 -0.85655
  11 42 0.151809
  12 42 0.299389
  13 42 0.431662
  14 42 1.05133
  15 42 0.514262
  16 42 -1.21059
  17 42 0.12004
  18 42 0.938327
  19 42 0.693259
  20 42 0.224319
6800 20 840
  1 42 0.2724
  2 42 -0.642011
  3 42 -0.870409
  4 42 -0.199609
  5 42 0.154963
  6 42 0.853126
  7 42 0.540254
  8 42 0.202215
  9 42 2.24707
  10 42 0.62544
  11 42 -0.0907057
  12 42 0.0647712
  13 42 -0.246991
  14 42 0.768755
  15 42 0.174024
  16 42 -0.664617
  17 42 0.296302
  18 42 1.49189
  19 42 0.836354
  20 42 -0.0518141
6900 20 840
  1 42 0.151294
  2 42 -0.321015
  3 42 -0.114169
  4 42 0.487271
  5 42 -0.472054
  6 42 -0.165235
  7 42 0.956016
  8 42 0.46145
  9 42 1.30675
  10 42 0.170264
  11 42 1.1952
  12 42 0.36929
  13 42 0.648205
  14 42 0.190907
  15 42 0.706636
  16 42 -0.53355
  17 42 1.01849
  18 42 -0.415713
  19 42 -0.410756
  20 42 1.07401
7000 20 840
  1 42 0.774198
  2 42 0.0950227
  3 42 1.86465
  4 42 0.151088
  5 42 0.793895
  6 42 0.0682766
  7 42 0.567543
  8 42 -0.0560038
  9 42 0.424524
  10 42 -0.485895
  11 42 -0.376257
  12 42 -0.43099
  13 42 0.0967202
  14 42 0.555467
  15 42 -0.0358228
  16 42 -1.70509
  17 42 0.248631
  18 42 0.203472
  19 42 -1.35271
  20 42 -0.176232
7100 20 840
  1 42 1.29899
  2 42 -0.0691018
  3 42 -0.531161
  4 42 -0.0961709
  5 42 0.749807
  6 42 -0.117653
  7 42 1.29739
  8 42 0.29185
  9 42 -0.991857
  10 42 0.179995
  11 42 -0.482049
  12 42 0.105244
  13 42 0.915823
  14 42 0.397746
  15 42 0.244747
  16 42 -0.284381
  17 42 -0.252393
  18 42 -1.47748
  19 42 0.442031
  20 42 1.06947
7200 20 840
  1 42 -0.0868503
  2 42 1.46343
  3 42 1.29402
  4 42 0.608634
  5 42 -0.516015
  6 42 -0.610561
  7 42 -0.283344
  8 42 0.332569
  9 42 1.60235
  10 42 0.319095
  11 42 0.257433
  12 42 -0.695076
  13 42 -0.013822
  14 42 -0.385314
  15 42 0.210304
  16 42 0.754674
  17 42 -1.23977
  18 42 -1.48415
  19 42 0.105454
  20 42 1.1578
7300 20 840
  1 42 -0.0419926
  2 42 2.00049
  3 42 1.33933
  4 42 -0.878763
  5 42 0.108356
  6 42 -0.195057
  7 42 1.38628
  8 42 -0.133938
  9 42 1.51947
  10 42 0.0362896
  11 42 0.415823
  12 42 -0.0606567
  13 42 0.665403
  14 42 0.460235
  15 42 0.624685
  16 42 0.623689
  17 42 1.1297
  18 42 -0.476124
  19 42 0.289686
  20 42 1.13952
7400 20 840
  1 42 0.0627235
  2 42 0.0573508
  3 42 -0.449121
  4 42 1.01198
  5 42 0.0810278
  6 42 -0.774639
  7 42 -0.939334
  8 42 -0.213836
  9 42 1.53298
  10 42 0.979973
  11 42 0.0937492
  12 42 -1.10327
  13 42 0.950614
  14 42 0.188876
  15 42 0.612155
  16 42 1.68719
  17 42 0.0846056
  18 42 -0.744774
  19 42 -0.435824
  20 42 0.0485914
7500 20 840
  1 42 0.288497
  2 42 0.781883
  3 42 -0.341172
  4 42 0.0558746
  5 42 0.14593
  6 42 0.0540284
  7 42 0.112354
  8 42 0.668363
  9 42 0.0489718
  10 42 0.503589
  11 42 0.702648
  12 42 -0.592721
  13 42 0.656193
  14 42 -0.693286
  15 42 1.30507
  16 42 -1.26851
  17 42 0.460306
  18 42 -0.224469
  19 42 -0.12083
  20 42 0.359401
7600 20 840
  1 42 0.800329
  2 42 0.276802
  3 42 -0.739312
  4 42 0.121636
  5 42 -0.164463
  6 42 0.904421
  7 42 -0.744477
  8 42 0.164774
  9 42 0.233188
  10 42 -0.286017
  11 42 0.416772
  12 42 0.866803
  13 42 0.741386
  14 42 0.332721
  15 42 0.93291
  16 42 -0.709724
  17 42 -0.192223
  18 42 1.01611
  19 42 -1.02377
  20 42 -0.376306
7700 20 840
  1 42 0.161967
  2 42 0.896762
  3 42 0.605524
  4 42 -0.128993
  5 42 -0.382027
  6 42 -0.204273
  7 42 0.272778
  8 42 -0.792578
  9 42 0.50219
  10 42 0.185885
  11 42 -0.762495
  12 42 0.167658
  13 42 0.226612
  14 42 -0.309997
  15 42 1.32324
  16 42 0.29573
  17 42 0.675555
  18 42 -0.224463
  19 42 -0.258386
  20 42 -0.251068
7800 20 840
  1 42 0.982066
  2 42 0.446895
  3 42 1.89218
  4 42 0.528159
  5 42 0.56132
  6 42 -0.287254
  7 42 0.76302
  8 42 -0.329604
  9 42 0.123898
  10 42 -0.586994
  11 42 -0.574666
  12 42 -0.763378
  13 42 -0.12653
  14 42 0.325142
  15 42 -0.239825
  16 42 0.720236
  17 42 -0.718684
  18 42 -0.0845714
  19 42 -0.867906
  20 42 0.566091
7900 20 840
  1 42 0.117213
  2 42 -0.103378
  3 42 1.37407
  4 42 1.10395
  5 42 -1.02311
  6 42 0.349718
  7 42 0.420534
  8 42 -0.179838
  9 42 -2.04818
  10 42 -0.374074
  11 42 0.744971
  12 42 0.394071
  13 42 0.921671
  14 42 0.172238
  15 42 0.902498
  16 42 -0.774765
  17 42 0.812455
  18 42 -0.635486
  19 42 0.18233
  20 42 0.220283
8000 20 840
  1 42 0.886714
  2 42 0.768186
  3 42 0.852271
  4 42 0.715756
  5 42 0.728304
  6 42 -0.00650437
  7 42 1.57402
  8 42 0.00337162
  9 42 0.949947
  10 42 0.64086
  11 42 1.12625
  12 42 0.277824
  13 42 0.237239
  14 42 -0.0981088
  15 42 0.404867
  16 42 -2.0253
  17 42 -1.56845
  18 42 0.395187
  19 42 0.451052
  20 42 0.94974
8100 20 840
  1 42 -0.775348
  2 42 -0.0814823
  3 42 -0.432
  4 42 0.437262
  5 42 0.00365495
  6 42 -0.0280005
  7 42 1.54093
  8 42 -0.0573289
  9 42 -0.971352
  10 42 -0.052947
  11 42 0.880735
  12 42 0.132022
  13 42 0.692332
  14 42 0.723642
  15 42 0.874998
  16 42 -0.224754
  17 42 -0.396219
  18 42 -0.590475
  19 42 1.00386
  20 42 0.266993
8200 20 840
  1 42 1.28267
  2 42 0.589865
  3 42 0.154308
  4 42 -0.32482
  5 42 0.54723
  6 42 -0.504159
  7 42 -0.00544245
  8 42 -0.0440836
  9 42 -0.564747
  10 42 -0.168619
  11 42 1.16681
  12 42 -0.262363
  13 42 0.0505306
  14 42 0.373118
  15 42 0.361188
  16 42 -0.93095
  17 42 -0.418963
  18 42 0.541532
  19 42 1.02407
  20 42 -0.0381537
8300 20 840
  1 42 -0.3324
  2 42 -0.501954
  3 42 -0.497338
  4 42 -0.338687
  5 42 -0.0772859
  6 42 -0.226937
  7 42 -0.415165
  8 42 -0.871612
  9 42 0.152642
  10 42 0.219075
  11 42 0.629922
  12 42 1.13906
  13 42 -0.0247328
  14 42 -0.253975
  15 42 1.49089
  16 42 -1.17574
  17 42 -0.198558
  18 42 0.798557
  19 42 -0.763653
  20 42 -1.45967
8400 20 840
  1 42 0.279696
  2 42 -0.139053
  3 42 1.05545
  4 42 0.209778
  5 42 0.428502
  6 42 0.0672144
  7 42 0.269877
  8 42 0.404472
  9 42 0.873384
  10 42 -0.292633
  11 42 -1.22103
  12 42 -0.0922497
  13 42 0.552356
  14 42 -0.345585
  15 42 0.178107
  16 42 0.819305
  17 42 0.147418
  18 42 0.078586
  19 42 0.163532
  20 42 -0.722674
8500 20 840
  1 42 0.18206
  2 42 0.365761
  3 42 -0.132023
  4 42 0.00202323
  5 42 1.56569
  6 42 -0.722686
  7 42 -0.110989
  8 42 0.811676
  9 42 -0.00324967
  10 42 0.131862
  11 42 0.216826
  12 42 -0.589029
  13 42 0.630006
  14 42 0.0519793
  15 42 -0.295608
  16 42 -0.291069
  17 42 0.475398
  18 42 -0.51161
  19 42 0.906942
  20 42 0.0646073
8600 20 840
  1 42 0.473649
  2 42 1.03348
  3 42 -0.671392
  4 42 -1.60884
  5 42 0.43909
  6 42 1.1137
  7 42 0.523869
  8 42 0.0779703
  9 42 -0.149584
  10 42 0.80233
  11 42 0.462517
  12 42 -0.44929
  13 42 0.598228
  14 42 0.271347
  15 42 0.195981
  16 42 0.529556
  17 42 -0.238838
  18 42 -0.271483
  19 42 -0.42339
  20 42 0.554057
8700 20 840
  1 42 -0.33489
  2 42 0.0551914
  3 42 -0.437185
  4 42 0.30469
  5 42 -1.10026
  6 42 0.524175
  7 42 0.695825
  8 42 0.976308
  9 42 0.970302
  10 42 0.104812
  11 42 0.613892
  12 42 -0.0628296
  13 42 0.41839
  14 42 0.37535
  15 42 0.687805
  16 42 0.397884
  17 42 0.349485
  18 42 -0.551001
  19 42 1.25845
  20 42 0.821728
8800 20 840
  1 42 -0.552099
  2 42 0.119688
  3 42 -0.375702
  4 42 -0.194581
  5 42 0.356986
  6 42 0.311222
  7 42 1.36929
  8 42 0.059628
  9 42 2.35917
  10 42 1.42674
  11 42 0.851433
  12 42 -0.234228
  13 42 -0.18533
  14 42 -0.47885
  15 42 -0.761857
  16 42 -0.241349
  17 42 -1.66276
  18 42 -0.208957
  19 42 -0.867208
  20 42 0.965329
8900 20 840
  1 42 -0.0983406
  2 42 -0.159225
  3 42 -0.60828
  4 42 0.694196
  5 42 -0.686995
  6 42 -0.435136
  7 42 -0.128644
  8 42 0.42763
  9 42 -0.519076
  10 42 -0.16732
  11 42 -0.725507
  12 42 0.313216
  13 42 0.784433
  14 42 -0.26379
  15 42 0.0715858
  16 42 0.800547
  17 42 0.97358
  18 42 0.216318
  19 42 -0.826881
  20 42 0.408897
9000 20 840
  1 42 0.166776
  2 42 -0.228834
  3 42 0.220149
  4 42 0.560217
  5 42 0.420665
  6 42 -0.137864
  7 42 -0.27617
  8 42 1.21368
  9 42 -0.302783
  10 42 -0.120673
  11 42 -0.0495556
  12 42 -0.652392
  13 42 0.792932
  14 42 -0.0765276
  15 42 -0.894579
  16 42 -0.0856093
  17 42 -0.542433
  18 42 0.167796
  19 42 -0.677464
  20 42 -1.19562
9100 20 840
  1 42 -0.40538
  2 42 0.398881
  3 42 0.269801
  4 42 -0.48657
  5 42 0.257165
  6 42 -0.8504
  7 42 -0.609043
  8 42 -0.0460512
  9 42 0.658325
  10 42 -0.234359
  11 42 0.304708
  12 42 0.68114
  13 42 0.602132
  14 42 -0.439937
  15 42 0.436456
  16 42 0.781307
  17 42 0.351334
  18 42 -0.23439
  19 42 -0.630169
  20 42 1.36254
9200 20 840
  1 42 0.302722
  2 42 0.379521
  3 42 -0.131049
  4 42 0.142071
  5 42 0.498408
  6 42 0.0395529
  7 42 -0.227458
  8 42 -0.495486
  9 42 -0.285045
  10 42 -0.019018
  11 42 0.8319
  12 42 1.17788
  13 42 0.0295314
  14 42 0.659602
  15 42 -0.0252547
  16 42 0.329693
  17 42 0.672504
  18 42 0.64981
  19 42 -1.429
  20 42 -0.631383
9300 20 840
  1 42 0.74399
  2 42 0.0274923
  3 42 0.434283
  4 42 -0.100173
  5 42 0.667934
  6 42 1.04489
  7 42 0.748287
  8 42 -0.253559
  9 42 -0.0174214
  10 42 0.0254325
  11 42 0.282026
  12 42 0.892337
  13 42 1.58253
  14 42 0.978745
  15 42 -0.141288
  16 42 -0.538509
  17 42 1.53747
  18 42 1.03076
  19 42 0.702322
  20 42 -0.248048
9400 20 840
  1 42 1.1825
  2 42 -0.621087
  3 42 2.02922
  4 42 1.41018
  5 42 -0.201726
  6 42 0.34001
  7 42 0.376842
  8 42 0.362718
  9 42 1.24713
  10 42 0.195475
  11 42 0.109488
  12 42 -0.295652
  13 42 0.307794
  14 42 0.244226
  15 42 -0.799026
  16 42 -1.46999
  17 42 0.0349129
  18 42 0.0835641
  19 42 0.772077
  20 42 -1.79265
9500 20 840
  1 42 0.929582
  2 42 0.303677
  3 42 -0.377891
  4 42 -1.11046
  5 42 0.211623
  6 42 0.67263
  7 42 1.85233
  8 42 0.858155
  9 42 0.666029
  10 42 1.06712
  11 42 -1.21593
  12 42 0.969356
  13 42 1.41288
  14 42 0.643838
  15 42 -0.182502
  16 42 -0.22492
  17 42 -0.0954952
  18 42 1.22104
  19 42 0.498147
  20 42 0.160911
9600 20 840
  1 42 1.75587
  2 42 -0.411793
  3 42 0.375363
  4 42 1.16904
  5 42 0.110846
  6 42 -0.149767
  7 42 -1.13171
  8 42 0.20202
  9 42 0.830977
  10 42 0.27452
  11 42 -0.481437
  12 42 0.913775
  13 42 0.154639
  14 42 -0.54496
  15 42 0.925011
  16 42 0.727289
  17 42 -1.69434
  18 42 -0.155817
  19 42 0.346866
  20 42 -0.0349276
9700 20 840
  1 42 0.475454
  2 42 -0.540652
  3 42 -0.156293
  4 42 0.507292
  5 42 -0.524637
  6 42 -0.513794
  7 42 1.31695
  8 42 -0.556737
  9 42 -0.65506
  10 42 0.143225
  11 42 0.641538
  12 42 -0.387275
  13 42 -0.140432
  14 42 -1.06968
  15 42 0.605995
  16 42 -0.400399
  17 42 0.0280646
  18 42 0.410029
  19 42 0.482973
  20 42 1.11386
9800 20 840
  1 42 0.138476
  2 42 -0.491555
  3 42 0.0363728
  4 42 0.257536
  5 42 0.180469
  6 42 0.0303851
  7 42 -0.701415
  8 42 0.0430948
  9 42 1.60854
  10 42 0.356918
  11 42 0.579653
  12 42 -0.414643
  13 42 0.250252
  14 42 0.846708
  15 42 0.338191
  16 42 1.09297
  17 42 0.310246
  18 42 -0.234644
  19 42 -0.730664
  20 42 0.0296436
9900 20 840
  1 42 -1.229
  2 42 0.291396
  3 42 0.605609
  4 42 0.592326
  5 42 0.357815
  6 42 -0.263388
  7 42 1.15547
  8 42 0.193778
  9 42 -0.932719
  10 42 0.431077
  11 42 1.3291
  12 42 -0.322254
  13 42 0.898317
  14 42 -0.312069
  15 42 1.55802
  16 42 -0.505451
  17 42 0.788629
  18 42 -1.30079
  19 42 -0.917737
  20 42 -0.360842
10000 20 840
  1 42 0.738288
  2 42 -0.454118
  3 42 0.870488
  4 42 0.322948
  5 42 0.497597
  6 42 0.329346
  7 42 1.0432
  8 42 0.383325
  9 42 1.04633
  10 42 0.210258
  11 42 -0.613826
  12 42 -0.093644
  13 42 0.976632
  14 42 -0.416911
  15 42 -0.402639
  16 42 0.349332
  17 42 -0.198059
  18 42 -0.652029
  19 42 -0.793129
  20 42 0.961439
