# Chunk-averaged data for fix bowForces and group all
# Timestep Number-of-chunks Total-count
# Chunk Ncount c_bowComp
0 20 840
  1 42 0.190759
  2 42 0.190759
  3 42 0.190759
  4 42 0.190759
  5 42 0.190759
  6 42 0.190759
  7 42 0.190759
  8 42 0.190759
  9 42 0.190759
  10 42 0.190759
  11 42 0.190759
  12 42 0.190759
  13 42 0.190759
  14 42 0.190759
  15 42 0.190759
  16 42 0.190759
  17 42 0.190759
  18 42 0.190759
  19 42 0.190759
  20 42 0.190759
100 20 840
  1 42 1.06272
  2 42 0.332347
  3 42 -1.26603
  4 42 0.0819485
  5 42 1.92651
  6 42 1.4277
  7 42 1.37613
  8 42 -1.09991
  9 42 0.617425
  10 42 0.236743
  11 42 1.31372
  12 42 1.07673
  13 42 0.684191
  14 42 1.67468
  15 42 -1.7682
  16 42 -0.599382
  17 42 0.293925
  18 42 -0.63787
  19 42 1.02504
  20 42 -0.655686
200 20 840
  1 42 0.449273
  2 42 0.582804
  3 42 2.19188
  4 42 0.809001
  5 42 1.46565
  6 42 0.378937
  7 42 0.795687
  8 42 -0.913355
  9 42 2.49017
  10 42 -0.0725206
  11 42 -0.647864
  12 42 0.195357
  13 42 0.42048
  14 42 1.03065
  15 42 0.356453
  16 42 -0.336979
  17 42 1.9877
  18 42 1.01287
  19 42 2.64856
  20 42 0.280868
300 20 840
  1 42 0.983959
  2 42 1.5325
  3 42 -0.132322
  4 42 0.177999
  5 42 0.0172134
  6 42 -0.781577
  7 42 1.9615
  8 42 0.343709
  9 42 0.62445
  10 42 0.635002
  11 42 -1.61533
  12 42 -1.78077
  13 42 -0.0372402
  14 42 -0.949705
  15 42 -1.30621
  16 42 0.802889
  17 42 -0.176445
  18 42 1.81948
  19 42 -0.581861
  20 42 0.070931
400 20 840
  1 42 1.31547
  2 42 0.531378
  3 42 3.56532
  4 42 -1.01036
  5 42 3.26822
  6 42 -0.517643
  7 42 1.21297
  8 42 -0.967274
  9 42 0.874204
  10 42 -1.78577
  11 42 1.06363
  12 42 0.00636104
  13 42 -1.971
  14 42 -0.635694
  15 42 0.75382
  16 42 1.50033
  17 42 -0.791221
  18 42 0.912313
  19 42 -1.24868
  20 42 1.35125
500 20 840
  1 42 1.55829
  2 42 -0.676249
  3 42 -0.333272
  4 42 0.784632
  5 42 0.561931
  6 42 2.59797
  7 42 -1.13296
  8 42 0.168399
  9 42 0.436253
  10 42 -1.04438
  11 42 1.48419
  12 42 0.897377
  13 42 0.510634
  14 42 0.442409
  15 42 -0.741534
  16 42 -0.185783
  17 42 -0.920536
  18 42 1.17223
  19 42 -0.927342
  20 42 -1.10534
600 20 840
  1 42 -2.30677
  2 42 -0.0141162
  3 42 -0.753467
  4 42 1.20628
  5 42 -0.391437
  6 42 -1.23166
  7 42 -0.559591
  8 42 0.828566
  9 42 -2.01435
  10 42 0.426773
  11 42 0.747373
  12 42 0.0674286
  13 42 -0.0452234
  14 42 -1.07398
  15 42 -1.21231
  16 42 0.0209504
  17 42 -1.60918
  18 42 -1.95999
  19 42 -1.01956
  20 42 0.136027
700 20 840
  1 42 -1.14466
  2 42 0.930296
  3 42 2.06405
  4 42 -0.121694
  5 42 -0.355654
  6 42 -0.78252
  7 42 -0.79929
  8 42 0.669264
  9 42 -0.762771
  10 42 1.41013
  11 42 2.55288
  12 42 -0.624447
  13 42 -0.55869
  14 42 -1.36596
  15 42 0.79569
  16 42 1.77947
  17 42 0.263938
  18 42 -1.55472
  19 42 0.0352859
  20 42 -0.328048
800 20 840
  1 42 -0.461561
  2 42 -0.948358
  3 42 -1.06944
  4 42 -0.420824
  5 42 -1.18255
  6 42 -0.105823
  7 42 -2.18535
  8 42 0.763799
  9 42 1.37125
  10 42 1.66095
  11 42 1.07149
  12 42 -2.22716
  13 42 0.951794
  14 42 1.23864
  15 42 -1.7184
  16 42 -0.605555
  17 42 0.406797
  18 42 0.194264
  19 42 -0.35857
  20 42 0.948743
900 20 840
  1 42 0.237045
  2 42 -0.063962
  3 42 -0.698249
  4 42 -0.262398
  5 42 -0.515358
  6 42 -0.195375
  7 42 0.114922
  8 42 -0.857247
  9 42 0.701616
  10 42 1.53688
  11 42 2.46445
  12 42 -0.440058
  13 42 -1.43077
  14 42 0.347679
  15 42 2.1408
  16 42 0.326013
  17 42 -0.708938
  18 42 -0.784608
  19 42 1.3442
  20 42 -0.404635
1000 20 840
  1 42 0.883583
  2 42 -0.0753167
  3 42 0.67479
  4 42 -0.0530462
  5 42 -2.58738
  6 42 -0.438047
  7 42 0.595651
  8 42 1.58771
  9 42 0.219688
  10 42 2.26687
  11 42 -0.597339
  12 42 1.11022
  13 42 1.61948
  14 42 -0.128622
  15 42 1.15961
  16 42 0.470403
  17 42 1.89973
  18 42 0.674909
  19 42 2.41169
  20 42 -0.181205
1100 20 840
  1 42 1.13097
  2 42 -0.777539
  3 42 -1.21246
  4 42 0.474317
  5 42 -0.157238
  6 42 0.313334
  7 42 1.01226
  8 42 0.897869
  9 42 0.476747
  10 42 -0.902996
  11 42 -1.00005
  12 42 2.52111
  13 42 1.46165
  14 42 0.74302
  15 42 -0.337764
  16 42 -1.45448
  17 42 -0.00936381
  18 42 0.761672
  19 42 1.77558
  20 42 -0.246481
1200 20 840
  1 42 0.589153
  2 42 0.667193
  3 42 -0.448644
  4 42 1.13975
  5 42 1.56361
  6 42 1.36648
  7 42 3.39957
  8 42 -0.366223
  9 42 -2.49666
  10 42 -0.559394
  11 42 -3.43574
  12 42 1.4352
  13 42 -1.27393
  14 42 1.00375
  15 42 0.0434975
  16 42 0.152488
  17 42 0.86802
  18 42 -0.240668
  19 42 1.57927
  20 42 -0.255522
1300 20 840
  1 42 -0.152446
  2 42 0.303131
  3 42 -0.390898
  4 42 0.783871
  5 42 -0.497958
  6 42 1.18798
  7 42 -0.41203
  8 42 -0.407744
  9 42 -0.034572
  10 42 -2.24232
  11 42 0.232383
  12 42 0.195521
  13 42 0.165773
  14 42 0.769775
  15 42 0.344694
  16 42 0.187288
  17 42 0.414163
  18 42 2.02368
  19 42 -0.378484
  20 42 0.044333
1400 20 840
  1 42 -1.20199
  2 42 1.73597
  3 42 2.55524
  4 42 0.30786
  5 42 0.436981
  6 42 -0.526667
  7 42 2.08001
  8 42 0.392074
  9 42 0.103336
  10 42 -1.30927
  11 42 -0.893102
  12 42 -0.807992
  13 42 0.319423
  14 42 -1.06344
  15 42 2.08768
  16 42 -0.0479677
  17 42 0.0696107
  18 42 0.817185
  19 42 -0.812636
  20 42 -0.429719
1500 20 840
  1 42 -0.990458
  2 42 -0.0618379
  3 42 -1.66521
  4 42 0.0535426
  5 42 1.58282
  6 42 -0.12138
  7 42 0.113062
  8 42 -2.01705
  9 42 2.45671
  10 42 1.80603
  11 42 -0.621124
  12 42 1.11075
  13 42 -0.480135
  14 42 0.439144
  15 42 -0.436219
  16 42 1.02537
  17 42 -0.650122
  18 42 -0.727771
  19 42 -0.579936
  20 42 -0.367531
1600 20 840
  1 42 0.732186
  2 42 -1.17863
  3 42 2.30645
  4 42 -0.181934
  5 42 2.70123
  6 42 -0.108568
  7 42 0.0650037
  8 42 0.177057
  9 42 1.35348
  10 42 -0.218125
  11 42 3.4603
  12 42 0.115692
  13 42 1.01249
  14 42 0.240941
  15 42 -1.53862
  16 42 2.60713
  17 42 -1.56994
  18 42 -0.669167
  19 42 1.0513
  20 42 1.36827
1700 20 840
  1 42 -0.686954
  2 42 0.685059
  3 42 1.00762
  4 42 1.69913
  5 42 -0.0882585
  6 42 -1.24266
  7 42 -2.32283
  8 42 -0.906625
  9 42 0.671467
  10 42 1.08024
  11 42 1.54969
  12 42 -1.2407
  13 42 0.250098
  14 42 -1.11819
  15 42 0.301341
  16 42 1.09507
  17 42 0.0269499
  18 42 0.80064
  19 42 -1.93217
  20 42 -0.116807
1800 20 840
  1 42 1.0093
  2 42 -0.546632
  3 42 0.335341
  4 42 -1.18112
  5 42 -0.0588976
  6 42 -2.15241
  7 42 -0.121422
  8 42 -0.0325248
  9 42 -0.337692
  10 42 0.553574
  11 42 2.84313
  12 42 -1.09812
  13 42 -0.685566
  14 42 0.0169006
  15 42 1.50544
  16 42 1.23872
  17 42 -0.649925
  18 42 0.389445
  19 42 -0.636124
  20 42 2.013
1900 20 840
  1 42 0.843507
  2 42 0.087782
  3 42 0.337423
  4 42 -1.02055
  5 42 0.495319
  6 42 0.850289
  7 42 -0.25216
  8 42 -0.448975
  9 42 0.0266906
  10 42 0.636537
  11 42 1.72091
  12 42 0.529866
  13 42 -0.794919
  14 42 -0.705516
  15 42 -0.291645
  16 42 0.165329
  17 42 -0.859813
  18 42 0.41119
  19 42 -0.11859
  20 42 1.7361
2000 20 840
  1 42 1.00763
  2 42 1.0823
  3 42 0.513898
  4 42 2.17423
  5 42 -0.453819
  6 42 0.918126
  7 42 -0.899933
  8 42 0.740146
  9 42 -0.648592
  10 42 0.648308
  11 42 -2.26116
  12 42 -0.709155
  13 42 0.29073
  14 42 0.578494
  15 42 -0.592864
  16 42 -0.788556
  17 42 -2.18532
  18 42 -0.325674
  19 42 -1.14047
  20 42 1.06161
2100 20 840
  1 42 0.742851
  2 42 1.66186
  3 42 0.879598
  4 42 1.14383
  5 42 -1.6808
  6 42 -0.212608
  7 42 1.87291
  8 42 1.21756
  9 42 -0.938076
  10 42 0.0910274
  11 42 1.51962
  12 42 0.670853
  13 42 -0.767746
  14 42 0.360454
  15 42 1.43372
  16 42 -1.11962
  17 42 -0.284616
  18 42 0.968485
  19 42 2.32532
  20 42 -1.67308
2200 20 840
  1 42 1.12653
  2 42 1.30338
  3 42 0.891643
  4 42 -1.1772
  5 42 0.927612
  6 42 -0.0706558
  7 42 2.59757
  8 42 2.83532
  9 42 -1.26109
  10 42 -0.14471
  11 42 -0.442965
  12 42 0.0265349
  13 42 2.09074
  14 42 1.57017
  15 42 1.39268
  16 42 0.0952701
  17 42 0.629043
  18 42 1.33739
  19 42 2.51683
  20 42 1.29266
2300 20 840
  1 42 0.678118
  2 42 0.287821
  3 42 -1.28831
  4 42 0.932102
  5 42 -1.11723
  6 42 -0.99851
  7 42 0.199945
  8 42 -1.22151
  9 42 1.11348
  10 42 1.24167
  11 42 1.10472
  12 42 -0.0487332
  13 42 0.282854
  14 42 1.70184
  15 42 0.239902
  16 42 -0.228783
  17 42 -1.54641
  18 42 0.813768
  19 42 -2.62519
  20 42 0.583948
2400 20 840
  1 42 0.0688499
  2 42 0.647004
  3 42 -0.450642
  4 42 0.0776024
  5 42 -0.473045
  6 42 -0.904134
  7 42 2.68933
  8 42 -0.0549047
  9 42 -1.48433
  10 42 1.63352
  11 42 -2.82413
  12 42 -0.334709
  13 42 1.2675
  14 42 -0.10588
  15 42 1.34527
  16 42 0.898506
  17 42 0.071488
  18 42 0.190086
  19 42 1.08787
  20 42 0.473705
2500 20 840
  1 42 -0.916565
  2 42 -0.166468
  3 42 -0.349794
  4 42 -0.201577
  5 42 -0.464839
  6 42 -1.17231
  7 42 -0.213945
  8 42 0.235248
  9 42 1.5769
  10 42 0.900248
  11 42 1.6358
  12 42 0.195997
  13 42 0.526828
  14 42 -0.201228
  15 42 0.983572
  16 42 0.928089
  17 42 -0.204621
  18 42 -0.351985
  19 42 0.138391
  20 42 0.106112
2600 20 840
  1 42 -1.01751
  2 42 0.00931303
  3 42 -0.00634671
  4 42 1.86084
  5 42 0.13645
  6 42 -1.90031
  7 42 1.64169
  8 42 -0.729725
  9 42 -0.378212
  10 42 -0.0980451
  11 42 -0.263936
  12 42 -0.54261
  13 42 -0.22004
  14 42 -0.0599584
  15 42 -0.50484
  16 42 -0.12386
  17 42 0.344113
  18 42 -1.39591
  19 42 -1.26841
  20 42 0.843079
2700 20 840
  1 42 0.903136
  2 42 -0.566324
  3 42 0.811947
  4 42 0.169279
  5 42 3.31358
  6 42 2.09619
  7 42 -1.62263
  8 42 -0.880425
  9 42 -1.34249
  10 42 -1.78831
  11 42 2.12788
  12 42 0.574069
  13 42 -0.115111
  14 42 0.654099
  15 42 0.960345
  16 42 2.3807
  17 42 -0.550868
  18 42 1.06622
  19 42 1.129
  20 42 0.288248
2800 20 840
  1 42 0.00925637
  2 42 0.851097
  3 42 4.92392
  4 42 -0.155722
  5 42 1.88462
  6 42 -1.93228
  7 42 -0.980766
  8 42 -0.087016
  9 42 0.388758
  10 42 1.88195
  11 42 0.939484
  12 42 -0.607318
  13 42 -0.89426
  14 42 -2.55291
  15 42 0.549833
  16 42 0.513882
  17 42 -0.862654
  18 42 0.386687
  19 42 -0.627846
  20 42 2.46716
2900 20 840
  1 42 1.21933
  2 42 -0.912898
  3 42 -1.06072
  4 42 1.22639
  5 42 0.412771
  6 42 0.378349
  7 42 0.666271
  8 42 0.177313
  9 42 2.28033
  10 42 0.714443
  11 42 -0.579762
  12 42 -0.623753
  13 42 0.314045
  14 42 -0.326235
  15 42 -1.2253
  16 42 -0.935476
  17 42 -0.548644
  18 42 -0.275131
  19 42 -1.04479
  20 42 -0.791489
3000 20 840
  1 42 -0.697442
  2 42 0.184337
  3 42 -0.136074
  4 42 -0.461279
  5 42 1.5353
  6 42 1.10461
  7 42 0.589274
  8 42 0.0786037
  9 42 1.71222
  10 42 0.728158
  11 42 1.07201
  12 42 1.40024
  13 42 1.03067
  14 42 1.99673
  15 42 -0.908481
  16 42 0.710499
  17 42 0.146531
  18 42 0.18899
  19 42 1.93522
  20 42 0.335587
3100 20 840
  1 42 0.126561
  2 42 2.69758
  3 42 -0.27118
  4 42 1.70413
  5 42 1.49773
  6 42 0.419925
  7 42 -0.0986991
  8 42 -0.92214
  9 42 0.21457
  10 42 -0.525197
  11 42 0.690747
  12 42 0.299544
  13 42 0.515313
  14 42 0.77539
  15 42 -0.848482
  16 42 -1.00308
  17 42 0.702102
  18 42 0.00299981
  19 42 1.65415
  20 42 -1.01492
3200 20 840
  1 42 -0.585667
  2 42 0.77629
  3 42 1.82788
  4 42 0.897269
  5 42 1.40549
  6 42 -1.36903
  7 42 0.546278
  8 42 0.172121
  9 42 -1.00787
  10 42 -0.351129
  11 42 -2.29206
  12 42 -1.5804
  13 42 0.460776
  14 42 -0.332753
  15 42 2.19985
  16 42 -0.763043
  17 42 -0.366074
  18 42 1.35457
  19 42 1.24591
  20 42 0.408346
3300 20 840
  1 42 1.25493
  2 42 0.42756
  3 42 -1.11631
  4 42 -0.525399
  5 42 -1.39522
  6 42 -0.284414
  7 42 0.776656
  8 42 -0.341551
  9 42 1.07683
  10 42 -0.213515
  11 42 1.92436
  12 42 0.977028
  13 42 0.355892
  14 42 -0.394051
  15 42 2.72367
  16 42 0.397564
  17 42 -0.981893
  18 42 0.592724
  19 42 0.304482
  20 42 0.447497
3400 20 840
  1 42 1.30601
  2 42 0.459785
  3 42 -2.18495
  4 42 -0.447806
  5 42 2.42837
  6 42 1.48316
  7 42 -0.204222
  8 42 -0.783054
  9 42 -2.70689
  10 42 -0.631269
  11 42 0.567766
  12 42 0.880393
  13 42 1.43019
  14 42 0.485373
  15 42 -0.872653
  16 42 0.588877
  17 42 -1.88342
  18 42 -0.434127
  19 42 -0.472113
  20 42 -0.778364
3500 20 840
  1 42 -0.81298
  2 42 0.0154617
  3 42 0.261022
  4 42 1.55892
  5 42 -1.48878
  6 42 0.0207519
  7 42 -0.426282
  8 42 -0.614774
  9 42 0.460353
  10 42 1.44007
  11 42 0.655326
  12 42 0.425706
  13 42 -0.219426
  14 42 -0.491234
  15 42 -0.423459
  16 42 -0.125746
  17 42 -0.577758
  18 42 0.0923349
  19 42 -0.905759
  20 42 -0.133374
3600 20 840
  1 42 2.51493
  2 42 -0.505629
  3 42 2.35928
  4 42 -0.492984
  5 42 0.0209125
  6 42 -1.13162
  7 42 0.145636
  8 42 2.47262
  9 42 -0.605229
  10 42 0.455734
  11 42 3.53888
  12 42 -1.55493
  13 42 0.615888
  14 42 -0.635918
  15 42 0.0358192
  16 42 0.423474
  17 42 -1.58082
  18 42 -0.53704
  19 42 -0.514015
  20 42 1.08041
3700 20 840
  1 42 -1.04207
  2 42 1.07213
  3 42 1.04347
  4 42 -0.661495
  5 42 1.14163
  6 42 -0.760084
  7 42 -0.163786
  8 42 -0.288432
  9 42 0.46673
  10 42 2.71825
  11 42 1.9351
  12 42 -1.16954
  13 42 0.630064
  14 42 -0.180434
  15 42 -1.77509
  16 42 0.691864
  17 42 -0.275329
  18 42 0.173697
  19 42 -2.52088
  20 42 1.43016
3800 20 840
  1 42 1.37255
  2 42 -0.0878583
  3 42 1.01708
  4 42 1.98279
  5 42 -1.66587
  6 42 -0.272237
  7 42 -0.793058
  8 42 -0.634848
  9 42 -0.943305
  10 42 2.70985
  11 42 0.805738
  12 42 -1.22689
  13 42 0.773476
  14 42 1.15381
  15 42 -0.0170687
  16 42 0.503684
  17 42 -0.512539
  18 42 0.128728
  19 42 -0.523604
  20 42 0.897566
3900 20 840
  1 42 -0.960013
  2 42 -1.04351
  3 42 0.0612108
  4 42 1.3293
  5 42 -0.62763
  6 42 -0.935067
  7 42 0.34285
  8 42 0.74788
  9 42 2.71815
  10 42 0.229384
  11 42 -0.244781
  12 42 0.11586
  13 42 -1.04278
  14 42 0.405704
  15 42 1.08348
  16 42 -0.0531706
  17 42 0.441584
  18 42 0.719311
  19 42 1.61182
  20 42 -0.718206
4000 20 840
  1 42 -0.387725
  2 42 3.53105
  3 42 1.53812
  4 42 0.122143
  5 42 1.60403
  6 42 0.035975
  7 42 2.8007
  8 42 1.69124
  9 42 -1.03005
  10 42 0.755878
  11 42 -0.915515
  12 42 1.45966
  13 42 -0.424047
  14 42 0.62416
  15 42 0.852952
  16 42 -0.612806
  17 42 -0.720512
  18 42 1.21676
  19 42 1.13026
  20 42 -0.200518
4100 20 840
  1 42 1.41631
  2 42 -2.14371
  3 42 -0.875825
  4 42 1.8488
  5 42 1.60198
  6 42 0.631349
  7 42 0.559938
  8 42 -0.313784
  9 42 -0.0754018
  10 42 -2.84709
  11 42 0.200144
  12 42 0.968633
  13 42 0.731964
  14 42 2.74378
  15 42 -0.993861
  16 42 1.06785
  17 42 -0.185874
  18 42 0.976858
  19 42 -0.56856
  20 42 -0.126203
4200 20 840
  1 42 0.645002
  2 42 2.03181
  3 42 2.86158
  4 42 0.371217
  5 42 2.41055
  6 42 2.03516
  7 42 1.58896
  8 42 -0.432036
  9 42 -0.768239
  10 42 -0.950194
  11 42 -0.0983056
  12 42 -0.110649
  13 42 0.501011
  14 42 0.212162
  15 42 0.606929
  16 42 1.21178
  17 42 0.0613102
  18 42 -0.00473749
  19 42 1.33019
  20 42 1.63174
4300 20 840
  1 42 0.810783
  2 42 1.85952
  3 42 0.247566
  4 42 -0.067278
  5 42 -0.276461
  6 42 0.828716
  7 42 1.68783
  8 42 -0.723348
  9 42 2.1264
  10 42 0.0391225
  11 42 -0.205884
  12 42 -0.0739537
  13 42 0.429258
  14 42 0.268991
  15 42 -0.167693
  16 42 -0.45672
  17 42 -0.148797
  18 42 0.198485
  19 42 0.516755
  20 42 -0.274306
4400 20 840
  1 42 0.807479
  2 42 -0.461867
  3 42 -1.4074
  4 42 0.489814
  5 42 -0.195921
  6 42 0.197525
  7 42 1.14873
  8 42 -0.138286
  9 42 2.4242
  10 42 1.57461
  11 42 0.140233
  12 42 -0.53323
  13 42 1.12777
  14 42 0.596007
  15 42 -0.477998
  16 42 0.650683
  17 42 -0.309221
  18 42 -1.00097
  19 42 0.575865
  20 42 -0.0882734
4500 20 840
  1 42 -0.360747
  2 42 0.81667
  3 42 0.990789
  4 42 -1.61934
  5 42 2.75659
  6 42 -0.382208
  7 42 2.87943
  8 42 -2.2649
  9 42 0.183938
  10 42 1.06108
  11 42 0.723381
  12 42 1.74656
  13 42 -0.066591
  14 42 0.665362
  15 42 -1.04218
  16 42 0.858688
  17 42 0.0373504
  18 42 -1.14487
  19 42 1.93808
  20 42 0.724356
4600 20 840
  1 42 0.761148
  2 42 0.591794
  3 42 1.2815
  4 42 2.0267
  5 42 1.4609
  6 42 -2.00465
  7 42 -1.72389
  8 42 -1.84991
  9 42 -0.376074
  10 42 1.81161
  11 42 1.86609
  12 42 -0.409118
  13 42 0.589689
  14 42 -0.203406
  15 42 1.0691
  16 42 -0.880768
  17 42 1.32419
  18 42 2.26776
  19 42 -0.784455
  20 42 -0.512677
4700 20 840
  1 42 0.069374
  2 42 -0.240137
  3 42 2.06243
  4 42 1.51621
  5 42 -1.27553
  6 42 -0.511979
  7 42 -1.1436
  8 42 1.15782
  9 42 -0.0728467
  10 42 1.78925
  11 42 1.10853
  12 42 -0.080792
  13 42 0.384741
  14 42 -0.178327
  15 42 3.62717
  16 42 -0.370968
  17 42 -0.301877
  18 42 0.482597
  19 42 1.34006
  20 42 1.69869
4800 20 840
  1 42 -0.241637
  2 42 -0.0390345
  3 42 -2.28345
  4 42 -1.53706
  5 42 -0.938314
  6 42 -0.245113
  7 42 0.42212
  8 42 1.8508
  9 42 -2.25119
  10 42 -0.318917
  11 42 0.482891
  12 42 -0.175856
  13 42 -0.248722
  14 42 -0.479446
  15 42 0.194535
  16 42 0.693491
  17 42 -1.53897
  18 42 0.375414
  19 42 -1.5008
  20 42 1.54873
4900 20 840
  1 42 0.0340964
  2 42 2.07936
  3 42 -0.905411
  4 42 0.613512
  5 42 -0.0945402
  6 42 1.05067
  7 42 0.217026
  8 42 0.279497
  9 42 -0.370952
  10 42 -0.401973
  11 42 -0.270555
  12 42 -0.837664
  13 42 -0.198154
  14 42 2.12781
  15 42 -0.0535695
  16 42 -0.178917
  17 42 0.754672
  18 42 0.152891
  19 42 -1.10807
  20 42 -0.661474
5000 20 840
  1 42 -0.375125
  2 42 0.864749
  3 42 1.75496
  4 42 0.706387
  5 42 0.110727
  6 42 0.398724
  7 42 -0.0995561
  8 42 0.687499
  9 42 2.2919
  10 42 -0.923448
  11 42 -0.73257
  12 42 0.289014
  13 42 -0.122487
  14 42 2.22823
  15 42 1.23863
  16 42 0.148271
  17 42 -1.02578
  18 42 0.321755
  19 42 0.112346
  20 42 0.721925
5100 20 840
  1 42 1.32798
  2 42 0.70625
  3 42 -0.544207
  4 42 0.320861
  5 42 -1.11532
  6 42 1.04617
  7 42 2.02256
  8 42 1.33552
  9 42 0.75437
  10 42 -1.66209
  11 42 -0.0786826
  12 42 -0.847022
  13 42 2.09503
  14 42 0.302952
  15 42 -0.236306
  16 42 0.878348
  17 42 -0.370531
  18 42 -0.0818151
  19 42 1.25359
  20 42 0.11493
5200 20 840
  1 42 1.55435
  2 42 1.78203
  3 42 -0.319829
  4 42 -0.615054
  5 42 0.910291
  6 42 0.663757
  7 42 -1.41457
  8 42 -1.47094
  9 42 -1.20427
  10 42 1.70471
  11 42 0.394301
  12 42 1.72368
  13 42 0.329288
  14 42 0.54455
  15 42 0.498367
  16 42 1.07334
  17 42 -1.50138
  18 42 -0.0579394
  19 42 0.299374
  20 42 0.517292
5300 20 840
  1 42 0.285097
  2 42 -1.0514
  3 42 -0.831739
  4 42 0.212582
  5 42 0.57125
  6 42 -1.4062
  7 42 2.11874
  8 42 -0.731575
  9 42 0.703091
  10 42 0.80795
  11 42 -0.558348
  12 42 1.94527
  13 42 0.494472
  14 42 -0.140593
  15 42 0.265109
  16 42 1.67121
  17 42 -0.672787
  18 42 -0.262486
  19 42 -0.487887
  20 42 0.00589953
5400 20 840
  1 42 0.707383
  2 42 0.247661
  3 42 0.81323
  4 42 0.804671
  5 42 0.0877613
  6 42 -1.95181
  7 42 1.89833
  8 42 -1.87045
  9 42 0.562077
  10 42 1.79812
  11 42 2.5117
  12 42 0.633069
  13 42 -0.693036
  14 42 -1.476
  15 42 0.353229
  16 42 0.558185
  17 42 -0.100812
  18 42 -0.498118
  19 42 -1.48496
  20 42 0.143046
5500 20 840
  1 42 -0.214885
  2 42 -0.661802
  3 42 0.79472
  4 42 0.334208
  5 42 1.37096
  6 42 -0.907145
  7 42 1.91505
  8 42 -0.0252247
  9 42 0.472134
  10 42 0.909609
  11 42 2.57956
  12 42 0.26621
  13 42 0.437921
  14 42 -1.01839
  15 42 -0.336878
  16 42 1.57506
  17 42 1.27223
  18 42 -0.482676
  19 42 -0.824022
  20 42 1.19728
5600 20 840
  1 42 1.02104
  2 42 -0.708825
  3 42 2.67542
  4 42 0.933021
  5 42 1.75564
  6 42 -0.608093
  7 42 -2.39047
  8 42 -0.36882
  9 42 -1.17856
  10 42 0.657123
  11 42 1.96996
  12 42 -1.09954
  13 42 -0.406262
  14 42 -1.4321
  15 42 -0.21136
  16 42 -0.073496
  17 42 -0.634167
  18 42 -0.796571
  19 42 -1.60873
  20 42 0.0280056
5700 20 840
  1 42 0.500606
  2 42 1.18787
  3 42 2.69072
  4 42 -0.302987
  5 42 0.394815
  6 42 -0.281418
  7 42 0.917906
  8 42 1.11568
  9 42 2.12204
  10 42 1.4587
  11 42 -0.184982
  12 42 -2.53628
  13 42 -1.50469
  14 42 -1.07668
  15 42 -0.723559
  16 42 -0.367637
  17 42 0.646079
  18 42 -0.676956
  19 42 -0.188828
  20 42 1.2865
5800 20 840
  1 42 0.621613
  2 42 -0.31084
  3 42 0.10093
  4 42 -1.07097
  5 42 0.0366477
  6 42 0.671353
  7 42 0.123358
  8 42 3.70322
  9 42 2.10649
  10 42 0.124673
  11 42 1.44544
  12 42 -1.86953
  13 42 0.476375
  14 42 0.572556
  15 42 -0.547607
  16 42 -0.138887
  17 42 -0.700301
  18 42 0.745296
  19 42 1.588
  20 42 -0.613185
5900 20 840
  1 42 -1.41233
  2 42 -1.25023
  3 42 -1.50628
  4 42 0.0291934
  5 42 -0.925815
  6 42 0.91285
  7 42 1.95184
  8 42 -0.522582
  9 42 0.8279
  10 42 -2.19615
  11 42 -1.50884
  12 42 1.31075
  13 42 -0.991938
  14 42 2.06075
  15 42 1.33137
  16 42 0.183445
  17 42 0.622379
  18 42 0.553668
  19 42 2.54434
  20 42 -0.690707
6000 20 840
  1 42 -0.418522
  2 42 0.939982
  3 42 -0.366556
  4 42 0.336057
  5 42 0.530291
  6 42 0.0911438
  7 42 0.423218
  8 42 -1.88832
  9 42 0.42683
  10 42 0.300321
  11 42 -1.91277
  12 42 -0.00502363
  13 42 0.863722
  14 42 0.152238
  15 42 -0.225059
  16 42 0.636138
  17 42 0.75767
  18 42 1.71178
  19 42 1.58679
  20 42 0.828589
6100 20 840
  1 42 -1.2897
  2 42 0.230045
  3 42 -0.592161
  4 42 0.545665
  5 42 -1.56425
  6 42 -1.57042
  7 42 2.11269
  8 42 -0.125399
  9 42 -2.1428
  10 42 -0.599721
  11 42 -0.786031
  12 42 -0.145148
  13 42 2.70775
  14 42 0.363995
  15 42 1.60521
  16 42 -1.13486
  17 42 1.27635
  18 42 -0.853524
  19 42 1.94694
  20 42 0.424852
6200 20 840
  1 42 -0.000820167
  2 42 -0.557359
  3 42 -1.58183
  4 42 0.798212
  5 42 -1.71751
  6 42 -0.355383
  7 42 -0.880878
  8 42 -0.638688
  9 42 -2.1713
  10 42 0.577716
  11 42 -0.184145
  12 42 0.372478
  13 42 1.6062
  14 42 0.159601
  15 42 3.02607
  16 42 1.0784
  17 42 -0.878363
  18 42 -0.085917
  19 42 -2.01921
  20 42 -0.304044
6300 20 840
  1 42 -0.875026
  2 42 1.07253
  3 42 -1.31998
  4 42 -0.836769
  5 42 0.485597
  6 42 -0.069571
  7 42 1.6101
  8 42 -1.55793
  9 42 -2.76427
  10 42 0.206558
  11 42 -0.965872
  12 42 1.63998
  13 42 2.66854
  14 42 0.345828
  15 42 -1.28815
  16 42 -0.114392
  17 42 -0.326324
  18 42 -0.0991106
  19 42 -1.64322
  20 42 -0.683288
6400 20 840
  1 42 0.883652
  2 42 1.59585
  3 42 1.68749
  4 42 0.0154257
  5 42 1.3356
  6 42 -0.360237
  7 42 -2.16827
  8 42 -1.24071
  9 42 2.29068
  10 42 1.00393
  11 42 1.85928
  12 42 1.69224
  13 42 1.07173
  14 42 -0.24267
  15 42 0.949898
  16 42 0.145363
  17 42 -1.20035
  18 42 -0.63516
  19 42 -0.794095
  20 42 -0.450094
6500 20 840
  1 42 0.986073
  2 42 0.0800571
  3 42 2.61494
  4 42 0.219173
  5 42 -1.02693
  6 42 -0.16935
  7 42 0.865148
  8 42 0.928031
  9 42 1.36532
  10 42 1.81013
  11 42 0.48108
  12 42 0.735637
  13 42 0.67499
  14 42 -0.813286
  15 42 -0.222199
  16 42 0.65381
  17 42 0.320601
  18 42 0.0568903
  19 42 -1.85533
  20 42 -0.244289
6600 20 840
  1 42 2.54324
  2 42 1.14641
  3 42 0.143735
  4 42 0.0278203
  5 42 1.04131
  6 42 0.967644
  7 42 -1.99579
  8 42 1.62895
  9 42 -3.8039
  10 42 -0.285659
  11 42 2.63185
  12 42 -1.27811
  13 42 0.856412
  14 42 -0.545959
  15 42 -0.571941
  16 42 -0.0562774
  17 42 -0.532815
  18 42 -0.721275
  19 42 -0.542144
  20 42 -0.766511
6700 20 840
  1 42 1.30492
  2 42 -0.450104
  3 42 0.00989255
  4 42 0.585432
  5 42 4.15212
  6 42 1.20339
  7 42 0.180476
  8 42 1.07082
  9 42 0.407848
  10 42 -0.114261
  11 42 0.613379
  12 42 -1.27236
  13 42 -0.376972
  14 42 1.34177
  15 42 -1.26605
  16 42 0.745322
  17 42 0.108729
  18 42 -0.630496
  19 42 0.0678737
  20 42 0.796854
6800 20 840
  1 42 -0.256559
  2 42 -0.360248
  3 42 0.175423
  4 42 1.93453
  5 42 -0.374736
  6 42 0.0129496
  7 42 2.48889
  8 42 -1.03602
  9 42 2.9106
  10 42 -0.0378438
  11 42 -0.610031
  12 42 0.180003
  13 42 -3.03928
  14 42 0.983392
  15 42 0.280351
  16 42 -0.132959
  17 42 0.338241
  18 42 1.01461
  19 42 0.0333473
  20 42 -0.0890237
6900 20 840
  1 42 -0.140109
  2 42 0.453717
  3 42 -0.657817
  4 42 0.745344
  5 42 0.340945
  6 42 -0.527023
  7 42 3.69358
  8 42 0.783015
  9 42 2.81325
  10 42 -2.11122
  11 42 0.805842
  12 42 -0.43588
  13 42 -0.443381
  14 42 -1.16575
  15 42 1.89621
  16 42 1.13582
  17 42 1.07214
  18 42 0.526283
  19 42 3.02949
  20 42 0.935795
7000 20 840
  1 42 -0.362135
  2 42 -0.762088
  3 42 1.87803
  4 42 -0.137382
  5 42 1.18461
  6 42 0.418461
  7 42 -1.55914
  8 42 -1.97208
  9 42 0.942248
  10 42 -0.219236
  11 42 -0.1899
  12 42 0.0755344
  13 42 0.357696
  14 42 0.583329
  15 42 1.1071
  16 42 -0.365074
  17 42 1.03121
  18 42 0.481028
  19 42 1.47163
  20 42 0.358499
7100 20 840
  1 42 0.785771
  2 42 -0.88896
  3 42 1.53112
  4 42 1.24928
  5 42 1.26959
  6 42 0.698212
  7 42 3.02263
  8 42 -0.973225
  9 42 -0.426331
  10 42 -0.499034
  11 42 -1.72797
  12 42 -0.446207
  13 42 0.425072
  14 42 1.39647
  15 42 -0.737588
  16 42 -1.50325
  17 42 -0.353862
  18 42 -0.14874
  19 42 1.66228
  20 42 -0.376069
7200 20 840
  1 42 -0.0253944
  2 42 1.28056
  3 42 1.03058
  4 42 0.694433
  5 42 -1.2713
  6 42 -0.635405
  7 42 -0.904328
  8 42 0.604959
  9 42 3.35528
  10 42 0.5904
  11 42 0.00172257
  12 42 0.167209
  13 42 1.07417
  14 42 -0.713791
  15 42 -0.357366
  16 42 0.406968
  17 42 0.563138
  18 42 0.807185
  19 42 -2.0847
  20 42 0.00150207
7300 20 840
  1 42 0.385846
  2 42 0.890279
  3 42 1.80855
  4 42 -0.309091
  5 42 -2.35994
  6 42 0.0424584
  7 42 3.08167
  8 42 1.75336
  9 42 0.140872
  10 42 -1.72699
  11 42 -0.37841
  12 42 1.32077
  13 42 0.275375
  14 42 0.337474
  15 42 -0.0305147
  16 42 0.667801
  17 42 1.20952
  18 42 -0.497637
  19 42 0.134588
  20 42 0.281222
7400 20 840
  1 42 0.429326
  2 42 0.00399176
  3 42 -1.46375
  4 42 0.740333
  5 42 3.08082
  6 42 -0.115333
  7 42 -0.793592
  8 42 -0.526349
  9 42 1.88988
  10 42 0.958245
  11 42 -0.587111
  12 42 0.137756
  13 42 -1.09199
  14 42 -0.482104
  15 42 -0.632986
  16 42 0.356977
  17 42 0.0486055
  18 42 0.491961
  19 42 -1.70455
  20 42 0.083692
7500 20 840
  1 42 0.9065
  2 42 2.13204
  3 42 -0.763354
  4 42 0.495752
  5 42 -0.747784
  6 42 0.403755
  7 42 -0.516416
  8 42 0.581241
  9 42 -1.14909
  10 42 2.3212
  11 42 0.377174
  12 42 0.207556
  13 42 2.39596
  14 42 0.447819
  15 42 2.55531
  16 42 -0.847055
  17 42 0.537771
  18 42 -0.438556
  19 42 0.543418
  20 42 0.271531
7600 20 840
  1 42 0.874658
  2 42 -0.67635
  3 42 -0.719796
  4 42 0.0295878
  5 42 -3.67064
  6 42 -0.771292
  7 42 -1.12468
  8 42 1.85259
  9 42 -0.98282
  10 42 -0.100479
  11 42 1.8538
  12 42 0.704136
  13 42 -0.500306
  14 42 -0.610131
  15 42 2.8146
  16 42 0.289323
  17 42 0.285403
  18 42 -0.136858
  19 42 -0.473534
  20 42 -0.915326
7700 20 840
  1 42 -0.520377
  2 42 0.62534
  3 42 -3.28522
  4 42 -0.0555969
  5 42 -1.266
  6 42 0.748049
  7 42 0.224263
  8 42 1.44628
  9 42 -2.76163
  10 42 0.910423
  11 42 -0.729848
  12 42 -0.180814
  13 42 0.149259
  14 42 1.25492
  15 42 -0.442956
  16 42 0.128687
  17 42 1.44525
  18 42 0.215089
  19 42 -0.486012
  20 42 0.0184649
7800 20 840
  1 42 -0.760053
  2 42 1.09382
  3 42 0.986129
  4 42 -0.292725
  5 42 2.58874
  6 42 0.575317
  7 42 -0.165907
  8 42 -1.39359
  9 42 2.63039
  10 42 -0.861309
  11 42 -0.636833
  12 42 -0.111825
  13 42 -0.352868
  14 42 2.05294
  15 42 0.550393
  16 42 -0.13884
  17 42 -0.0303991
  18 42 -0.692549
  19 42 1.16352
  20 42 0.172229
7900 20 840
  1 42 -1.4249
  2 42 1.04036
  3 42 -0.00411111
  4 42 0.0738837
  5 42 -0.707411
  6 42 0.0352095
  7 42 2.33186
  8 42 -0.61494
  9 42 1.12688
  10 42 -0.303907
  11 42 0.277806
  12 42 0.119539
  13 42 -0.236425
  14 42 0.802044
  15 42 -0.305844
  16 42 -0.234333
  17 42 0.790813
  18 42 -0.172826
  19 42 -1.31682
  20 42 0.777878
8000 20 840
  1 42 -0.264084
  2 42 -0.207964
  3 42 1.87327
  4 42 0.491992
  5 42 -1.74319
  6 42 0.600737
  7 42 -2.08205
  8 42 0.0792049
  9 42 -0.607563
  10 42 -0.791771
  11 42 -0.0716077
  12 42 -0.800751
  13 42 0.0484117
  14 42 0.135971
  15 42 1.44277
  16 42 -0.174696
  17 42 -0.700095
  18 42 -0.651028
  19 42 -0.145633
  20 42 0.325302
8100 20 840
  1 42 0.428414
  2 42 0.0880807
  3 42 0.322412
  4 42 -1.12446
  5 42 2.33765
  6 42 0.317808
  7 42 2.61345
  8 42 -0.311077
  9 42 -1.26424
  10 42 -0.929084
  11 42 0.708882
  12 42 0.111811
  13 42 0.521457
  14 42 -2.2287
  15 42 0.31231
  16 42 0.426534
  17 42 0.882396
  18 42 -0.442393
  19 42 1.27043
  20 42 -0.582521
8200 20 840
  1 42 2.77116
  2 42 1.06254
  3 42 0.635898
  4 42 -0.679178
  5 42 2.7215
  6 42 0.979863
  7 42 1.08415
  8 42 -0.762829
  9 42 0.927452
  10 42 0.569005
  11 42 -2.1346
  12 42 0.491815
  13 42 -0.709039
  14 42 0.836837
  15 42 -1.22215
  16 42 -0.207313
  17 42 -0.913654
  18 42 1.24438
  19 42 1.35578
  20 42 -0.724284
8300 20 840
  1 42 1.33114
  2 42 -0.954151
  3 42 -1.07221
  4 42 0.709567
  5 42 0.629817
  6 42 -1.77851
  7 42 2.04028
  8 42 -1.43219
  9 42 4.75045
  10 42 0.0586165
  11 42 1.28318
  12 42 1.54375
  13 42 -2.17891
  14 42 -0.888593
  15 42 1.82339
  16 42 0.0364672
  17 42 0.552344
  18 42 0.180044
  19 42 0.030947
  20 42 -0.869979
8400 20 840
  1 42 2.21862
  2 42 -0.912834
  3 42 -1.3445
  4 42 -0.510282
  5 42 0.645728
  6 42 0.316699
  7 42 0.30226
  8 42 0.645707
  9 42 -2.36339
  10 42 0.53121
  11 42 2.44781
  12 42 0.213023
  13 42 1.59427
  14 42 -1.73131
  15 42 1.78952
  16 42 -0.00624204
  17 42 2.10783
  18 42 0.228172
  19 42 2.68245
  20 42 0.221427
8500 20 840
  1 42 0.587046
  2 42 0.171388
  3 42 1.26913
  4 42 0.0852837
  5 42 0.611892
  6 42 0.667589
  7 42 0.358528
  8 42 0.519273
  9 42 -1.73235
  10 42 1.98259
  11 42 -0.112278
  12 42 -0.909884
  13 42 0.546356
  14 42 -0.445705
  15 42 -0.210452
  16 42 -0.454547
  17 42 0.906566
  18 42 -0.282843
  19 42 -1.53723
  20 42 0.145505
8600 20 840
  1 42 0.656174
  2 42 -1.15533
  3 42 1.4459
  4 42 1.62798
  5 42 -1.83537
  6 42 0.579755
  7 42 -0.981603
  8 42 2.14598
  9 42 1.68344
  10 42 0.584235
  11 42 2.0901
  12 42 -2.1513
  13 42 0.872622
  14 42 0.251462
  15 42 -0.408681
  16 42 -0.280603
  17 42 -0.994096
  18 42 -0.826117
  19 42 -0.69929
  20 42 -0.442134
8700 20 840
  1 42 -1.08106
  2 42 0.0960523
  3 42 -0.983372
  4 42 -0.510819
  5 42 -3.28283
  6 42 0.123004
  7 42 0.0752351
  8 42 1.84158
  9 42 -0.285676
  10 42 -0.946695
  11 42 0.336116
  12 42 0.771916
  13 42 1.83446
  14 42 0.56823
  15 42 -0.753464
  16 42 -0.153626
  17 42 0.197743
  18 42 0.26069
  19 42 1.82654
  20 42 -0.0313157
8800 20 840
  1 42 -0.759776
  2 42 0.579281
  3 42 1.09957
  4 42 -0.455756
  5 42 -0.131559
  6 42 -0.321348
  7 42 -1.43467
  8 42 -0.377044
  9 42 2.38254
  10 42 -1.00026
  11 42 0.313257
  12 42 1.53707
  13 42 -0.486576
  14 42 0.389634
  15 42 2.58039
  16 42 0.34119
  17 42 0.538823
  18 42 0.191149
  19 42 0.575255
  20 42 -0.233213
8900 20 840
  1 42 0.207477
  2 42 -0.81775
  3 42 -1.61417
  4 42 0.725748
  5 42 1.56321
  6 42 0.532423
  7 42 -1.87099
  8 42 -0.286073
  9 42 -1.5542
  10 42 -0.57416
  11 42 -1.64011
  12 42 0.448177
  13 42 3.08107
  14 42 0.513832
  15 42 0.549067
  16 42 -0.0254056
  17 42 0.217003
  18 42 -0.41035
  19 42 -0.385416
  20 42 -0.32013
9000 20 840
  1 42 -1.03214
  2 42 0.145933
  3 42 2.28219
  4 42 -0.173077
  5 42 -0.0184079
  6 42 -0.518182
  7 42 1.24173
  8 42 -0.471184
  9 42 1.75868
  10 42 -0.509805
  11 42 -1.7787
  12 42 0.476349
  13 42 1.53318
  14 42 -0.328459
  15 42 2.1728
  16 42 0.474439
  17 42 0.515158
  18 42 0.272137
  19 42 -0.209361
  20 42 0.357249
9100 20 840
  1 42 0.674012
  2 42 0.14961
  3 42 -0.845364
  4 42 0.976085
  5 42 -0.36511
  6 42 -0.781008
  7 42 1.25172
  8 42 0.116649
  9 42 -2.37448
  10 42 -0.618064
  11 42 0.159841
  12 42 0.104099
  13 42 0.625721
  14 42 -0.0876215
  15 42 0.751996
  16 42 0.584665
  17 42 0.350428
  18 42 -0.516441
  19 42 -1.22639
  20 42 0.177505
9200 20 840
  1 42 -2.08632
  2 42 -0.370483
  3 42 -2.03734
  4 42 -0.327719
  5 42 3.92921
  6 42 -0.63141
  7 42 1.43368
  8 42 0.291984
  9 42 2.36288
  10 42 -2.05854
  11 42 -2.35503
  12 42 -1.102
  13 42 1.11751
  14 42 0.70892
  15 42 -1.53655
  16 42 0.955065
  17 42 0.477613
  18 42 0.534603
  19 42 -0.825873
  20 42 0.103586
9300 20 840
  1 42 -0.347604
  2 42 1.04768
  3 42 -0.948983
  4 42 0.0301985
  5 42 1.67704
  6 42 0.829562
  7 42 1.52937
  8 42 -0.830191
  9 42 1.90862
  10 42 1.02899
  11 42 -0.709671
  12 42 0.896368
  13 42 -0.817789
  14 42 -0.641724
  15 42 -0.471164
  16 42 0.361391
  17 42 0.317201
  18 42 0.587787
  19 42 -1.54425
  20 42 -0.0304939
9400 20 840
  1 42 0.0815703
  2 42 -1.10808
  3 42 0.644325
  4 42 0.065483
  5 42 -3.05491
  6 42 -0.553012
  7 42 -1.9081
  8 42 1.96461
  9 42 1.36607
  10 42 -0.640394
  11 42 -0.664883
  12 42 -0.0927635
  13 42 -1.60608
  14 42 -0.238431
  15 42 0.67164
  16 42 -0.355326
  17 42 -0.454772
  18 42 -0.534017
  19 42 -1.92857
  20 42 -0.289555
9500 20 840
  1 42 0.366571
  2 42 0.00404082
  3 42 0.0679491
  4 42 -1.28881
  5 42 0.468708
  6 42 0.239323
  7 42 -2.70201
  8 42 2.7672
  9 42 -3.15957
  10 42 -0.0884255
  11 42 2.23845
  12 42 -0.425297
  13 42 1.50524
  14 42 -0.761911
  15 42 0.783462
  16 42 -0.857441
  17 42 0.834447
  18 42 0.429534
  19 42 0.332622
  20 42 -0.555755
9600 20 840
  1 42 2.0348
  2 42 -0.337458
  3 42 -2.41536
  4 42 0.871674
  5 42 0.90234
  6 42 0.353122
  7 42 -0.16151
  8 42 -0.972552
  9 42 -1.82584
  10 42 0.783393
  11 42 0.398905
  12 42 0.639735
  13 42 0.935567
  14 42 1.07309
  15 42 -0.896827
  16 42 -0.63834
  17 42 0.298628
  18 42 0.0862897
  19 42 1.45835
  20 42 0.0879496
9700 20 840
  1 42 1.09101
  2 42 0.981933
  3 42 0.298725
  4 42 0.56957
  5 42 -1.05775
  6 42 0.235258
  7 42 -1.27247
  8 42 -0.251499
  9 42 2.70694
  10 42 0.41873
  11 42 2.02104
  12 42 0.104605
  13 42 0.0335067
  14 42 0.81693
  15 42 -0.0159724
  16 42 -0.437597
  17 42 -0.536948
  18 42 0.287945
  19 42 0.133618
  20 42 0.87761
9800 20 840
  1 42 1.10127
  2 42 -0.555711
  3 42 0.659052
  4 42 0.0223727
  5 42 -1.57617
  6 42 -0.111654
  7 42 -1.23879
  8 42 -0.583902
  9 42 1.59194
  10 42 -1.02505
  11 42 1.84136
  12 42 0.812095
  13 42 0.93158
  14 42 0.317859
  15 42 4.06705
  16 42 1.40151
  17 42 -0.10985
  18 42 0.0100044
  19 42 1.82727
  20 42 -0.504995
9900 20 840
  1 42 -0.360471
  2 42 -0.242814
  3 42 -1.23541
  4 42 -0.854701
  5 42 -0.643883
  6 42 -0.13442
  7 42 2.04945
  8 42 -0.456646
  9 42 -0.682297
  10 42 1.49728
  11 42 1.22684
  12 42 -0.364233
  13 42 2.34327
  14 42 0.355387
  15 42 0.50907
  16 42 0.0950457
  17 42 1.03719
  18 42 0.325608
  19 42 -0.0300458
  20 42 0.234904
10000 20 840
  1 42 0.906223
  2 42 0.206347
  3 42 1.69238
  4 42 -0.113965
  5 42 2.62872
  6 42 1.28847
  7 42 1.31218
  8 42 1.53375
  9 42 0.101704
  10 42 -0.159007
  11 42 -2.15804
  12 42 -0.110094
  13 42 0.835282
  14 42 1.90266
  15 42 0.0843454
  16 42 0.169935
  17 42 -0.401902
  18 42 -0.504231
  19 42 2.28102
  20 42 -0.223184
