# Chunk-averaged data for fix bowForces and group all
# Timestep Number-of-chunks Total-count
# Chunk Ncount c_bowComp
0 20 840
  1 42 0.171636
  2 42 0.171636
  3 42 0.171636
  4 42 0.171636
  5 42 0.171636
  6 42 0.171636
  7 42 0.171636
  8 42 0.171636
  9 42 0.171636
  10 42 0.171636
  11 42 0.171636
  12 42 0.171636
  13 42 0.171636
  14 42 0.171636
  15 42 0.171636
  16 42 0.171636
  17 42 0.171636
  18 42 0.171636
  19 42 0.171636
  20 42 0.171636
100 20 840
  1 42 0.77995
  2 42 0.387976
  3 42 -0.659172
  4 42 0.589839
  5 42 1.6012
  6 42 1.5258
  7 42 0.494088
  8 42 -0.573107
  9 42 0.611575
  10 42 0.155207
  11 42 0.767853
  12 42 1.20349
  13 42 0.437141
  14 42 1.53418
  15 42 -1.45631
  16 42 -1.01356
  17 42 0.335162
  18 42 0.0135751
  19 42 0.606382
  20 42 -0.638248
200 20 840
  1 42 0.472081
  2 42 0.62204
  3 42 1.66096
  4 42 0.478037
  5 42 1.39044
  6 42 0.348865
  7 42 0.606773
  8 42 -0.25573
  9 42 1.05323
  10 42 -0.272374
  11 42 -0.189095
  12 42 -0.154757
  13 42 0.241322
  14 42 0.598556
  15 42 0.51998
  16 42 -0.156957
  17 42 2.223
  18 42 0.598302
  19 42 2.53014
  20 42 -0.15897
300 20 840
  1 42 0.558283
  2 42 1.45702
  3 42 -0.475843
  4 42 -0.159615
  5 42 0.322794
  6 42 -0.812352
  7 42 1.24281
  8 42 -0.233491
  9 42 0.821035
  10 42 0.679018
  11 42 -0.812959
  12 42 -1.16509
  13 42 -0.376675
  14 42 -0.146387
  15 42 -0.711893
  16 42 0.967912
  17 42 -0.371641
  18 42 1.48092
  19 42 -0.84224
  20 42 0.432773
400 20 840
  1 42 1.07148
  2 42 0.363237
  3 42 2.77021
  4 42 -0.68261
  5 42 2.36483
  6 42 -0.763794
  7 42 1.06891
  8 42 -0.990047
  9 42 0.951659
  10 42 -1.52965
  11 42 1.33688
  12 42 0.358113
  13 42 -1.49001
  14 42 -0.416465
  15 42 1.03345
  16 42 1.58777
  17 42 -0.49342
  18 42 0.768457
  19 42 -1.05484
  20 42 0.863279
500 20 840
  1 42 1.76352
  2 42 -0.372662
  3 42 0.330576
  4 42 0.183504
  5 42 0.898082
  6 42 2.38133
  7 42 -0.8486
  8 42 0.305923
  9 42 -0.124545
  10 42 -0.772591
  11 42 1.21797
  12 42 0.678539
  13 42 0.403932
  14 42 -0.0191811
  15 42 -0.780973
  16 42 0.0576322
  17 42 -0.813384
  18 42 0.721684
  19 42 -0.144204
  20 42 -0.488552
600 20 840
  1 42 -1.56895
  2 42 0.0743002
  3 42 -0.77772
  4 42 0.612798
  5 42 -0.0356566
  6 42 -1.10256
  7 42 -0.711931
  8 42 0.267532
  9 42 -1.4825
  10 42 1.0929
  11 42 0.75526
  12 42 0.240928
  13 42 0.317999
  14 42 -0.75906
  15 42 -1.40755
  16 42 -0.0164459
  17 42 -1.10128
  18 42 -1.61819
  19 42 -0.440882
  20 42 0.295698
700 20 840
  1 42 -0.750637
  2 42 0.773319
  3 42 0.808429
  4 42 0.0375393
  5 42 -0.492137
  6 42 -0.810288
  7 42 -0.287284
  8 42 0.444898
  9 42 -0.948095
  10 42 0.558357
  11 42 1.76018
  12 42 -0.951993
  13 42 -0.616562
  14 42 -0.837895
  15 42 0.392563
  16 42 0.927627
  17 42 0.224772
  18 42 -1.40881
  19 42 -0.00883726
  20 42 -0.661215
800 20 840
  1 42 -0.37224
  2 42 -0.797428
  3 42 -1.17876
  4 42 -0.224787
  5 42 -0.972194
  6 42 0.115049
  7 42 -1.86975
  8 42 0.641387
  9 42 0.421782
  10 42 1.60943
  11 42 0.986469
  12 42 -1.73077
  13 42 0.831127
  14 42 0.853559
  15 42 -1.09962
  16 42 -0.0383055
  17 42 0.554388
  18 42 0.136212
  19 42 -0.0991864
  20 42 0.390764
900 20 840
  1 42 0.241908
  2 42 -0.479177
  3 42 -0.909864
  4 42 0.324615
  5 42 -0.676796
  6 42 -0.0809685
  7 42 0.592705
  8 42 -0.621922
  9 42 0.8285
  10 42 1.02558
  11 42 1.60148
  12 42 -1.04261
  13 42 -1.80034
  14 42 0.119007
  15 42 1.8555
  16 42 -0.413888
  17 42 -0.843908
  18 42 -0.0721964
  19 42 1.22205
  20 42 -0.375471
1000 20 840
  1 42 0.432357
  2 42 -0.310739
  3 42 0.378561
  4 42 -0.0610581
  5 42 -1.88096
  6 42 -0.251357
  7 42 0.281353
  8 42 1.32492
  9 42 0.260084
  10 42 1.25831
  11 42 0.28963
  12 42 1.02543
  13 42 1.03069
  14 42 0.278622
  15 42 0.895229
  16 42 0.491913
  17 42 0.911829
  18 42 0.767108
  19 42 1.78152
  20 42 -0.00629903
1100 20 840
  1 42 0.907361
  2 42 -0.496438
  3 42 -0.871196
  4 42 0.279253
  5 42 -0.225923
  6 42 0.408074
  7 42 0.446754
  8 42 1.04811
  9 42 0.514642
  10 42 -0.134402
  11 42 -0.190221
  12 42 2.4781
  13 42 1.17282
  14 42 0.281639
  15 42 -0.780306
  16 42 -0.863548
  17 42 0.205613
  18 42 0.612595
  19 42 1.66059
  20 42 -0.407166
1200 20 840
  1 42 0.803972
  2 42 0.314368
  3 42 -0.399955
  4 42 0.705897
  5 42 1.49415
  6 42 0.96564
  7 42 2.53244
  8 42 -0.0740227
  9 42 -1.61356
  10 42 0.210768
  11 42 -2.41182
  12 42 1.13315
  13 42 -0.804342
  14 42 0.133157
  15 42 -0.0153198
  16 42 -0.295159
  17 42 0.997345
  18 42 -0.0625668
  19 42 1.38605
  20 42 -0.321926
1300 20 840
  1 42 -0.449907
  2 42 0.152317
  3 42 0.0804397
  4 42 0.216246
  5 42 -0.519983
  6 42 0.837559
  7 42 -0.113269
  8 42 -0.603981
  9 42 -0.0714282
  10 42 -0.970185
  11 42 0.276935
  12 42 0.0968011
  13 42 0.422146
  14 42 0.668444
  15 42 0.114441
  16 42 0.549789
  17 42 0.430941
  18 42 1.64582
  19 42 -0.10642
  20 42 0.293751
1400 20 840
  1 42 -0.666
  2 42 1.65164
  3 42 1.47478
  4 42 -0.192862
  5 42 0.300018
  6 42 -0.902988
  7 42 2.14605
  8 42 0.0311255
  9 42 0.689459
  10 42 -1.21594
  11 42 -0.606446
  12 42 -0.741878
  13 42 0.0295754
  14 42 -0.874439
  15 42 2.04451
  16 42 -0.0769404
  17 42 0.169933
  18 42 -0.220859
  19 42 -0.569057
  20 42 -0.34437
1500 20 840
  1 42 -1.19266
  2 42 0.0680333
  3 42 -1.40915
  4 42 0.0607402
  5 42 1.3541
  6 42 -0.39165
  7 42 -0.038656
  8 42 -1.4011
  9 42 2.37265
  10 42 0.886745
  11 42 -0.668845
  12 42 1.43902
  13 42 0.11966
  14 42 0.388055
  15 42 0.310271
  16 42 0.523681
  17 42 0.172209
  18 42 0.0351758
  19 42 -0.236366
  20 42 -0.316044
1600 20 840
  1 42 1.36816
  2 42 -0.717913
  3 42 1.68942
  4 42 0.26363
  5 42 2.52966
  6 42 0.538189
  7 42 0.625153
  8 42 0.386768
  9 42 0.267671
  10 42 -0.824604
  11 42 1.23643
  12 42 -0.0132572
  13 42 0.858451
  14 42 0.407898
  15 42 -1.71042
  16 42 1.48908
  17 42 -1.28374
  18 42 -0.506294
  19 42 0.888817
  20 42 0.915326
1700 20 840
  1 42 -0.47454
  2 42 0.489681
  3 42 0.923456
  4 42 1.76796
  5 42 0.484892
  6 42 -1.07271
  7 42 -1.61834
  8 42 -0.855351
  9 42 0.345898
  10 42 0.080079
  11 42 0.883654
  12 42 -0.92609
  13 42 0.0400966
  14 42 -0.793508
  15 42 1.29689
  16 42 1.44224
  17 42 -0.205197
  18 42 0.295899
  19 42 -1.39455
  20 42 -0.593838
1800 20 840
  1 42 1.04991
  2 42 -0.888267
  3 42 -0.363362
  4 42 -0.360345
  5 42 -0.709912
  6 42 -1.13025
  7 42 -0.286958
  8 42 -0.595304
  9 42 1.16203
  10 42 0.683679
  11 42 2.7837
  12 42 -0.322392
  13 42 -0.391908
  14 42 0.167039
  15 42 1.11072
  16 42 1.20986
  17 42 -0.675785
  18 42 0.644655
  19 42 -0.997729
  20 42 1.30131
1900 20 840
  1 42 0.463329
  2 42 -0.00764003
  3 42 0.490982
  4 42 -0.887691
  5 42 -0.168422
  6 42 0.237915
  7 42 0.0598264
  8 42 0.0695316
  9 42 -0.548414
  10 42 -0.319542
  11 42 2.61556
  12 42 -0.168267
  13 42 -0.566442
  14 42 -0.101749
  15 42 0.0144021
  16 42 1.09586
  17 42 0.039393
  18 42 -0.231796
  19 42 0.323305
  20 42 1.94615
2000 20 840
  1 42 1.19452
  2 42 0.988695
  3 42 -0.000196285
  4 42 0.859267
  5 42 -0.647602
  6 42 0.840532
  7 42 -1.07131
  8 42 0.599859
  9 42 0.114097
  10 42 1.59734
  11 42 -0.867601
  12 42 -1.11173
  13 42 0.490994
  14 42 0.206198
  15 42 -0.510182
  16 42 -0.509008
  17 42 -2.25465
  18 42 -0.441471
  19 42 -1.17715
  20 42 1.15468
2100 20 840
  1 42 1.05512
  2 42 1.17342
  3 42 -0.069163
  4 42 0.83483
  5 42 -1.79999
  6 42 -0.21054
  7 42 0.761009
  8 42 1.01385
  9 42 -0.892088
  10 42 0.83498
  11 42 0.903812
  12 42 0.447458
  13 42 -0.249997
  14 42 0.698674
  15 42 0.657069
  16 42 -1.33932
  17 42 0.254565
  18 42 0.886438
  19 42 2.20415
  20 42 -1.18486
2200 20 840
  1 42 1.11112
  2 42 0.2779
  3 42 0.580246
  4 42 -0.688787
  5 42 0.889782
  6 42 -1.0128
  7 42 2.4137
  8 42 2.65094
  9 42 -1.3085
  10 42 0.593267
  11 42 -1.01241
  12 42 -0.191413
  13 42 2.17302
  14 42 0.649399
  15 42 1.16976
  16 42 -0.180502
  17 42 0.860136
  18 42 0.20318
  19 42 2.29808
  20 42 0.756592
2300 20 840
  1 42 0.408534
  2 42 0.501744
  3 42 -1.41814
  4 42 0.358384
  5 42 -1.42536
  6 42 -1.29964
  7 42 0.459405
  8 42 -0.490055
  9 42 1.10886
  10 42 0.999027
  11 42 -0.658216
  12 42 -0.290301
  13 42 0.330561
  14 42 1.0608
  15 42 -0.174186
  16 42 -0.574624
  17 42 -0.915674
  18 42 0.905533
  19 42 -2.21789
  20 42 0.733641
2400 20 840
  1 42 0.0020842
  2 42 1.16081
  3 42 -0.38719
  4 42 -0.08535
  5 42 0.324284
  6 42 -1.12263
  7 42 2.42548
  8 42 -0.263602
  9 42 -1.06404
  10 42 0.217113
  11 42 -2.19909
  12 42 -0.407846
  13 42 0.66954
  14 42 1.01504
  15 42 1.60542
  16 42 0.779472
  17 42 0.253535
  18 42 0.491221
  19 42 1.04433
  20 42 0.742471
2500 20 840
  1 42 -1.0756
  2 42 0.103577
  3 42 -0.386204
  4 42 0.342923
  5 42 -0.521505
  6 42 -0.950224
  7 42 -0.123176
  8 42 0.158136
  9 42 1.89914
  10 42 0.0409355
  11 42 0.470549
  12 42 0.107127
  13 42 -0.010923
  14 42 0.380619
  15 42 0.121005
  16 42 0.824483
  17 42 -0.288943
  18 42 -0.759458
  19 42 -0.0380146
  20 42 -0.102315
2600 20 840
  1 42 -0.390057
  2 42 0.287636
  3 42 -0.306833
  4 42 1.91775
  5 42 -0.859952
  6 42 -1.31814
  7 42 0.823177
  8 42 -0.319002
  9 42 0.25705
  10 42 -0.187217
  11 42 -0.279638
  12 42 0.216086
  13 42 0.788027
  14 42 -0.568759
  15 42 0.0313288
  16 42 0.0808206
  17 42 0.619243
  18 42 -1.23158
  19 42 -1.13467
  20 42 0.090718
2700 20 840
  1 42 0.713264
  2 42 -0.381042
  3 42 0.535999
  4 42 1.22552
  5 42 2.93545
  6 42 3.08819
  7 42 -0.41123
  8 42 -0.923357
  9 42 -1.05801
  10 42 -1.40993
  11 42 2.52527
  12 42 0.382734
  13 42 0.754086
  14 42 0.568465
  15 42 0.928111
  16 42 1.52538
  17 42 0.0299961
  18 42 0.940725
  19 42 1.13522
  20 42 -0.341197
2800 20 840
  1 42 0.671799
  2 42 0.98577
  3 42 3.36922
  4 42 -0.620889
  5 42 2.00782
  6 42 -2.12542
  7 42 -0.567604
  8 42 -0.346478
  9 42 0.218232
  10 42 1.08231
  11 42 1.33048
  12 42 -0.559635
  13 42 -0.551879
  14 42 -1.13521
  15 42 0.454057
  16 42 1.17977
  17 42 -0.864797
  18 42 -0.0920065
  19 42 -0.56044
  20 42 1.61264
2900 20 840
  1 42 0.981916
  2 42 -0.757394
  3 42 -0.972026
  4 42 1.07177
  5 42 -0.234171
  6 42 -0.804924
  7 42 0.592457
  8 42 -0.243516
  9 42 3.83022
  10 42 0.120693
  11 42 2.2693
  12 42 -0.525702
  13 42 -0.395575
  14 42 -0.757123
  15 42 -0.603314
  16 42 -0.704268
  17 42 -0.894956
  18 42 -0.0686755
  19 42 -0.164046
  20 42 -0.290905
3000 20 840
  1 42 -0.523769
  2 42 -0.635421
  3 42 -0.368102
  4 42 -0.869992
  5 42 0.619339
  6 42 1.05833
  7 42 -0.555541
  8 42 0.249698
  9 42 0.992176
  10 42 0.904192
  11 42 0.960886
  12 42 1.38809
  13 42 1.94944
  14 42 0.894091
  15 42 -0.55109
  16 42 0.146983
  17 42 0.463628
  18 42 0.845984
  19 42 2.07336
  20 42 0.00710264
3100 20 840
  1 42 -0.0986492
  2 42 1.85736
  3 42 -0.823116
  4 42 1.62301
  5 42 1.86738
  6 42 -0.138478
  7 42 0.0140032
  8 42 -0.404046
  9 42 -0.899259
  10 42 0.286635
  11 42 -0.375677
  12 42 -0.115029
  13 42 0.239346
  14 42 0.340331
  15 42 -1.09057
  16 42 -1.06892
  17 42 0.418141
  18 42 -0.337826
  19 42 1.34444
  20 42 -0.848607
3200 20 840
  1 42 0.440598
  2 42 0.645565
  3 42 0.884113
  4 42 1.39341
  5 42 2.25949
  6 42 -0.624037
  7 42 -0.100293
  8 42 0.0181092
  9 42 -0.291284
  10 42 0.715078
  11 42 -1.27617
  12 42 -1.92458
  13 42 0.764571
  14 42 -0.502172
  15 42 1.80145
  16 42 -0.829611
  17 42 -0.178659
  18 42 1.44916
  19 42 0.971555
  20 42 -0.14738
3300 20 840
  1 42 0.439067
  2 42 0.713223
  3 42 -0.486647
  4 42 -1.07773
  5 42 -0.940031
  6 42 -0.369368
  7 42 0.789117
  8 42 -0.118328
  9 42 1.328
  10 42 -0.00661233
  11 42 0.593548
  12 42 0.556882
  13 42 0.165004
  14 42 0.470549
  15 42 2.25565
  16 42 0.261667
  17 42 -0.309654
  18 42 0.298783
  19 42 0.277901
  20 42 0.283651
3400 20 840
  1 42 1.28769
  2 42 -0.0617763
  3 42 -1.62075
  4 42 -0.815241
  5 42 1.65222
  6 42 1.09551
  7 42 0.541114
  8 42 -0.599046
  9 42 -1.39747
  10 42 -0.633332
  11 42 0.560777
  12 42 1.22355
  13 42 0.556389
  14 42 0.433662
  15 42 -0.624075
  16 42 -0.140686
  17 42 -1.78822
  18 42 -0.231134
  19 42 -0.473203
  20 42 -0.805756
3500 20 840
  1 42 -0.00758589
  2 42 0.683082
  3 42 0.122501
  4 42 1.14985
  5 42 -1.02941
  6 42 0.459969
  7 42 -0.643359
  8 42 -0.431149
  9 42 -0.0354322
  10 42 1.66541
  11 42 0.00332786
  12 42 0.377787
  13 42 0.441844
  14 42 -0.196123
  15 42 -1.23765
  16 42 -0.0665078
  17 42 0.457132
  18 42 0.216888
  19 42 0.440654
  20 42 0.601385
3600 20 840
  1 42 2.86377
  2 42 0.0890703
  3 42 1.42858
  4 42 0.621714
  5 42 0.190075
  6 42 -0.770157
  7 42 0.316193
  8 42 1.3138
  9 42 -0.0807223
  10 42 0.173475
  11 42 2.46958
  12 42 -1.14884
  13 42 0.053795
  14 42 0.432045
  15 42 -0.173347
  16 42 -0.0307316
  17 42 -1.42172
  18 42 -0.876803
  19 42 0.0907396
  20 42 0.339575
3700 20 840
  1 42 -0.569034
  2 42 1.38924
  3 42 0.163978
  4 42 -0.162239
  5 42 0.021205
  6 42 -0.6456
  7 42 0.148301
  8 42 0.02376
  9 42 -1.31449
  10 42 1.93326
  11 42 0.832037
  12 42 -0.864864
  13 42 0.781419
  14 42 0.0453954
  15 42 -0.699984
  16 42 0.511844
  17 42 0.845255
  18 42 0.0245137
  19 42 -1.57249
  20 42 0.342316
3800 20 840
  1 42 1.25938
  2 42 0.311331
  3 42 0.589229
  4 42 0.526236
  5 42 -2.10465
  6 42 -0.753729
  7 42 -0.0391192
  8 42 -0.108633
  9 42 1.1691
  10 42 1.76855
  11 42 1.52999
  12 42 -1.42134
  13 42 0.40529
  14 42 0.432423
  15 42 0.00208559
  16 42 0.194334
  17 42 -0.306901
  18 42 0.265033
  19 42 -0.432928
  20 42 1.50299
3900 20 840
  1 42 -1.53228
  2 42 -0.983674
  3 42 -0.624085
  4 42 1.16126
  5 42 -0.174766
  6 42 -1.30997
  7 42 -0.0577892
  8 42 0.655192
  9 42 1.7898
  10 42 0.680867
  11 42 1.14665
  12 42 0.209281
  13 42 -1.02383
  14 42 0.693687
  15 42 0.601666
  16 42 0.0517469
  17 42 0.504968
  18 42 -0.142313
  19 42 1.38093
  20 42 -0.00697887
4000 20 840
  1 42 0.346734
  2 42 2.04267
  3 42 0.376121
  4 42 0.656726
  5 42 0.841973
  6 42 -0.176481
  7 42 1.11348
  8 42 1.38753
  9 42 -0.772815
  10 42 1.432
  11 42 -0.595047
  12 42 1.23005
  13 42 -0.810736
  14 42 0.192965
  15 42 0.168752
  16 42 -0.445727
  17 42 -1.12794
  18 42 1.30179
  19 42 0.662367
  20 42 -0.422131
4100 20 840
  1 42 0.745839
  2 42 -1.53785
  3 42 0.0969773
  4 42 1.23193
  5 42 1.00547
  6 42 0.521591
  7 42 -0.27389
  8 42 0.189789
  9 42 -0.27098
  10 42 -1.72691
  11 42 0.137021
  12 42 0.58672
  13 42 1.64004
  14 42 0.668774
  15 42 -1.06591
  16 42 0.737542
  17 42 0.439136
  18 42 0.474074
  19 42 -0.581846
  20 42 -0.460236
4200 20 840
  1 42 0.167941
  2 42 0.9128
  3 42 2.11229
  4 42 0.00864428
  5 42 2.88461
  6 42 1.29052
  7 42 1.35637
  8 42 -0.15986
  9 42 -0.705421
  10 42 -0.757162
  11 42 -1.21349
  12 42 -0.273946
  13 42 0.746172
  14 42 0.616284
  15 42 0.700863
  16 42 1.07198
  17 42 0.125584
  18 42 0.0659061
  19 42 0.347932
  20 42 1.18034
4300 20 840
  1 42 0.053977
  2 42 1.15941
  3 42 0.226743
  4 42 0.156296
  5 42 0.226844
  6 42 0.239522
  7 42 0.747294
  8 42 -1.38389
  9 42 3.07389
  10 42 -0.814765
  11 42 0.701224
  12 42 0.441446
  13 42 -0.770098
  14 42 1.14929
  15 42 -0.105405
  16 42 -0.333245
  17 42 -0.220597
  18 42 0.415986
  19 42 0.688884
  20 42 -0.0260999
4400 20 840
  1 42 0.539139
  2 42 -0.17814
  3 42 -1.18857
  4 42 0.610063
  5 42 -0.757418
  6 42 0.341472
  7 42 0.632957
  8 42 0.0666415
  9 42 2.5802
  10 42 -0.0637065
  11 42 0.0189567
  12 42 -0.330609
  13 42 1.48253
  14 42 0.993586
  15 42 0.451864
  16 42 0.63227
  17 42 0.0732616
  18 42 -0.756283
  19 42 1.67762
  20 42 0.0104283
4500 20 840
  1 42 -0.190967
  2 42 0.432734
  3 42 0.746453
  4 42 -1.23404
  5 42 1.55612
  6 42 -0.602487
  7 42 2.61843
  8 42 -1.30222
  9 42 0.459683
  10 42 0.856992
  11 42 0.118142
  12 42 1.12748
  13 42 -0.266488
  14 42 0.91701
  15 42 -0.436336
  16 42 0.352874
  17 42 0.352774
  18 42 -1.11431
  19 42 2.66781
  20 42 0.519663
4600 20 840
  1 42 1.3544
  2 42 0.463494
  3 42 0.15113
  4 42 2.37478
  5 42 1.03343
  6 42 -1.50281
  7 42 -0.175473
  8 42 -1.73931
  9 42 -0.131732
  10 42 1.35326
  11 42 1.11937
  12 42 -0.091833
  13 42 0.846127
  14 42 -0.048373
  15 42 1.58439
  16 42 -0.911468
  17 42 1.06903
  18 42 2.19732
  19 42 -0.615636
  20 42 -1.03347
4700 20 840
  1 42 0.694717
  2 42 0.148394
  3 42 2.14157
  4 42 1.51585
  5 42 -0.874282
  6 42 -0.0408021
  7 42 -0.597526
  8 42 0.953889
  9 42 0.108165
  10 42 1.47983
  11 42 0.970794
  12 42 -0.428314
  13 42 0.626413
  14 42 -0.569244
  15 42 2.29574
  16 42 -0.262296
  17 42 -0.392798
  18 42 -0.000609207
  19 42 0.699992
  20 42 1.23408
4800 20 840
  1 42 -0.137534
  2 42 0.143349
  3 42 -1.27388
  4 42 -1.3775
  5 42 -1.96974
  6 42 -0.990287
  7 42 0.983125
  8 42 1.28672
  9 42 -0.835302
  10 42 -0.262129
  11 42 1.50315
  12 42 0.204272
  13 42 -0.958332
  14 42 -0.963371
  15 42 0.511468
  16 42 0.91036
  17 42 -1.72426
  18 42 -0.0304076
  19 42 -1.86745
  20 42 1.5811
4900 20 840
  1 42 0.15108
  2 42 1.65611
  3 42 -1.34428
  4 42 -0.215194
  5 42 -0.534378
  6 42 0.267607
  7 42 0.00196096
  8 42 0.709615
  9 42 -0.0618586
  10 42 0.592692
  11 42 0.135868
  12 42 -0.619864
  13 42 0.535732
  14 42 0.654214
  15 42 -0.28977
  16 42 -0.159247
  17 42 0.448057
  18 42 0.0777958
  19 42 -1.13386
  20 42 -0.0235772
5000 20 840
  1 42 -0.250773
  2 42 0.491452
  3 42 1.45428
  4 42 0.750617
  5 42 0.270573
  6 42 0.143603
  7 42 -0.74973
  8 42 0.68042
  9 42 1.9906
  10 42 0.306871
  11 42 0.0656526
  12 42 -0.807382
  13 42 0.718651
  14 42 1.07964
  15 42 0.460444
  16 42 0.184371
  17 42 -0.159432
  18 42 -0.243737
  19 42 0.164674
  20 42 0.246767
5100 20 840
  1 42 1.17524
  2 42 0.0934989
  3 42 -0.932555
  4 42 1.02684
  5 42 -0.712716
  6 42 0.989347
  7 42 2.23808
  8 42 1.35044
  9 42 -0.471442
  10 42 -0.485156
  11 42 -0.103476
  12 42 -1.6094
  13 42 1.45313
  14 42 0.637247
  15 42 -0.339312
  16 42 0.272326
  17 42 -0.432722
  18 42 -0.116013
  19 42 0.748663
  20 42 -0.517872
5200 20 840
  1 42 1.06908
  2 42 1.01029
  3 42 0.0210642
  4 42 -0.646845
  5 42 0.611333
  6 42 0.488377
  7 42 -1.08543
  8 42 -0.481977
  9 42 -1.07739
  10 42 0.576825
  11 42 -0.381079
  12 42 0.70239
  13 42 0.493935
  14 42 0.648127
  15 42 0.207256
  16 42 0.787919
  17 42 -1.00271
  18 42 0.492091
  19 42 0.220103
  20 42 0.52616
5300 20 840
  1 42 -0.543916
  2 42 0.135725
  3 42 -0.833522
  4 42 -0.755535
  5 42 1.00533
  6 42 -1.33077
  7 42 1.82536
  8 42 -0.553381
  9 42 1.39538
  10 42 0.109675
  11 42 -1.1706
  12 42 1.67809
  13 42 0.379759
  14 42 0.508362
  15 42 0.439203
  16 42 1.05488
  17 42 -0.278844
  18 42 -0.311347
  19 42 -0.132226
  20 42 0.599166
5400 20 840
  1 42 0.184574
  2 42 -0.980329
  3 42 -1.05705
  4 42 1.23589
  5 42 -0.0740201
  6 42 -1.02511
  7 42 0.124866
  8 42 -2.06006
  9 42 0.896287
  10 42 0.906048
  11 42 1.21515
  12 42 0.956327
  13 42 -1.36373
  14 42 0.0180542
  15 42 0.743543
  16 42 0.691654
  17 42 -0.589838
  18 42 -0.421765
  19 42 -0.786172
  20 42 0.0209432
5500 20 840
  1 42 0.0517803
  2 42 -0.356277
  3 42 1.16369
  4 42 0.146564
  5 42 0.617667
  6 42 -0.305468
  7 42 1.15209
  8 42 -0.370887
  9 42 -0.428037
  10 42 0.592186
  11 42 0.739769
  12 42 0.277961
  13 42 0.235885
  14 42 -1.12548
  15 42 -0.611207
  16 42 0.90924
  17 42 0.750735
  18 42 -0.654144
  19 42 0.513766
  20 42 0.432157
5600 20 840
  1 42 1.46779
  2 42 0.518266
  3 42 1.82524
  4 42 0.756559
  5 42 1.04238
  6 42 -0.607835
  7 42 -1.26662
  8 42 -0.0783901
  9 42 -0.562672
  10 42 -0.103269
  11 42 0.281447
  12 42 -0.539042
  13 42 0.448091
  14 42 -0.860158
  15 42 -0.235426
  16 42 0.156559
  17 42 -0.0495681
  18 42 -0.904694
  19 42 -1.87281
  20 42 -0.730967
5700 20 840
  1 42 0.358679
  2 42 1.14908
  3 42 1.88458
  4 42 -0.108521
  5 42 0.942679
  6 42 -0.116263
  7 42 1.30841
  8 42 0.19549
  9 42 2.21828
  10 42 1.22449
  11 42 0.671682
  12 42 -1.57051
  13 42 -0.951342
  14 42 -0.275598
  15 42 -0.440769
  16 42 -0.191055
  17 42 0.827329
  18 42 -0.299342
  19 42 0.124041
  20 42 0.672916
5800 20 840
  1 42 1.15408
  2 42 0.226261
  3 42 -0.635344
  4 42 -0.694327
  5 42 0.383547
  6 42 0.537355
  7 42 0.55543
  8 42 2.12854
  9 42 2.48332
  10 42 0.461661
  11 42 1.77545
  12 42 -1.08694
  13 42 -0.0181845
  14 42 0.0962881
  15 42 -0.881351
  16 42 0.0504546
  17 42 -1.20265
  18 42 0.7045
  19 42 3.28816
  20 42 -0.147454
5900 20 840
  1 42 -0.920368
  2 42 -1.45435
  3 42 -1.06626
  4 42 0.394006
  5 42 -1.19796
  6 42 1.07586
  7 42 -0.0133455
  8 42 0.188596
  9 42 0.947251
  10 42 -0.599154
  11 42 0.257009
  12 42 0.805491
  13 42 0.0691621
  14 42 0.494346
  15 42 1.57811
  16 42 -0.119202
  17 42 0.414583
  18 42 0.98634
  19 42 1.40129
  20 42 -0.781244
6000 20 840
  1 42 -0.15241
  2 42 0.75477
  3 42 -0.429911
  4 42 1.20958
  5 42 0.621201
  6 42 -0.317385
  7 42 1.1439
  8 42 -0.356025
  9 42 0.0637846
  10 42 0.6969
  11 42 -0.328232
  12 42 -0.414243
  13 42 0.403408
  14 42 -0.0136176
  15 42 0.184793
  16 42 -0.275601
  17 42 0.238
  18 42 1.74345
  19 42 0.513567
  20 42 0.453567
6100 20 840
  1 42 -0.920167
  2 42 0.0163529
  3 42 -0.109827
  4 42 0.724133
  5 42 0.0508731
  6 42 -1.03547
  7 42 1.22248
  8 42 0.151774
  9 42 -2.74325
  10 42 0.361087
  11 42 -0.0332271
  12 42 -1.48866
  13 42 2.92293
  14 42 0.429845
  15 42 0.340073
  16 42 -0.0205133
  17 42 1.11155
  18 42 -0.650824
  19 42 0.0478777
  20 42 0.163061
6200 20 840
  1 42 -0.866035
  2 42 -0.104676
  3 42 -0.15799
  4 42 0.885463
  5 42 -1.87843
  6 42 0.369188
  7 42 -0.267374
  8 42 -0.55264
  9 42 -0.227325
  10 42 0.597365
  11 42 -0.0548291
  12 42 0.0797873
  13 42 0.629281
  14 42 0.209496
  15 42 2.39959
  16 42 0.694165
  17 42 -0.660154
  18 42 -0.662193
  19 42 -2.00931
  20 42 0.145773
6300 20 840
  1 42 -0.689975
  2 42 0.69459
  3 42 -0.476778
  4 42 -1.52286
  5 42 -0.638415
  6 42 -0.269839
  7 42 0.23499
  8 42 -0.801222
  9 42 -2.35333
  10 42 -0.310288
  11 42 -0.0840875
  12 42 1.50588
  13 42 1.37606
  14 42 0.11863
  15 42 -0.889108
  16 42 -0.23919
  17 42 -0.940395
  18 42 -0.198705
  19 42 -0.293324
  20 42 -0.497434
6400 20 840
  1 42 0.944756
  2 42 1.59927
  3 42 1.21315
  4 42 -0.364462
  5 42 1.51792
  6 42 -0.459262
  7 42 -1.19988
  8 42 -1.08253
  9 42 1.06968
  10 42 0.73806
  11 42 -0.273417
  12 42 0.641101
  13 42 1.62051
  14 42 -0.241049
  15 42 -0.11136
  16 42 0.242267
  17 42 -0.494224
  18 42 -0.784513
  19 42 0.160086
  20 42 0.211635
6500 20 840
  1 42 1.1213
  2 42 1.65147
  3 42 1.02005
  4 42 -0.398607
  5 42 -0.31156
  6 42 -0.151854
  7 42 1.60969
  8 42 -0.453211
  9 42 -0.185033
  10 42 1.93059
  11 42 -0.225511
  12 42 0.596
  13 42 1.14441
  14 42 0.273111
  15 42 -0.448364
  16 42 0.0130345
  17 42 1.15259
  18 42 0.181215
  19 42 -0.925812
  20 42 -0.566233
6600 20 840
  1 42 2.01811
  2 42 0.79862
  3 42 -0.157985
  4 42 0.478797
  5 42 0.61485
  6 42 0.227336
  7 42 -0.337685
  8 42 0.129709
  9 42 -2.96879
  10 42 -1.24751
  11 42 0.911733
  12 42 -0.282075
  13 42 1.18132
  14 42 0.767981
  15 42 -0.359194
  16 42 0.111744
  17 42 -0.72452
  18 42 -0.528279
  19 42 -0.682478
  20 42 -0.980044
6700 20 840
  1 42 0.66248
  2 42 1.16845
  3 42 0.189993
  4 42 -0.260158
  5 42 3.06951
  6 42 0.311652
  7 42 0.302768
  8 42 0.99613
  9 42 0.945821
  10 42 -0.41406
  11 42 -0.0352605
  12 42 -0.00746004
  13 42 -0.0116393
  14 42 0.779375
  15 42 -0.729226
  16 42 -0.0125183
  17 42 0.208358
  18 42 -0.431903
  19 42 -0.16784
  20 42 0.738676
6800 20 840
  1 42 -0.690572
  2 42 -1.01493
  3 42 -1.93121
  4 42 1.90793
  5 42 -0.155694
  6 42 0.228884
  7 42 1.61059
  8 42 -0.770952
  9 42 3.3572
  10 42 0.650605
  11 42 -0.373485
  12 42 0.851004
  13 42 -1.9871
  14 42 0.820061
  15 42 1.05552
  16 42 -0.0503234
  17 42 0.445055
  18 42 1.63696
  19 42 0.282073
  20 42 0.230857
6900 20 840
  1 42 0.311246
  2 42 -1.04599
  3 42 -0.353304
  4 42 1.77051
  5 42 -0.618415
  6 42 -0.0397266
  7 42 2.80277
  8 42 0.690153
  9 42 1.65449
  10 42 -0.494038
  11 42 1.54131
  12 42 0.153237
  13 42 -0.733292
  14 42 -0.576586
  15 42 1.26495
  16 42 -0.0039242
  17 42 0.651826
  18 42 0.603963
  19 42 2.14785
  20 42 0.693868
7000 20 840
  1 42 -0.246098
  2 42 0.604472
  3 42 1.89912
  4 42 0.218908
  5 42 0.229399
  6 42 -0.287367
  7 42 -0.845346
  8 42 -0.0811662
  9 42 0.626932
  10 42 -0.310165
  11 42 0.0580517
  12 42 -0.29493
  13 42 0.413664
  14 42 -1.10756
  15 42 0.586239
  16 42 -0.748978
  17 42 1.17917
  18 42 0.2439
  19 42 -0.437871
  20 42 0.26014
7100 20 840
  1 42 0.7606
  2 42 -2.39712
  3 42 1.35436
  4 42 1.12169
  5 42 2.91775
  6 42 0.141251
  7 42 1.73428
  8 42 0.13083
  9 42 -0.0339296
  10 42 -0.6808
  11 42 -0.747698
  12 42 -0.852766
  13 42 0.395825
  14 42 0.303582
  15 42 -0.314718
  16 42 -1.69265
  17 42 -0.530339
  18 42 0.0893477
  19 42 1.90566
  20 42 0.972677
7200 20 840
  1 42 -0.274955
  2 42 1.52354
  3 42 2.40224
  4 42 0.703696
  5 42 -0.336254
  6 42 -0.738547
  7 42 -0.62178
  8 42 -0.536015
  9 42 2.72401
  10 42 -0.0380551
  11 42 0.561888
  12 42 -0.477448
  13 42 -0.384965
  14 42 0.11143
  15 42 0.24212
  16 42 0.264488
  17 42 -0.101286
  18 42 -0.830933
  19 42 0.986037
  20 42 1.20276
7300 20 840
  1 42 0.501183
  2 42 1.3101
  3 42 2.11673
  4 42 -0.724199
  5 42 -2.56517
  6 42 0.102108
  7 42 1.38194
  8 42 -0.157401
  9 42 2.16212
  10 42 -0.47309
  11 42 -0.257845
  12 42 -0.269503
  13 42 0.502282
  14 42 0.405322
  15 42 -0.329617
  16 42 0.855399
  17 42 0.769616
  18 42 0.0543446
  19 42 0.459041
  20 42 0.183083
7400 20 840
  1 42 -0.397914
  2 42 0.495583
  3 42 -1.20267
  4 42 0.781843
  5 42 -0.777911
  6 42 -0.0417805
  7 42 -0.522993
  8 42 -0.545946
  9 42 1.74787
  10 42 0.17963
  11 42 -0.580176
  12 42 0.155907
  13 42 -0.455885
  14 42 -0.0322453
  15 42 0.927699
  16 42 0.761549
  17 42 0.8131
  18 42 0.117079
  19 42 -0.608343
  20 42 0.160332
7500 20 840
  1 42 0.862307
  2 42 1.62882
  3 42 -1.45646
  4 42 -0.122063
  5 42 1.26957
  6 42 0.160796
  7 42 1.28464
  8 42 0.816785
  9 42 -1.78314
  10 42 0.502526
  11 42 -1.09006
  12 42 -0.342024
  13 42 2.22966
  14 42 0.729467
  15 42 1.85041
  16 42 -0.39689
  17 42 0.605006
  18 42 -0.284471
  19 42 -1.11476
  20 42 0.191194
7600 20 840
  1 42 0.696047
  2 42 0.933321
  3 42 0.841309
  4 42 0.279624
  5 42 -1.30302
  6 42 0.0670351
  7 42 -0.203913
  8 42 0.119879
  9 42 0.372396
  10 42 -0.835789
  11 42 0.56472
  12 42 1.6954
  13 42 0.387772
  14 42 0.319335
  15 42 1.55539
  16 42 0.301591
  17 42 0.367854
  18 42 0.121766
  19 42 -1.59593
  20 42 -1.08363
7700 20 840
  1 42 0.0536044
  2 42 0.825104
  3 42 -1.33144
  4 42 -0.225428
  5 42 -2.08564
  6 42 0.366611
  7 42 -0.572745
  8 42 0.717566
  9 42 -0.150878
  10 42 1.17246
  11 42 -0.656726
  12 42 1.13899
  13 42 -0.139672
  14 42 0.646014
  15 42 0.865352
  16 42 -0.0416625
  17 42 0.313623
  18 42 0.286203
  19 42 -1.49067
  20 42 0.269816
7800 20 840
  1 42 -0.482659
  2 42 -0.995914
  3 42 1.49241
  4 42 0.160054
  5 42 1.23146
  6 42 -0.190555
  7 42 0.674427
  8 42 0.144849
  9 42 1.43609
  10 42 -0.44503
  11 42 -0.309964
  12 42 -0.18189
  13 42 -0.784369
  14 42 1.09879
  15 42 -0.307807
  16 42 0.782452
  17 42 -0.766044
  18 42 -0.522307
  19 42 -0.476326
  20 42 0.0818032
7900 20 840
  1 42 -0.385799
  2 42 0.852493
  3 42 -0.400465
  4 42 0.264403
  5 42 0.0839901
  6 42 -0.0146235
  7 42 1.37893
  8 42 -0.0579651
  9 42 -2.2683
  10 42 0.777789
  11 42 0.165555
  12 42 0.00342773
  13 42 0.743991
  14 42 -0.114054
  15 42 0.608436
  16 42 -0.1119
  17 42 0.933495
  18 42 -0.000858545
  19 42 -1.8163
  20 42 0.568944
8000 20 840
  1 42 -0.224241
  2 42 -0.980859
  3 42 1.35283
  4 42 0.910089
  5 42 -0.932662
  6 42 0.110474
  7 42 -1.25208
  8 42 -0.237825
  9 42 0.331274
  10 42 1
  11 42 0.956423
  12 42 -1.04877
  13 42 1.16756
  14 42 0.301573
  15 42 0.966699
  16 42 -0.96868
  17 42 -1.08883
  18 42 -0.999549
  19 42 0.262613
  20 42 0.375876
8100 20 840
  1 42 0.612548
  2 42 0.813074
  3 42 1.54074
  4 42 -0.557055
  5 42 2.0254
  6 42 -0.516499
  7 42 1.94907
  8 42 -0.136044
  9 42 -1.84022
  10 42 0.103117
  11 42 2.12089
  12 42 -0.214996
  13 42 0.00261878
  14 42 -1.06707
  15 42 0.855058
  16 42 -0.404614
  17 42 0.122473
  18 42 -0.837726
  19 42 1.54396
  20 42 0.243324
8200 20 840
  1 42 1.94852
  2 42 2.18556
  3 42 -0.650152
  4 42 -0.510468
  5 42 2.53618
  6 42 0.477848
  7 42 1.1093
  8 42 -0.600219
  9 42 0.874504
  10 42 -0.0966271
  11 42 -0.104359
  12 42 -0.319549
  13 42 -0.35459
  14 42 0.691361
  15 42 -0.255307
  16 42 -0.294149
  17 42 -0.981125
  18 42 0.885259
  19 42 2.35104
  20 42 -0.352001
8300 20 840
  1 42 1.06568
  2 42 -1.33755
  3 42 -0.449485
  4 42 -0.304581
  5 42 -0.0399744
  6 42 -0.678615
  7 42 1.7722
  8 42 -1.81947
  9 42 0.889225
  10 42 -0.474107
  11 42 1.53414
  12 42 0.92853
  13 42 -0.607073
  14 42 0.161983
  15 42 2.57247
  16 42 -0.204726
  17 42 0.451729
  18 42 1.32236
  19 42 2.41545
  20 42 -1.17758
8400 20 840
  1 42 1.79627
  2 42 -0.0247864
  3 42 -1.63473
  4 42 -0.228289
  5 42 -0.00768176
  6 42 0.18737
  7 42 0.859447
  8 42 -0.25093
  9 42 -2.01006
  10 42 -0.804896
  11 42 0.197679
  12 42 0.617867
  13 42 -0.0853971
  14 42 -0.535587
  15 42 0.295845
  16 42 0.215263
  17 42 1.82956
  18 42 0.0992
  19 42 0.834794
  20 42 0.861801
8500 20 840
  1 42 0.772251
  2 42 0.0425331
  3 42 0.136499
  4 42 -0.103954
  5 42 1.65104
  6 42 0.106155
  7 42 0.328594
  8 42 0.539265
  9 42 0.923059
  10 42 -0.120426
  11 42 -0.292356
  12 42 -0.0487154
  13 42 1.16511
  14 42 -0.641739
  15 42 -1.0593
  16 42 -0.863134
  17 42 1.0866
  18 42 0.399022
  19 42 -2.92344
  20 42 -0.27686
8600 20 840
  1 42 0.124981
  2 42 0.19933
  3 42 2.00771
  4 42 0.610479
  5 42 0.359984
  6 42 0.53624
  7 42 0.597786
  8 42 1.01026
  9 42 1.09733
  10 42 -0.526083
  11 42 -0.654129
  12 42 -1.05565
  13 42 0.475733
  14 42 0.362287
  15 42 0.547616
  16 42 -0.0952165
  17 42 -0.43545
  18 42 -0.746168
  19 42 -0.710491
  20 42 -0.378175
8700 20 840
  1 42 -0.343113
  2 42 -0.790322
  3 42 0.555446
  4 42 -0.332834
  5 42 -1.76337
  6 42 -0.115292
  7 42 -0.389459
  8 42 0.907334
  9 42 1.55129
  10 42 0.439902
  11 42 -1.07216
  12 42 0.606783
  13 42 0.996611
  14 42 0.796472
  15 42 -1.37217
  16 42 -0.118084
  17 42 0.0878833
  18 42 0.410695
  19 42 0.548385
  20 42 0.0489173
8800 20 840
  1 42 -1.11807
  2 42 0.58456
  3 42 1.90513
  4 42 -0.0856003
  5 42 -2.38898
  6 42 -0.712867
  7 42 -1.45618
  8 42 0.230183
  9 42 2.74751
  10 42 1.44253
  11 42 -0.44763
  12 42 0.60967
  13 42 1.0162
  14 42 -0.369201
  15 42 1.5555
  16 42 -0.0314139
  17 42 0.395079
  18 42 0.216179
  19 42 0.27691
  20 42 -0.172312
8900 20 840
  1 42 0.795908
  2 42 -1.42883
  3 42 -1.9769
  4 42 0.966484
  5 42 0.91323
  6 42 -0.0886908
  7 42 -0.958438
  8 42 0.651129
  9 42 -1.68947
  10 42 0.820041
  11 42 -0.403023
  12 42 0.100346
  13 42 1.84554
  14 42 -0.424206
  15 42 1.44038
  16 42 0.334411
  17 42 -0.150739
  18 42 -0.296834
  19 42 -1.19971
  20 42 -0.340537
9000 20 840
  1 42 -0.813101
  2 42 0.625502
  3 42 0.806779
  4 42 0.102415
  5 42 1.69422
  6 42 -0.308198
  7 42 1.8593
  8 42 0.282869
  9 42 -1.01459
  10 42 0.52336
  11 42 -1.00638
  12 42 -1.04013
  13 42 1.08522
  14 42 -0.426256
  15 42 0.108175
  16 42 0.231629
  17 42 0.0279527
  18 42 -0.000257737
  19 42 -1.03213
  20 42 -0.42371
9100 20 840
  1 42 0.249829
  2 42 0.819733
  3 42 1.01095
  4 42 0.534201
  5 42 -0.856547
  6 42 -0.634598
  7 42 -0.969848
  8 42 -1.74544
  9 42 -0.236053
  10 42 0.439292
  11 42 2.08547
  12 42 -0.178611
  13 42 0.674193
  14 42 0.103162
  15 42 1.97369
  16 42 0.509732
  17 42 -0.333172
  18 42 -0.728748
  19 42 -1.04449
  20 42 0.806958
9200 20 840
  1 42 -2.97629
  2 42 -0.465603
  3 42 -0.451723
  4 42 -0.14449
  5 42 1.37171
  6 42 -0.497003
  7 42 0.616307
  8 42 0.104802
  9 42 1.43886
  10 42 -1.83458
  11 42 0.144672
  12 42 -0.166118
  13 42 0.568993
  14 42 0.925607
  15 42 -1.24074
  16 42 1.53533
  17 42 0.717657
  18 42 0.0107506
  19 42 0.048679
  20 42 0.197697
9300 20 840
  1 42 0.381092
  2 42 0.894346
  3 42 -1.05282
  4 42 -0.392844
  5 42 0.55286
  6 42 1.18305
  7 42 1.84442
  8 42 -0.173019
  9 42 -0.0949817
  10 42 -0.414045
  11 42 0.282612
  12 42 0.684873
  13 42 -1.13038
  14 42 -0.219745
  15 42 -0.58589
  16 42 0.0493444
  17 42 0.52392
  18 42 0.592724
  19 42 -1.58461
  20 42 0.129075
9400 20 840
  1 42 0.302171
  2 42 -0.597742
  3 42 -0.0168217
  4 42 -0.148109
  5 42 -0.0268145
  6 42 0.102643
  7 42 -0.550248
  8 42 0.467333
  9 42 0.93418
  10 42 -1.4266
  11 42 0.477053
  12 42 -0.164889
  13 42 0.70241
  14 42 -0.0826213
  15 42 -0.276378
  16 42 -0.551379
  17 42 0.273474
  18 42 -0.809096
  19 42 0.00446944
  20 42 -0.0745639
9500 20 840
  1 42 1.11872
  2 42 0.472438
  3 42 0.722996
  4 42 -1.20035
  5 42 1.74899
  6 42 -0.0684749
  7 42 -0.410165
  8 42 1.27467
  9 42 -2.0754
  10 42 -0.517197
  11 42 -0.498872
  12 42 0.725422
  13 42 1.25398
  14 42 1.09784
  15 42 0.866867
  16 42 -1.13591
  17 42 0.643531
  18 42 1.00323
  19 42 -1.05984
  20 42 -0.179496
9600 20 840
  1 42 0.618125
  2 42 -0.39772
  3 42 -0.832619
  4 42 1.30199
  5 42 -0.0589263
  6 42 -0.412413
  7 42 -0.197454
  8 42 -0.364055
  9 42 0.766216
  10 42 0.0589595
  11 42 -1.00523
  12 42 2.24728
  13 42 -0.226332
  14 42 0.700803
  15 42 0.239204
  16 42 0.113117
  17 42 0.0312426
  18 42 0.126517
  19 42 -0.688268
  20 42 0.215382
9700 20 840
  1 42 1.43962
  2 42 -0.0253269
  3 42 0.26045
  4 42 0.746915
  5 42 -0.496139
  6 42 0.390796
  7 42 -0.0991444
  8 42 0.806311
  9 42 0.181502
  10 42 0.310809
  11 42 -0.847524
  12 42 0.40817
  13 42 1.19203
  14 42 -0.444714
  15 42 1.10863
  16 42 -0.399269
  17 42 -0.240514
  18 42 0.697206
  19 42 0.851771
  20 42 1.08739
9800 20 840
  1 42 0.11428
  2 42 -1.33924
  3 42 1.72329
  4 42 0.393524
  5 42 -1.36697
  6 42 -0.0758975
  7 42 -0.29284
  8 42 -0.287399
  9 42 0.895582
  10 42 0.0679189
  11 42 0.437173
  12 42 -0.101979
  13 42 -0.564343
  14 42 -0.0962758
  15 42 2.7087
  16 42 1.22551
  17 42 -0.127339
  18 42 0.111928
  19 42 0.692877
  20 42 -0.142432
9900 20 840
  1 42 -0.0645008
  2 42 -0.63785
  3 42 -0.556229
  4 42 0.735791
  5 42 -1.16734
  6 42 -0.527319
  7 42 1.4917
  8 42 -0.0105702
  9 42 0.392079
  10 42 1.38774
  11 42 1.36628
  12 42 0.108562
  13 42 1.61295
  14 42 -0.343059
  15 42 0.685282
  16 42 -0.154469
  17 42 1.02786
  18 42 0.340697
  19 42 -2.06176
  20 42 0.455718
10000 20 840
  1 42 0.745506
  2 42 -0.302743
  3 42 2.32019
  4 42 -0.504438
  5 42 1.102
  6 42 0.703127
  7 42 0.511822
  8 42 1.66484
  9 42 -0.583661
  10 42 0.77888
  11 42 -1.15443
  12 42 -0.661836
  13 42 1.89791
  14 42 0.204566
  15 42 -0.672169
  16 42 0.413269
  17 42 -0.569701
  18 42 -0.84047
  19 42 2.04435
  20 42 0.215837
