# Chunk-averaged data for fix bowForces and group all
# Timestep Number-of-chunks Total-count
# Chunk Ncount c_bowComp
0 20 840
  1 42 0.124245
  2 42 0.124245
  3 42 0.124245
  4 42 0.124245
  5 42 0.124245
  6 42 0.124245
  7 42 0.124245
  8 42 0.124245
  9 42 0.124245
  10 42 0.124245
  11 42 0.124245
  12 42 0.124245
  13 42 0.124245
  14 42 0.124245
  15 42 0.124245
  16 42 0.124245
  17 42 0.124245
  18 42 0.124245
  19 42 0.124245
  20 42 0.124245
100 20 840
  1 42 0.351171
  2 42 0.275569
  3 42 1.24861
  4 42 0.309162
  5 42 -0.787737
  6 42 0.964547
  7 42 -0.763283
  8 42 0.559189
  9 42 0.861037
  10 42 0.181446
  11 42 0.775218
  12 42 -0.729222
  13 42 -0.331292
  14 42 -0.960659
  15 42 0.321355
  16 42 0.0582415
  17 42 -0.768174
  18 42 0.0675015
  19 42 -0.451499
  20 42 0.804776
200 20 840
  1 42 -0.610347
  2 42 -0.792499
  3 42 0.168875
  4 42 0.504602
  5 42 0.0645562
  6 42 0.0641588
  7 42 -0.58836
  8 42 0.867359
  9 42 -1.11552
  10 42 -1.23368
  11 42 -0.349824
  12 42 0.453619
  13 42 0.61107
  14 42 1.02301
  15 42 -0.0400295
  16 42 0.480709
  17 42 0.823637
  18 42 0.568346
  19 42 0.807402
  20 42 -1.71136
300 20 840
  1 42 -1.00002
  2 42 -1.35745
  3 42 -0.560474
  4 42 -0.702713
  5 42 0.720625
  6 42 0.29497
  7 42 -1.01756
  8 42 -0.953656
  9 42 0.737191
  10 42 0.943984
  11 42 0.374067
  12 42 0.691936
  13 42 0.0244522
  14 42 0.742085
  15 42 -0.406517
  16 42 0.225069
  17 42 -0.389028
  18 42 0.278419
  19 42 -0.537987
  20 42 0.818221
400 20 840
  1 42 0.19313
  2 42 -0.0750873
  3 42 -1.45342
  4 42 0.658673
  5 42 -2.00256
  6 42 0.0335875
  7 42 -0.157638
  8 42 0.241804
  9 42 -0.0742063
  10 42 0.863902
  11 42 0.383218
  12 42 0.522778
  13 42 0.68786
  14 42 0.113839
  15 42 0.423957
  16 42 0.451886
  17 42 -0.337952
  18 42 0.312112
  19 42 0.173395
  20 42 -2.02408
500 20 840
  1 42 0.306482
  2 42 -0.999032
  3 42 -0.0679939
  4 42 -0.803529
  5 42 0.320355
  6 42 0.302336
  7 42 0.380204
  8 42 0.913882
  9 42 -0.679282
  10 42 0.374187
  11 42 -0.59165
  12 42 0.801031
  13 42 -0.437125
  14 42 -0.434879
  15 42 0.883566
  16 42 0.0235196
  17 42 -1.57125
  18 42 -0.497874
  19 42 1.01444
  20 42 0.0796728
600 20 840
  1 42 -0.239687
  2 42 1.52149
  3 42 -0.354899
  4 42 -0.298935
  5 42 1.79261
  6 42 -1.11707
  7 42 -0.121677
  8 42 -0.103783
  9 42 0.343201
  10 42 1.5869
  11 42 0.148473
  12 42 -0.234084
  13 42 0.0181066
  14 42 -0.0777056
  15 42 0.327888
  16 42 0.183722
  17 42 0.0701575
  18 42 -0.939584
  19 42 1.26883
  20 42 0.883302
700 20 840
  1 42 0.277126
  2 42 -0.390789
  3 42 -1.10645
  4 42 0.37799
  5 42 1.02659
  6 42 -0.217582
  7 42 1.1415
  8 42 -0.385135
  9 42 -0.757755
  10 42 -0.985505
  11 42 0.623284
  12 42 -1.33451
  13 42 1.31363
  14 42 0.239373
  15 42 -0.98097
  16 42 -0.254711
  17 42 0.794012
  18 42 -0.417017
  19 42 0.0764941
  20 42 0.646207
800 20 840
  1 42 0.320344
  2 42 0.42832
  3 42 -0.289658
  4 42 -0.573163
  5 42 -0.941194
  6 42 0.486977
  7 42 -1.0055
  8 42 -0.0434056
  9 42 0.0246785
  10 42 0.441034
  11 42 0.505601
  12 42 0.913652
  13 42 -1.37648
  14 42 1.04726
  15 42 -0.272856
  16 42 1.6533
  17 42 0.830221
  18 42 0.702867
  19 42 0.358752
  20 42 0.262574
900 20 840
  1 42 0.450519
  2 42 -0.621951
  3 42 1.08974
  4 42 0.188519
  5 42 0.368036
  6 42 -0.558097
  7 42 0.803613
  8 42 0.663322
  9 42 0.191866
  10 42 -0.297435
  11 42 0.2244
  12 42 0.00660777
  13 42 -0.744328
  14 42 -1.18868
  15 42 -0.145411
  16 42 -0.0937735
  17 42 0.142616
  18 42 1.08356
  19 42 0.361329
  20 42 0.794929
1000 20 840
  1 42 0.551777
  2 42 0.14542
  3 42 0.266582
  4 42 0.229177
  5 42 0.651981
  6 42 0.204541
  7 42 0.207544
  8 42 0.643169
  9 42 0.638866
  10 42 -0.500528
  11 42 -0.173256
  12 42 0.767065
  13 42 0.513675
  14 42 -0.239476
  15 42 -0.382944
  16 42 -0.626883
  17 42 -0.325156
  18 42 1.92034
  19 42 -0.963269
  20 42 0.943866
1100 20 840
  1 42 0.430029
  2 42 1.04145
  3 42 1.40473
  4 42 -0.750157
  5 42 1.26237
  6 42 0.634555
  7 42 0.839167
  8 42 0.848815
  9 42 -0.29666
  10 42 0.0174747
  11 42 -0.437796
  12 42 1.24097
  13 42 1.12126
  14 42 0.1204
  15 42 0.467902
  16 42 1.00812
  17 42 1.06372
  18 42 0.390411
  19 42 0.238416
  20 42 0.605756
1200 20 840
  1 42 0.272805
  2 42 -1.12266
  3 42 -0.0726859
  4 42 1.14323
  5 42 0.562687
  6 42 0.298888
  7 42 1.40887
  8 42 -0.189448
  9 42 0.638604
  10 42 -0.528855
  11 42 0.112063
  12 42 -0.808735
  13 42 0.328026
  14 42 0.281501
  15 42 0.08738
  16 42 -1.28379
  17 42 -0.0993008
  18 42 0.0016791
  19 42 1.94441
  20 42 -0.286715
1300 20 840
  1 42 -0.05431
  2 42 1.13092
  3 42 1.24792
  4 42 -1.21212
  5 42 -1.41089
  6 42 0.255541
  7 42 -0.00192473
  8 42 0.552781
  9 42 0.934323
  10 42 0.639656
  11 42 -0.298131
  12 42 -0.49152
  13 42 -0.117408
  14 42 0.583916
  15 42 -0.738765
  16 42 0.8001
  17 42 0.999052
  18 42 -0.921561
  19 42 -0.476805
  20 42 -0.166936
1400 20 840
  1 42 -0.475968
  2 42 -0.653545
  3 42 -0.857286
  4 42 0.260773
  5 42 -0.169259
  6 42 0.468632
  7 42 0.195011
  8 42 -0.411479
  9 42 0.320138
  10 42 -1.06253
  11 42 1.54328
  12 42 0.756411
  13 42 -0.421987
  14 42 0.224584
  15 42 0.229151
  16 42 -0.14076
  17 42 -0.941836
  18 42 -1.49901
  19 42 0.313239
  20 42 -0.34225
1500 20 840
  1 42 -0.709001
  2 42 -0.417108
  3 42 -0.762371
  4 42 0.426286
  5 42 0.0815026
  6 42 -0.133418
  7 42 -0.365529
  8 42 0.315677
  9 42 -0.83692
  10 42 1.78927
  11 42 -0.414778
  12 42 0.734244
  13 42 1.08076
  14 42 -0.216978
  15 42 0.291701
  16 42 0.770235
  17 42 0.0681821
  18 42 -0.997422
  19 42 -1.60421
  20 42 0.0826343
1600 20 840
  1 42 0.470729
  2 42 -0.236199
  3 42 -0.282262
  4 42 0.51948
  5 42 0.89439
  6 42 -0.415293
  7 42 0.360261
  8 42 0.743462
  9 42 0.509247
  10 42 -0.582348
  11 42 -0.583241
  12 42 -0.956321
  13 42 0.624802
  14 42 -0.734609
  15 42 0.590196
  16 42 -0.477296
  17 42 -1.23797
  18 42 -0.702284
  19 42 -2.1434
  20 42 0.229284
1700 20 840
  1 42 0.452326
  2 42 -1.08997
  3 42 1.14333
  4 42 1.40257
  5 42 0.244058
  6 42 -0.898349
  7 42 -0.789024
  8 42 0.48865
  9 42 -0.911622
  10 42 -0.752398
  11 42 1.48836
  12 42 0.937585
  13 42 0.249242
  14 42 0.492553
  15 42 0.823145
  16 42 -0.754902
  17 42 -0.456486
  18 42 0.185429
  19 42 0.193595
  20 42 -1.0683
1800 20 840
  1 42 -0.230992
  2 42 -0.434343
  3 42 -0.419706
  4 42 0.457825
  5 42 -0.759988
  6 42 0.810882
  7 42 0.461597
  8 42 -1.06628
  9 42 0.429094
  10 42 1.01486
  11 42 -0.0314811
  12 42 1.18932
  13 42 -0.146704
  14 42 0.573722
  15 42 -0.545161
  16 42 0.460574
  17 42 0.602648
  18 42 1.5287
  19 42 -0.339955
  20 42 0.754417
1900 20 840
  1 42 0.275939
  2 42 -1.02843
  3 42 0.92579
  4 42 1.31964
  5 42 -1.14298
  6 42 -0.100487
  7 42 0.372627
  8 42 0.109129
  9 42 0.691246
  10 42 -0.0952803
  11 42 -0.28195
  12 42 -1.21626
  13 42 1.08454
  14 42 1.51668
  15 42 0.105133
  16 42 0.73712
  17 42 1.90791
  18 42 0.120439
  19 42 0.144767
  20 42 0.119147
2000 20 840
  1 42 -0.115908
  2 42 1.01146
  3 42 -1.25682
  4 42 -0.574749
  5 42 0.859764
  6 42 0.431237
  7 42 0.409035
  8 42 0.144259
  9 42 0.379401
  10 42 0.783544
  11 42 0.438325
  12 42 -1.0575
  13 42 1.0515
  14 42 0.395127
  15 42 -0.262181
  16 42 -1.16613
  17 42 1.50613
  18 42 0.753112
  19 42 1.52311
  20 42 0.994864
2100 20 840
  1 42 0.100252
  2 42 0.692132
  3 42 0.123851
  4 42 0.339475
  5 42 0.107533
  6 42 0.738916
  7 42 0.377133
  8 42 0.280673
  9 42 0.45409
  10 42 -0.259583
  11 42 -1.32077
  12 42 -0.19692
  13 42 0.166296
  14 42 -0.176986
  15 42 1.22399
  16 42 -0.492708
  17 42 0.824486
  18 42 0.385866
  19 42 -0.574031
  20 42 -0.95917
2200 20 840
  1 42 0.471576
  2 42 -0.818628
  3 42 -0.547746
  4 42 0.69635
  5 42 -0.597538
  6 42 0.391409
  7 42 0.417097
  8 42 0.769567
  9 42 0.788045
  10 42 0.111815
  11 42 -0.130885
  12 42 -0.579544
  13 42 0.227222
  14 42 -0.797084
  15 42 -0.0296185
  16 42 -0.149755
  17 42 0.292706
  18 42 -0.423397
  19 42 -0.364364
  20 42 1.05062
2300 20 840
  1 42 -0.309078
  2 42 -0.522782
  3 42 0.962415
  4 42 -0.626206
  5 42 -0.144434
  6 42 -1.01863
  7 42 0.544746
  8 42 -0.615116
  9 42 1.55375
  10 42 0.493628
  11 42 0.851934
  12 42 0.273861
  13 42 -0.39695
  14 42 -0.606718
  15 42 0.591938
  16 42 0.895786
  17 42 -0.346588
  18 42 0.839407
  19 42 -0.924162
  20 42 2.5397
2400 20 840
  1 42 0.485167
  2 42 0.442589
  3 42 -0.564986
  4 42 0.764387
  5 42 -0.548428
  6 42 -0.247458
  7 42 0.307981
  8 42 -0.459603
  9 42 -0.210756
  10 42 -0.441344
  11 42 0.420447
  12 42 -0.110465
  13 42 -0.0410893
  14 42 0.00709134
  15 42 1.18738
  16 42 -0.0116236
  17 42 0.593635
  18 42 0.529236
  19 42 -1.65379
  20 42 -0.120222
2500 20 840
  1 42 -0.0650192
  2 42 -0.38544
  3 42 0.553432
  4 42 0.179847
  5 42 0.391322
  6 42 0.581411
  7 42 -0.0455321
  8 42 1.44423
  9 42 0.482396
  10 42 -1.06352
  11 42 -0.426146
  12 42 -1.175
  13 42 1.06019
  14 42 -0.641937
  15 42 -0.137924
  16 42 -0.387806
  17 42 0.0441363
  18 42 -1.5956
  19 42 -0.735667
  20 42 1.86239
2600 20 840
  1 42 0.201394
  2 42 0.77068
  3 42 0.965704
  4 42 0.215803
  5 42 0.0675274
  6 42 0.55615
  7 42 0.471332
  8 42 -0.835058
  9 42 1.08937
  10 42 -0.231416
  11 42 1.01024
  12 42 0.589886
  13 42 -0.130773
  14 42 -0.0210642
  15 42 -0.127366
  16 42 0.674249
  17 42 0.766929
  18 42 -1.18704
  19 42 -0.23359
  20 42 -0.479191
2700 20 840
  1 42 0.245575
  2 42 0.149508
  3 42 0.493916
  4 42 0.624726
  5 42 0.622633
  6 42 1.0805
  7 42 0.863154
  8 42 -0.918424
  9 42 -0.236289
  10 42 0.0747541
  11 42 -0.223637
  12 42 1.09411
  13 42 0.847546
  14 42 1.27332
  15 42 0.793778
  16 42 -0.897273
  17 42 1.16938
  18 42 0.659769
  19 42 -0.97892
  20 42 -2.22738
2800 20 840
  1 42 0.688973
  2 42 0.546121
  3 42 0.739317
  4 42 0.557597
  5 42 1.10985
  6 42 0.855716
  7 42 0.1024
  8 42 -0.0411679
  9 42 0.497689
  10 42 0.617587
  11 42 0.400106
  12 42 -0.100091
  13 42 -0.118936
  14 42 0.997355
  15 42 -0.666226
  16 42 -0.890249
  17 42 -0.285816
  18 42 -0.86113
  19 42 0.548075
  20 42 -1.29489
2900 20 840
  1 42 0.584341
  2 42 0.0876904
  3 42 1.27807
  4 42 -0.8215
  5 42 0.354887
  6 42 0.324346
  7 42 1.00272
  8 42 0.224637
  9 42 0.266075
  10 42 -0.474485
  11 42 -0.676771
  12 42 1.3002
  13 42 0.513918
  14 42 -0.545698
  15 42 0.780548
  16 42 0.46214
  17 42 -0.736411
  18 42 0.202346
  19 42 1.13626
  20 42 -0.641453
3000 20 840
  1 42 -0.00655068
  2 42 0.360353
  3 42 -0.315103
  4 42 1.6937
  5 42 1.16595
  6 42 0.141805
  7 42 -1.57285
  8 42 -0.140513
  9 42 0.0657286
  10 42 -0.401763
  11 42 1.04334
  12 42 1.17256
  13 42 -0.0866598
  14 42 -0.279765
  15 42 0.978849
  16 42 -0.508528
  17 42 -1.36415
  18 42 -1.03739
  19 42 0.219195
  20 42 0.880639
3100 20 840
  1 42 -0.393525
  2 42 1.12419
  3 42 0.544398
  4 42 0.687155
  5 42 0.819401
  6 42 -0.210175
  7 42 -0.593254
  8 42 0.52233
  9 42 -0.650361
  10 42 0.153093
  11 42 0.840728
  12 42 -0.393625
  13 42 0.761551
  14 42 -0.574008
  15 42 0.983177
  16 42 -0.97178
  17 42 -0.538182
  18 42 0.170753
  19 42 0.956949
  20 42 -0.155224
3200 20 840
  1 42 0.590356
  2 42 -0.409857
  3 42 -0.452501
  4 42 0.88746
  5 42 -1.31534
  6 42 -0.152192
  7 42 -0.0300662
  8 42 -0.113288
  9 42 0.300495
  10 42 0.419216
  11 42 0.572097
  12 42 -0.0433596
  13 42 0.0216798
  14 42 0.465533
  15 42 -0.0885613
  16 42 -0.581749
  17 42 0.414431
  18 42 -1.20314
  19 42 0.163245
  20 42 -0.652859
3300 20 840
  1 42 0.33444
  2 42 0.210781
  3 42 0.310503
  4 42 -1.66865
  5 42 -0.618659
  6 42 0.761554
  7 42 0.424674
  8 42 0.688108
  9 42 0.309058
  10 42 0.921218
  11 42 0.52224
  12 42 0.484508
  13 42 -0.395104
  14 42 -0.029468
  15 42 -0.0218393
  16 42 -0.333514
  17 42 0.56719
  18 42 0.574136
  19 42 0.82708
  20 42 -0.223132
3400 20 840
  1 42 0.746884
  2 42 -0.201953
  3 42 0.18355
  4 42 0.514757
  5 42 0.761855
  6 42 -0.0330539
  7 42 0.816436
  8 42 0.417864
  9 42 0.484632
  10 42 0.117388
  11 42 0.431325
  12 42 -0.651201
  13 42 0.480021
  14 42 -0.183025
  15 42 0.0679096
  16 42 -0.508203
  17 42 0.301382
  18 42 -0.224754
  19 42 0.248117
  20 42 1.66078
3500 20 840
  1 42 0.297332
  2 42 0.854075
  3 42 0.903935
  4 42 0.579898
  5 42 -0.492494
  6 42 -0.303869
  7 42 1.004
  8 42 0.596285
  9 42 0.0456157
  10 42 0.507048
  11 42 -0.345695
  12 42 -0.118684
  13 42 0.600265
  14 42 0.455513
  15 42 0.0534964
  16 42 -0.484987
  17 42 0.178246
  18 42 0.273928
  19 42 0.0106451
  20 42 2.47882
3600 20 840
  1 42 0.503731
  2 42 -0.168529
  3 42 0.617826
  4 42 -0.697602
  5 42 1.16392
  6 42 1.24804
  7 42 0.531057
  8 42 1.11622
  9 42 0.326003
  10 42 -1.58242
  11 42 -0.216933
  12 42 -0.212746
  13 42 0.601428
  14 42 0.0219312
  15 42 -0.863285
  16 42 0.519455
  17 42 0.873197
  18 42 -0.741099
  19 42 0.0736743
  20 42 0.641316
3700 20 840
  1 42 -0.232175
  2 42 -0.269396
  3 42 -0.341436
  4 42 0.00425009
  5 42 -1.11251
  6 42 0.578596
  7 42 -0.47401
  8 42 -0.171361
  9 42 0.0538636
  10 42 -0.0794081
  11 42 -0.0265278
  12 42 0.626788
  13 42 0.913176
  14 42 0.0840924
  15 42 0.436776
  16 42 -1.00517
  17 42 1.31769
  18 42 1.84795
  19 42 -0.924876
  20 42 -0.699841
3800 20 840
  1 42 -0.403099
  2 42 0.586928
  3 42 -0.981377
  4 42 -0.707616
  5 42 -0.0263426
  6 42 -0.571861
  7 42 0.0645385
  8 42 0.111492
  9 42 1.52284
  10 42 0.485758
  11 42 -0.0731898
  12 42 -0.131375
  13 42 -0.397769
  14 42 -0.980082
  15 42 -1.82096
  16 42 1.41665
  17 42 0.0802155
  18 42 0.201591
  19 42 -1.30673
  20 42 1.77087
3900 20 840
  1 42 -0.491543
  2 42 -0.154727
  3 42 -0.7552
  4 42 0.240355
  5 42 1.08808
  6 42 0.782471
  7 42 -0.781395
  8 42 1.0087
  9 42 -0.195056
  10 42 -0.715323
  11 42 -0.0500602
  12 42 -0.0674653
  13 42 0.485455
  14 42 0.520975
  15 42 0.405215
  16 42 0.556072
  17 42 -0.316942
  18 42 -0.114701
  19 42 0.0168468
  20 42 0.231448
4000 20 840
  1 42 0.814872
  2 42 0.931948
  3 42 -0.393109
  4 42 -1.32303
  5 42 1.48435
  6 42 0.591845
  7 42 0.623418
  8 42 0.3071
  9 42 0.460696
  10 42 0.0987184
  11 42 -0.58483
  12 42 -0.238149
  13 42 1.10333
  14 42 -0.780411
  15 42 -0.176867
  16 42 -2.27406
  17 42 0.559949
  18 42 -0.677703
  19 42 -0.411675
  20 42 -0.31337
4100 20 840
  1 42 -0.53289
  2 42 0.117115
  3 42 1.22813
  4 42 -0.492161
  5 42 0.131732
  6 42 -2.10587
  7 42 0.170716
  8 42 0.0672953
  9 42 0.714104
  10 42 -0.229096
  11 42 -0.81891
  12 42 0.346267
  13 42 0.905763
  14 42 -0.33087
  15 42 0.866603
  16 42 -1.55298
  17 42 0.344424
  18 42 -0.248086
  19 42 0.152668
  20 42 -1.06314
4200 20 840
  1 42 0.456303
  2 42 -0.306708
  3 42 0.909755
  4 42 0.994595
  5 42 0.0860003
  6 42 -1.0245
  7 42 0.468256
  8 42 -0.13873
  9 42 0.379596
  10 42 0.884352
  11 42 1.09001
  12 42 0.266806
  13 42 0.626068
  14 42 0.0419928
  15 42 0.229369
  16 42 1.25514
  17 42 0.0421555
  18 42 -1.89797
  19 42 0.406294
  20 42 1.34688
4300 20 840
  1 42 0.228486
  2 42 0.456534
  3 42 0.331398
  4 42 0.606644
  5 42 -2.18043
  6 42 1.02928
  7 42 0.0844092
  8 42 -0.346394
  9 42 0.243863
  10 42 -0.0216154
  11 42 -0.717489
  12 42 0.68188
  13 42 1.10204
  14 42 0.457004
  15 42 0.261964
  16 42 0.541742
  17 42 0.0973287
  18 42 0.0689381
  19 42 -0.158897
  20 42 -0.0223037
4400 20 840
  1 42 0.839421
  2 42 -0.0905076
  3 42 0.781449
  4 42 -0.620031
  5 42 0.148329
  6 42 0.864695
  7 42 0.716476
  8 42 -0.0691578
  9 42 -0.0578375
  10 42 -0.496105
  11 42 1.95983
  12 42 -0.357512
  13 42 1.10458
  14 42 0.276322
  15 42 0.172275
  16 42 0.772837
  17 42 -0.472702
  18 42 -1.0204
  19 42 0.427118
  20 42 0.358777
4500 20 840
  1 42 -0.0204462
  2 42 -0.554296
  3 42 0.705968
  4 42 1.18851
  5 42 -0.103668
  6 42 -1.49284
  7 42 -0.378757
  8 42 0.891197
  9 42 0.605632
  10 42 -0.207728
  11 42 1.65933
  12 42 0.0716876
  13 42 1.04007
  14 42 0.289062
  15 42 1.26084
  16 42 -2.77901
  17 42 0.15976
  18 42 -0.642806
  19 42 0.645317
  20 42 0.548552
4600 20 840
  1 42 0.628295
  2 42 -0.963629
  3 42 0.018505
  4 42 1.91106
  5 42 -0.198721
  6 42 0.938073
  7 42 0.544985
  8 42 -0.246562
  9 42 0.568504
  10 42 0.884571
  11 42 -1.04639
  12 42 0.342662
  13 42 0.228684
  14 42 -0.505711
  15 42 0.239294
  16 42 0.0270575
  17 42 -0.422629
  18 42 0.584644
  19 42 0.253439
  20 42 -0.117157
4700 20 840
  1 42 0.111827
  2 42 -0.448326
  3 42 0.496029
  4 42 -0.503752
  5 42 -0.281353
  6 42 0.247651
  7 42 0.0244499
  8 42 0.761266
  9 42 1.04947
  10 42 -0.341187
  11 42 1.1218
  12 42 0.759661
  13 42 0.0178364
  14 42 -0.38341
  15 42 0.88134
  16 42 -1.0634
  17 42 0.563656
  18 42 0.223496
  19 42 -0.514339
  20 42 0.188543
4800 20 840
  1 42 0.188708
  2 42 0.288898
  3 42 -0.303046
  4 42 0.43804
  5 42 -0.505429
  6 42 -0.916438
  7 42 0.804621
  8 42 0.948974
  9 42 0.696539
  10 42 0.397117
  11 42 -1.42093
  12 42 -1.50208
  13 42 0.260569
  14 42 -0.190219
  15 42 -0.0671297
  16 42 0.0701429
  17 42 0.457953
  18 42 0.0223711
  19 42 -0.644689
  20 42 -0.582718
4900 20 840
  1 42 -1.25161
  2 42 0.304242
  3 42 -0.810878
  4 42 0.320312
  5 42 -0.206354
  6 42 -0.873905
  7 42 1.16887
  8 42 -0.386716
  9 42 -0.269455
  10 42 0.862999
  11 42 -2.84773
  12 42 -1.1135
  13 42 0.710465
  14 42 -0.299814
  15 42 1.34389
  16 42 -1.31948
  17 42 1.27691
  18 42 1.26859
  19 42 -0.655926
  20 42 0.01493
5000 20 840
  1 42 -0.0275245
  2 42 0.6969
  3 42 0.10322
  4 42 1.10373
  5 42 -0.377456
  6 42 -0.696554
  7 42 -0.0231802
  8 42 0.0311489
  9 42 0.461675
  10 42 -0.286247
  11 42 -0.182896
  12 42 -0.69445
  13 42 0.981273
  14 42 -0.0332149
  15 42 -0.53603
  16 42 0.930459
  17 42 1.53728
  18 42 -0.671248
  19 42 -0.50738
  20 42 0.957506
5100 20 840
  1 42 0.225167
  2 42 -1.04181
  3 42 0.812849
  4 42 0.29816
  5 42 0.00561828
  6 42 1.03104
  7 42 0.99684
  8 42 0.0470777
  9 42 0.438399
  10 42 -0.199509
  11 42 0.2814
  12 42 0.684274
  13 42 -0.597281
  14 42 0.53079
  15 42 0.358863
  16 42 -0.0798919
  17 42 1.35627
  18 42 1.59573
  19 42 0.13342
  20 42 0.637089
5200 20 840
  1 42 0.536364
  2 42 -0.448144
  3 42 0.239768
  4 42 0.399213
  5 42 -0.0597592
  6 42 -0.502743
  7 42 0.301166
  8 42 -0.00110395
  9 42 0.887208
  10 42 0.156313
  11 42 -0.510843
  12 42 -0.736881
  13 42 -1.80661
  14 42 -0.245593
  15 42 0.207366
  16 42 -0.440832
  17 42 0.726231
  18 42 0.524789
  19 42 -1.59536
  20 42 1.31936
5300 20 840
  1 42 0.129998
  2 42 0.075211
  3 42 0.641192
  4 42 -1.77523
  5 42 0.229815
  6 42 0.495831
  7 42 0.394582
  8 42 0.0834383
  9 42 0.260182
  10 42 -0.992522
  11 42 1.67064
  12 42 0.954669
  13 42 0.932602
  14 42 -0.547854
  15 42 1.18858
  16 42 1.29136
  17 42 -1.11323
  18 42 -0.930534
  19 42 -0.951336
  20 42 0.841433
5400 20 840
  1 42 0.288896
  2 42 -0.298924
  3 42 0.197413
  4 42 -0.128033
  5 42 0.435474
  6 42 0.766462
  7 42 -0.42725
  8 42 -0.854887
  9 42 0.060059
  10 42 -1.30455
  11 42 -0.416262
  12 42 0.690153
  13 42 0.594728
  14 42 0.0379611
  15 42 0.16652
  16 42 2.01243
  17 42 -0.898582
  18 42 -0.942746
  19 42 -0.531474
  20 42 0.440254
5500 20 840
  1 42 -0.100921
  2 42 0.892274
  3 42 0.572858
  4 42 1.51311
  5 42 -0.00933329
  6 42 0.47024
  7 42 0.17269
  8 42 -0.844086
  9 42 -0.465243
  10 42 0.438949
  11 42 -0.242177
  12 42 -1.08043
  13 42 0.797861
  14 42 -0.334527
  15 42 0.0306861
  16 42 -2.32308
  17 42 -0.244648
  18 42 -2.35646
  19 42 1.14575
  20 42 -0.0048864
5600 20 840
  1 42 0.428674
  2 42 0.163948
  3 42 0.153677
  4 42 -1.19033
  5 42 0.430898
  6 42 1.75638
  7 42 -0.460747
  8 42 0.329888
  9 42 0.438569
  10 42 0.0116224
  11 42 1.00313
  12 42 -0.699457
  13 42 0.95295
  14 42 1.18374
  15 42 0.595659
  16 42 -1.75003
  17 42 -1.27645
  18 42 -0.904826
  19 42 -0.442794
  20 42 -2.12587
5700 20 840
  1 42 -0.359955
  2 42 0.267161
  3 42 -0.351688
  4 42 -0.736438
  5 42 -1.27154
  6 42 0.511327
  7 42 0.23575
  8 42 0.495049
  9 42 0.0205381
  10 42 1.12233
  11 42 0.0271163
  12 42 1.19252
  13 42 0.71797
  14 42 0.545385
  15 42 0.635537
  16 42 0.185213
  17 42 0.329875
  18 42 -0.94394
  19 42 0.550602
  20 42 -0.703423
5800 20 840
  1 42 0.680448
  2 42 -0.426776
  3 42 -0.714581
  4 42 -0.252809
  5 42 0.41232
  6 42 1.99945
  7 42 0.495736
  8 42 1.27807
  9 42 1.26794
  10 42 0.337401
  11 42 0.528129
  12 42 1.04412
  13 42 -0.205179
  14 42 -0.379728
  15 42 -0.619644
  16 42 -0.339157
  17 42 -1.48923
  18 42 -0.330852
  19 42 1.94146
  20 42 0.584659
5900 20 840
  1 42 0.196955
  2 42 0.087761
  3 42 0.974092
  4 42 0.51798
  5 42 0.101605
  6 42 1.16996
  7 42 -0.76243
  8 42 1.16851
  9 42 -0.279647
  10 42 0.295224
  11 42 0.0345578
  12 42 0.851485
  13 42 0.741992
  14 42 -0.145314
  15 42 0.929409
  16 42 -0.774322
  17 42 0.448918
  18 42 -0.100286
  19 42 0.553762
  20 42 0.0256551
6000 20 840
  1 42 0.650184
  2 42 0.715474
  3 42 1.04784
  4 42 1.14968
  5 42 0.00111698
  6 42 -0.577551
  7 42 0.475347
  8 42 0.347488
  9 42 0.426616
  10 42 -0.298198
  11 42 0.428413
  12 42 -0.20712
  13 42 -0.0263052
  14 42 -0.599101
  15 42 -0.0143143
  16 42 -0.860974
  17 42 -0.717617
  18 42 0.33499
  19 42 0.485744
  20 42 0.148673
6100 20 840
  1 42 -0.829509
  2 42 -0.757671
  3 42 -0.257056
  4 42 0.406264
  5 42 -0.141652
  6 42 0.657768
  7 42 0.704437
  8 42 0.0518626
  9 42 0.0744857
  10 42 0.792768
  11 42 -0.605919
  12 42 0.713269
  13 42 0.699761
  14 42 -0.0428859
  15 42 -0.266174
  16 42 -1.39799
  17 42 2.26672
  18 42 0.382323
  19 42 -0.114354
  20 42 -0.752057
6200 20 840
  1 42 -0.258244
  2 42 0.384954
  3 42 -0.585729
  4 42 -1.07444
  5 42 0.503726
  6 42 -1.51718
  7 42 0.9795
  8 42 0.490265
  9 42 0.519745
  10 42 0.206156
  11 42 -0.867181
  12 42 0.168459
  13 42 0.26557
  14 42 0.0904606
  15 42 -0.762523
  16 42 0.990772
  17 42 1.31561
  18 42 0.801071
  19 42 0.0355761
  20 42 1.6147
6300 20 840
  1 42 -0.685601
  2 42 1.31038
  3 42 0.480095
  4 42 1.29075
  5 42 0.348692
  6 42 0.165346
  7 42 0.17311
  8 42 0.204421
  9 42 0.869493
  10 42 0.60573
  11 42 1.27127
  12 42 -0.179945
  13 42 0.0153874
  14 42 -0.222197
  15 42 -0.685109
  16 42 -1.7561
  17 42 1.1842
  18 42 -1.2152
  19 42 -1.04597
  20 42 0.272929
6400 20 840
  1 42 -0.590803
  2 42 0.603236
  3 42 -0.104476
  4 42 -0.253671
  5 42 1.4825
  6 42 0.0120354
  7 42 0.327483
  8 42 0.137028
  9 42 0.175588
  10 42 0.323466
  11 42 0.263156
  12 42 -0.327432
  13 42 1.02991
  14 42 -0.424552
  15 42 0.263511
  16 42 -0.242485
  17 42 0.693656
  18 42 0.2851
  19 42 0.283309
  20 42 1.47461
6500 20 840
  1 42 -0.784869
  2 42 -0.236726
  3 42 0.451869
  4 42 -0.125637
  5 42 0.104971
  6 42 -2.16999
  7 42 0.689968
  8 42 0.26236
  9 42 0.496377
  10 42 -0.819662
  11 42 0.837566
  12 42 0.811433
  13 42 1.39789
  14 42 -0.641743
  15 42 -1.18963
  16 42 -0.939667
  17 42 1.12441
  18 42 -0.363743
  19 42 1.0445
  20 42 -0.162873
6600 20 840
  1 42 -0.0931089
  2 42 0.532093
  3 42 -0.868119
  4 42 1.30013
  5 42 -0.000234497
  6 42 0.990525
  7 42 0.279491
  8 42 -0.166483
  9 42 0.520137
  10 42 0.125508
  11 42 -1.68348
  12 42 0.324878
  13 42 0.621107
  14 42 -0.0256271
  15 42 -0.799465
  16 42 1.71054
  17 42 -1.20113
  18 42 1.98073
  19 42 -0.0381006
  20 42 0.36772
6700 20 840
  1 42 0.180386
  2 42 0.413621
  3 42 -0.496817
  4 42 0.543301
  5 42 -0.310762
  6 42 0.612297
  7 42 -1.17075
  8 42 0.989265
  9 42 0.613244
  10 42 -0.853378
  11 42 0.38805
  12 42 -0.773995
  13 42 0.243198
  14 42 0.49836
  15 42 0.457609
  16 42 0.34057
  17 42 -0.414555
  18 42 0.658674
  19 42 1.08825
  20 42 2.26477
6800 20 840
  1 42 0.346427
  2 42 -0.201684
  3 42 0.297744
  4 42 -1.14174
  5 42 0.0890734
  6 42 0.259245
  7 42 0.277414
  8 42 0.842976
  9 42 1.19021
  10 42 0.559314
  11 42 -1.07707
  12 42 -0.035483
  13 42 1.03284
  14 42 1.17788
  15 42 -0.557069
  16 42 -2.63657
  17 42 -0.0568577
  18 42 1.31045
  19 42 0.537316
  20 42 -0.379913
6900 20 840
  1 42 -0.423628
  2 42 0.423009
  3 42 0.626313
  4 42 0.322999
  5 42 0.527532
  6 42 -0.497836
  7 42 0.179589
  8 42 0.0282617
  9 42 1.07481
  10 42 0.257706
  11 42 0.589608
  12 42 0.879107
  13 42 1.42545
  14 42 0.828511
  15 42 0.752328
  16 42 -0.214174
  17 42 1.94303
  18 42 -1.53166
  19 42 -0.485462
  20 42 1.51488
7000 20 840
  1 42 1.38807
  2 42 0.0807241
  3 42 1.42548
  4 42 0.539892
  5 42 0.134405
  6 42 0.895912
  7 42 0.325872
  8 42 0.812573
  9 42 0.198009
  10 42 0.0115432
  11 42 -0.627913
  12 42 0.219501
  13 42 1.06837
  14 42 0.905926
  15 42 -0.0417197
  16 42 -1.15007
  17 42 -0.240981
  18 42 -0.197283
  19 42 -0.274239
  20 42 -0.708123
7100 20 840
  1 42 0.638986
  2 42 0.0472065
  3 42 0.0561761
  4 42 -0.422458
  5 42 -0.138229
  6 42 0.15637
  7 42 0.659837
  8 42 0.658516
  9 42 0.208736
  10 42 0.834025
  11 42 -0.967258
  12 42 -0.17624
  13 42 0.493713
  14 42 -0.054908
  15 42 0.231965
  16 42 1.40042
  17 42 -0.0888909
  18 42 -1.67064
  19 42 0.376181
  20 42 0.889454
7200 20 840
  1 42 0.679433
  2 42 0.0802955
  3 42 -0.170648
  4 42 -0.146709
  5 42 -0.43139
  6 42 -0.866463
  7 42 0.579443
  8 42 0.493474
  9 42 1.24588
  10 42 -0.654413
  11 42 1.52845
  12 42 -0.46203
  13 42 -0.703185
  14 42 -0.743218
  15 42 0.28554
  16 42 0.101743
  17 42 -2.24056
  18 42 -1.14963
  19 42 -0.433791
  20 42 0.908012
7300 20 840
  1 42 -0.266896
  2 42 1.16412
  3 42 0.156364
  4 42 -0.343306
  5 42 -0.375742
  6 42 -0.679224
  7 42 -0.0957935
  8 42 0.0653743
  9 42 -0.0255733
  10 42 0.477766
  11 42 0.0251581
  12 42 -0.0985242
  13 42 2.03624
  14 42 0.163046
  15 42 0.45163
  16 42 1.54334
  17 42 1.10404
  18 42 -0.809779
  19 42 -0.826006
  20 42 0.563813
7400 20 840
  1 42 -0.118965
  2 42 -0.0146638
  3 42 0.230927
  4 42 0.281055
  5 42 0.265643
  6 42 -1.20036
  7 42 -0.647364
  8 42 -0.307823
  9 42 0.41388
  10 42 -0.191223
  11 42 0.881444
  12 42 -0.207643
  13 42 0.181333
  14 42 -0.0714925
  15 42 1.44653
  16 42 -0.204324
  17 42 -0.352832
  18 42 -1.17099
  19 42 -1.1464
  20 42 -0.895288
7500 20 840
  1 42 -0.0104062
  2 42 -0.0518145
  3 42 1.09913
  4 42 0.306936
  5 42 -0.0913669
  6 42 -0.364062
  7 42 0.610415
  8 42 0.749252
  9 42 0.768939
  10 42 0.335735
  11 42 1.51938
  12 42 -0.603844
  13 42 0.456989
  14 42 -0.991355
  15 42 0.741884
  16 42 -0.985366
  17 42 1.33647
  18 42 -0.338249
  19 42 0.208585
  20 42 -0.564631
7600 20 840
  1 42 0.699276
  2 42 -0.245581
  3 42 -0.420612
  4 42 0.671773
  5 42 -0.115472
  6 42 1.0954
  7 42 0.00287988
  8 42 -0.413413
  9 42 1.37069
  10 42 -0.874258
  11 42 0.662545
  12 42 0.465433
  13 42 0.00524651
  14 42 0.268235
  15 42 1.00147
  16 42 -1.37527
  17 42 -0.0752092
  18 42 0.577457
  19 42 -0.684622
  20 42 -1.51474
7700 20 840
  1 42 0.18318
  2 42 0.800156
  3 42 -0.370647
  4 42 -1.10647
  5 42 0.436669
  6 42 -0.732457
  7 42 1.49005
  8 42 -1.69585
  9 42 0.166309
  10 42 0.135638
  11 42 -0.985941
  12 42 0.388714
  13 42 0.188759
  14 42 -0.704845
  15 42 0.870747
  16 42 0.771277
  17 42 1.40226
  18 42 -0.460563
  19 42 0.0238531
  20 42 -0.968333
7800 20 840
  1 42 1.18276
  2 42 0.319079
  3 42 1.04692
  4 42 0.885785
  5 42 0.000721322
  6 42 -0.347135
  7 42 0.735254
  8 42 -0.561694
  9 42 0.150951
  10 42 -0.898909
  11 42 -0.471674
  12 42 -0.418483
  13 42 1.12764
  14 42 0.84416
  15 42 0.0588223
  16 42 0.590636
  17 42 -0.825988
  18 42 0.295141
  19 42 -0.165137
  20 42 1.76968
7900 20 840
  1 42 0.38076
  2 42 0.206309
  3 42 1.46961
  4 42 1.64938
  5 42 -0.488323
  6 42 0.204912
  7 42 0.113402
  8 42 -0.501407
  9 42 -0.518816
  10 42 -0.485559
  11 42 -0.281864
  12 42 0.174154
  13 42 -0.942277
  14 42 0.298732
  15 42 0.923474
  16 42 -1.80672
  17 42 0.209289
  18 42 0.0282192
  19 42 0.562704
  20 42 1.63058
8000 20 840
  1 42 0.401778
  2 42 0.509878
  3 42 0.64863
  4 42 -0.00853463
  5 42 0.649229
  6 42 0.13512
  7 42 0.482332
  8 42 -0.039188
  9 42 1.04362
  10 42 0.220453
  11 42 0.263941
  12 42 0.765667
  13 42 0.533498
  14 42 -0.313593
  15 42 -0.215995
  16 42 -2.33455
  17 42 -0.824514
  18 42 0.399806
  19 42 0.103921
  20 42 1.08225
8100 20 840
  1 42 -0.241961
  2 42 -0.563999
  3 42 -0.471197
  4 42 -0.20951
  5 42 0.136014
  6 42 0.898423
  7 42 0.27525
  8 42 0.639277
  9 42 0.354208
  10 42 0.372098
  11 42 0.61145
  12 42 0.817292
  13 42 0.808817
  14 42 0.668866
  15 42 0.165392
  16 42 -0.0322808
  17 42 -0.0938783
  18 42 0.135527
  19 42 -0.0700231
  20 42 1.70306
8200 20 840
  1 42 0.853652
  2 42 0.780145
  3 42 -0.396523
  4 42 -0.237693
  5 42 0.652357
  6 42 -1.1046
  7 42 -0.0424859
  8 42 0.798427
  9 42 -0.606552
  10 42 -0.315258
  11 42 -0.294282
  12 42 0.397741
  13 42 0.253605
  14 42 0.129417
  15 42 0.633533
  16 42 0.342208
  17 42 0.192525
  18 42 0.0226328
  19 42 0.0711337
  20 42 0.984591
8300 20 840
  1 42 -0.144389
  2 42 -0.288028
  3 42 0.222084
  4 42 0.206759
  5 42 0.321764
  6 42 0.261303
  7 42 -0.521302
  8 42 -0.395917
  9 42 -0.19341
  10 42 0.344159
  11 42 0.22033
  12 42 0.60727
  13 42 1.04814
  14 42 -0.0118109
  15 42 -0.311657
  16 42 -2.44204
  17 42 0.0067297
  18 42 1.01983
  19 42 -0.409368
  20 42 -0.352213
8400 20 840
  1 42 0.573672
  2 42 0.319661
  3 42 1.3487
  4 42 0.309227
  5 42 -0.126362
  6 42 0.0274245
  7 42 0.108852
  8 42 0.661177
  9 42 -0.382359
  10 42 -0.0717689
  11 42 -1.85628
  12 42 -0.111623
  13 42 0.670143
  14 42 -0.317018
  15 42 0.749782
  16 42 -0.151121
  17 42 -0.043264
  18 42 -0.624453
  19 42 0.156166
  20 42 1.04921
8500 20 840
  1 42 -0.157209
  2 42 -0.555368
  3 42 -0.379614
  4 42 0.303685
  5 42 -0.184398
  6 42 -0.483514
  7 42 0.269424
  8 42 1.13012
  9 42 0.705879
  10 42 0.325791
  11 42 0.50015
  12 42 -0.741717
  13 42 0.537827
  14 42 -0.0440583
  15 42 -1.0503
  16 42 0.888004
  17 42 -0.287201
  18 42 -1.02019
  19 42 -1.06177
  20 42 -0.429671
8600 20 840
  1 42 0.331873
  2 42 1.17276
  3 42 -1.39081
  4 42 -1.79734
  5 42 0.0119332
  6 42 1.98622
  7 42 1.14049
  8 42 0.570507
  9 42 -0.0844547
  10 42 0.788372
  11 42 0.908764
  12 42 0.417702
  13 42 0.510706
  14 42 0.628301
  15 42 1.03078
  16 42 0.105825
  17 42 -0.207678
  18 42 -0.410213
  19 42 -0.145886
  20 42 -1.71178
8700 20 840
  1 42 -0.279607
  2 42 -0.00471164
  3 42 0.666814
  4 42 1.0573
  5 42 0.104879
  6 42 1.39909
  7 42 0.526662
  8 42 0.770924
  9 42 -0.205292
  10 42 -0.184047
  11 42 1.33881
  12 42 -0.126386
  13 42 0.345566
  14 42 -0.0158206
  15 42 0.868091
  16 42 1.44665
  17 42 -0.373655
  18 42 -1.55421
  19 42 0.213079
  20 42 -0.139669
8800 20 840
  1 42 -0.176813
  2 42 -0.494325
  3 42 -0.68304
  4 42 0.0466129
  5 42 0.457542
  6 42 1.38807
  7 42 0.353315
  8 42 0.345601
  9 42 0.520039
  10 42 1.14466
  11 42 1.98843
  12 42 -0.187218
  13 42 -0.0792917
  14 42 -0.753546
  15 42 -1.86912
  16 42 -0.776911
  17 42 -2.01441
  18 42 -1.48396
  19 42 -0.417937
  20 42 0.487496
8900 20 840
  1 42 -0.431379
  2 42 -0.0584168
  3 42 0.845622
  4 42 -0.11399
  5 42 0.251117
  6 42 -1.10799
  7 42 -0.0554239
  8 42 0.741605
  9 42 0.134798
  10 42 -0.0327146
  11 42 -0.150641
  12 42 0.703493
  13 42 0.266858
  14 42 -1.37457
  15 42 0.737288
  16 42 1.81832
  17 42 0.818004
  18 42 0.689539
  19 42 0.482332
  20 42 0.877362
9000 20 840
  1 42 0.553184
  2 42 -1.18435
  3 42 -0.172452
  4 42 0.606487
  5 42 0.837863
  6 42 -0.204938
  7 42 0.810015
  8 42 1.20301
  9 42 0.109205
  10 42 0.412444
  11 42 0.204022
  12 42 0.0356676
  13 42 0.604646
  14 42 -0.474037
  15 42 -0.680137
  16 42 -0.0399622
  17 42 -0.50047
  18 42 0.523807
  19 42 0.41148
  20 42 -1.73085
9100 20 840
  1 42 -0.823052
  2 42 0.525749
  3 42 0.384673
  4 42 -0.732631
  5 42 0.298424
  6 42 -0.289605
  7 42 -0.0303466
  8 42 0.704239
  9 42 1.02019
  10 42 0.740813
  11 42 -0.48068
  12 42 0.472642
  13 42 0.322373
  14 42 0.270433
  15 42 -0.626061
  16 42 -0.0987917
  17 42 1.2711
  18 42 1.04936
  19 42 0.176022
  20 42 1.04643
9200 20 840
  1 42 0.261182
  2 42 0.433523
  3 42 -1.28425
  4 42 -0.769466
  5 42 0.836537
  6 42 -0.387299
  7 42 0.102216
  8 42 -0.712332
  9 42 1.11913
  10 42 -0.213375
  11 42 1.49599
  12 42 1.08687
  13 42 -0.227987
  14 42 0.336172
  15 42 0.635075
  16 42 -0.915426
  17 42 1.02771
  18 42 0.0980337
  19 42 0.211642
  20 42 -1.73264
9300 20 840
  1 42 0.0821953
  2 42 0.60315
  3 42 -0.202526
  4 42 0.196316
  5 42 0.169765
  6 42 0.533617
  7 42 0.460418
  8 42 -0.212981
  9 42 0.821099
  10 42 0.738586
  11 42 -0.371704
  12 42 0.996434
  13 42 1.59889
  14 42 0.650085
  15 42 -0.912314
  16 42 -0.217739
  17 42 2.42554
  18 42 1.73884
  19 42 0.332851
  20 42 -0.107367
9400 20 840
  1 42 0.9279
  2 42 -0.0314084
  3 42 0.672381
  4 42 1.5689
  5 42 0.0957143
  6 42 0.559607
  7 42 0.525254
  8 42 0.370831
  9 42 0.72775
  10 42 -0.480528
  11 42 0.20206
  12 42 -0.334358
  13 42 0.843974
  14 42 -0.328736
  15 42 -0.173839
  16 42 0.374773
  17 42 0.317071
  18 42 0.137469
  19 42 0.468591
  20 42 1.0186
9500 20 840
  1 42 0.599255
  2 42 0.794206
  3 42 0.948488
  4 42 -0.901101
  5 42 0.67146
  6 42 1.58604
  7 42 0.728936
  8 42 -0.335381
  9 42 0.430607
  10 42 -0.16746
  11 42 -1.10413
  12 42 1.56964
  13 42 1.14273
  14 42 0.273858
  15 42 -0.261322
  16 42 -1.122
  17 42 -0.305137
  18 42 1.79803
  19 42 0.286351
  20 42 -0.0451725
9600 20 840
  1 42 0.566319
  2 42 -0.285393
  3 42 -0.631548
  4 42 0.749561
  5 42 0.0826908
  6 42 0.0896546
  7 42 -0.943988
  8 42 -0.293162
  9 42 0.905902
  10 42 -0.923445
  11 42 -0.523168
  12 42 0.750706
  13 42 -0.81531
  14 42 -0.285306
  15 42 0.776121
  16 42 1.09176
  17 42 -1.82213
  18 42 -0.816283
  19 42 -0.710925
  20 42 1.17641
9700 20 840
  1 42 0.162509
  2 42 -0.217414
  3 42 -0.507679
  4 42 0.660796
  5 42 -0.0119491
  6 42 -0.674653
  7 42 0.777334
  8 42 -1.01405
  9 42 0.339484
  10 42 0.246774
  11 42 1.40316
  12 42 -0.951356
  13 42 -0.167899
  14 42 -0.926928
  15 42 0.889403
  16 42 -0.417647
  17 42 -0.313423
  18 42 -0.697733
  19 42 0.338522
  20 42 -0.292889
9800 20 840
  1 42 -0.131486
  2 42 -0.449485
  3 42 -0.881201
  4 42 0.0789015
  5 42 0.352371
  6 42 -0.601202
  7 42 -0.359005
  8 42 -0.0465608
  9 42 -0.169252
  10 42 0.812746
  11 42 -0.520633
  12 42 -0.988897
  13 42 2.11514
  14 42 0.73715
  15 42 -0.203989
  16 42 0.0922085
  17 42 0.735081
  18 42 -1.1401
  19 42 -1.00111
  20 42 -0.320106
9900 20 840
  1 42 -0.432405
  2 42 -0.237894
  3 42 1.29623
  4 42 0.655334
  5 42 0.781006
  6 42 0.319472
  7 42 0.182035
  8 42 0.234778
  9 42 -0.244399
  10 42 -0.526446
  11 42 0.570874
  12 42 -0.957644
  13 42 -0.0439717
  14 42 -0.403518
  15 42 1.08977
  16 42 -1.17418
  17 42 -0.372826
  18 42 -1.45369
  19 42 -0.547843
  20 42 -0.214288
10000 20 840
  1 42 0.419726
  2 42 -0.54392
  3 42 0.561332
  4 42 0.774848
  5 42 -0.236131
  6 42 0.136578
  7 42 1.06793
  8 42 0.582763
  9 42 0.783599
  10 42 0.809362
  11 42 0.27457
  12 42 -0.958579
  13 42 0.872088
  14 42 -0.529296
  15 42 0.0259029
  16 42 0.957885
  17 42 -0.532575
  18 42 0.0546849
  19 42 -1.08308
  20 42 0.641333
