# Chunk-averaged data for fix bowForces and group all
# Timestep Number-of-chunks Total-count
# Chunk Ncount c_bowComp
0 20 840
  1 42 0.143713
  2 42 0.143713
  3 42 0.143713
  4 42 0.143713
  5 42 0.143713
  6 42 0.143713
  7 42 0.143713
  8 42 0.143713
  9 42 0.143713
  10 42 0.143713
  11 42 0.143713
  12 42 0.143713
  13 42 0.143713
  14 42 0.143713
  15 42 0.143713
  16 42 0.143713
  17 42 0.143713
  18 42 0.143713
  19 42 0.143713
  20 42 0.143713
100 20 840
  1 42 0.249033
  2 42 0.30505
  3 42 0.548908
  4 42 0.825818
  5 42 0.433209
  6 42 1.32222
  7 42 -0.507751
  8 42 -0.0672546
  9 42 0.650567
  10 42 -0.12278
  11 42 0.75118
  12 42 0.297764
  13 42 0.467046
  14 42 0.188067
  15 42 -0.612995
  16 42 -0.796067
  17 42 -0.180633
  18 42 0.150419
  19 42 0.456917
  20 42 -0.241738
200 20 840
  1 42 0.0982718
  2 42 -0.113847
  3 42 1.06462
  4 42 0.83675
  5 42 0.856406
  6 42 0.581537
  7 42 -0.188862
  8 42 0.380301
  9 42 -0.494079
  10 42 -0.83355
  11 42 -0.31639
  12 42 0.0548726
  13 42 0.402923
  14 42 0.88616
  15 42 0.384018
  16 42 0.219702
  17 42 1.73771
  18 42 0.644576
  19 42 1.85278
  20 42 -1.04502
300 20 840
  1 42 -0.192462
  2 42 0.0810797
  3 42 -0.717075
  4 42 -0.463201
  5 42 0.55718
  6 42 -0.0301687
  7 42 -0.100456
  8 42 -0.657968
  9 42 0.840293
  10 42 0.994874
  11 42 -0.377449
  12 42 -0.150964
  13 42 -0.177793
  14 42 0.250333
  15 42 -0.850808
  16 42 0.667746
  17 42 -0.395684
  18 42 1.20476
  19 42 -0.81399
  20 42 0.752236
400 20 840
  1 42 0.683369
  2 42 0.219706
  3 42 0.942259
  4 42 -0.044111
  5 42 0.230216
  6 42 -0.269933
  7 42 0.441912
  8 42 -0.41957
  9 42 0.256385
  10 42 -0.555514
  11 42 0.869334
  12 42 0.370815
  13 42 -0.511767
  14 42 -0.316964
  15 42 0.665101
  16 42 1.38728
  17 42 -0.450048
  18 42 0.706798
  19 42 -0.552264
  20 42 -0.510589
500 20 840
  1 42 1.27545
  2 42 -0.489616
  3 42 0.244656
  4 42 -0.359962
  5 42 0.762204
  6 42 1.3062
  7 42 -0.218056
  8 42 0.615842
  9 42 -0.272753
  10 42 -0.580115
  11 42 0.113277
  12 42 0.880836
  13 42 0.0823463
  14 42 0.0432124
  15 42 0.296085
  16 42 -0.165677
  17 42 -0.933874
  18 42 0.11015
  19 42 0.599916
  20 42 -0.0944579
600 20 840
  1 42 -0.976096
  2 42 0.864363
  3 42 -0.348163
  4 42 0.345221
  5 42 0.879673
  6 42 -1.11016
  7 42 -0.314813
  8 42 0.253152
  9 42 -0.453274
  10 42 1.24374
  11 42 0.088935
  12 42 0.0645781
  13 42 0.340914
  14 42 -0.141585
  15 42 -0.685361
  16 42 0.202422
  17 42 -0.450982
  18 42 -1.28071
  19 42 0.326704
  20 42 0.762576
700 20 840
  1 42 -0.198058
  2 42 0.198731
  3 42 -0.335613
  4 42 0.223924
  5 42 0.355905
  6 42 -0.815066
  7 42 0.763923
  8 42 0.285318
  9 42 -0.886858
  10 42 -0.394092
  11 42 1.07896
  12 42 -0.981635
  13 42 0.291765
  14 42 -0.499027
  15 42 -0.0425321
  16 42 0.241416
  17 42 0.443223
  18 42 -1.12344
  19 42 0.133945
  20 42 -0.0450662
800 20 840
  1 42 -0.18235
  2 42 -0.169136
  3 42 -0.855015
  4 42 -0.750906
  5 42 -1.14052
  6 42 0.252209
  7 42 -1.14159
  8 42 0.234178
  9 42 0.183581
  10 42 1.10558
  11 42 0.385914
  12 42 -0.393027
  13 42 -0.318973
  14 42 0.717104
  15 42 -0.689646
  16 42 0.996749
  17 42 0.99609
  18 42 0.153289
  19 42 0.0389992
  20 42 -0.0576824
900 20 840
  1 42 0.0335487
  2 42 -0.75382
  3 42 -0.240647
  4 42 0.326603
  5 42 -0.443278
  6 42 -0.0854774
  7 42 0.732662
  8 42 -0.219331
  9 42 0.55607
  10 42 0.285884
  11 42 1.07975
  12 42 -0.626398
  13 42 -1.62581
  14 42 -0.758644
  15 42 1.13833
  16 42 -0.474545
  17 42 -0.654403
  18 42 0.468019
  19 42 0.90659
  20 42 -0.0871971
1000 20 840
  1 42 0.231782
  2 42 -0.297953
  3 42 0.300766
  4 42 0.0962495
  5 42 -0.264546
  6 42 0.111968
  7 42 -0.0599025
  8 42 0.944428
  9 42 0.919935
  10 42 0.240857
  11 42 0.710987
  12 42 1.13938
  13 42 0.484071
  14 42 0.0861858
  15 42 0.62785
  16 42 0.22441
  17 42 -0.0204083
  18 42 1.18308
  19 42 0.423615
  20 42 0.449136
1100 20 840
  1 42 0.647979
  2 42 -0.0252835
  3 42 -0.0802987
  4 42 -0.236231
  5 42 0.165841
  6 42 0.320064
  7 42 0.12274
  8 42 1.02959
  9 42 0.159897
  10 42 0.0426011
  11 42 0.0275216
  12 42 1.49884
  13 42 1.01088
  14 42 0.226857
  15 42 -0.191662
  16 42 0.186241
  17 42 0.421458
  18 42 0.461974
  19 42 0.777538
  20 42 0.0174429
1200 20 840
  1 42 0.612429
  2 42 -0.553048
  3 42 -0.417491
  4 42 0.70133
  5 42 0.759955
  6 42 0.441169
  7 42 1.46039
  8 42 -0.0838477
  9 42 -0.888758
  10 42 0.0524634
  11 42 -0.662743
  12 42 -0.10762
  13 42 -0.446455
  14 42 -0.232816
  15 42 0.00255054
  16 42 -0.600119
  17 42 0.380263
  18 42 -0.196405
  19 42 1.28254
  20 42 -0.4005
1300 20 840
  1 42 0.00255319
  2 42 0.435722
  3 42 0.108101
  4 42 -0.423212
  5 42 -0.88057
  6 42 0.947037
  7 42 -0.426618
  8 42 -0.00076274
  9 42 0.302606
  10 42 0.538599
  11 42 0.242382
  12 42 -0.237664
  13 42 0.272743
  14 42 0.758891
  15 42 -0.554389
  16 42 0.80632
  17 42 0.611049
  18 42 0.732745
  19 42 -0.195303
  20 42 0.299016
1400 20 840
  1 42 -0.41203
  2 42 0.282543
  3 42 0.202193
  4 42 0.0121269
  5 42 0.290085
  6 42 -0.380417
  7 42 1.4489
  8 42 -0.44654
  9 42 0.323874
  10 42 -0.698189
  11 42 0.194117
  12 42 -0.282402
  13 42 -0.254228
  14 42 -0.247858
  15 42 1.0486
  16 42 -0.0904301
  17 42 -0.313684
  18 42 -0.571816
  19 42 -0.387281
  20 42 -0.271108
1500 20 840
  1 42 -0.939969
  2 42 0.113419
  3 42 -0.633855
  4 42 0.0950131
  5 42 0.461489
  6 42 -0.697813
  7 42 0.0223283
  8 42 -0.482799
  9 42 0.853176
  10 42 0.967896
  11 42 -0.565972
  12 42 1.04597
  13 42 0.791469
  14 42 0.127273
  15 42 0.877468
  16 42 0.371912
  17 42 0.579573
  18 42 -0.41306
  19 42 -0.220491
  20 42 0.0669601
1600 20 840
  1 42 0.762705
  2 42 -0.518037
  3 42 1.13772
  4 42 0.0907085
  5 42 1.65553
  6 42 -0.138721
  7 42 0.919377
  8 42 0.595468
  9 42 0.370345
  10 42 -0.915786
  11 42 -0.126577
  12 42 -0.158666
  13 42 1.06925
  14 42 0.122455
  15 42 -0.587434
  16 42 0.170797
  17 42 -0.927263
  18 42 -0.272577
  19 42 -0.500946
  20 42 0.596738
1700 20 840
  1 42 0.0625698
  2 42 -0.285778
  3 42 1.4639
  4 42 1.53675
  5 42 0.692612
  6 42 -0.741918
  7 42 -0.880154
  8 42 -0.2646
  9 42 -0.301422
  10 42 -0.537611
  11 42 0.554171
  12 42 0.37235
  13 42 0.0942621
  14 42 0.0586073
  15 42 0.99607
  16 42 0.366311
  17 42 -0.257091
  18 42 0.238164
  19 42 -0.543767
  20 42 -0.373648
1800 20 840
  1 42 0.517062
  2 42 -0.1967
  3 42 -0.373982
  4 42 -0.185121
  5 42 -0.726097
  6 42 0.464778
  7 42 0.381557
  8 42 -1.09602
  9 42 0.814587
  10 42 0.750101
  11 42 0.835386
  12 42 0.679487
  13 42 0.0917798
  14 42 0.465612
  15 42 0.239622
  16 42 0.60679
  17 42 -0.192871
  18 42 1.42239
  19 42 -0.798434
  20 42 0.63501
1900 20 840
  1 42 0.0874255
  2 42 -0.428813
  3 42 0.618375
  4 42 0.0112568
  5 42 -0.834781
  6 42 -0.0147348
  7 42 0.56226
  8 42 0.289553
  9 42 -0.331041
  10 42 -0.683762
  11 42 0.999197
  12 42 -0.546256
  13 42 0.368332
  14 42 0.702761
  15 42 0.198824
  16 42 1.05485
  17 42 1.17786
  18 42 -0.444096
  19 42 0.234146
  20 42 0.611155
2000 20 840
  1 42 0.45702
  2 42 1.21486
  3 42 -0.338939
  4 42 0.298433
  5 42 0.369447
  6 42 1.24468
  7 42 -0.463998
  8 42 0.367251
  9 42 0.477954
  10 42 0.727355
  11 42 0.00672154
  12 42 -1.26286
  13 42 0.689176
  14 42 0.47068
  15 42 -0.0357295
  16 42 -0.643233
  17 42 -0.338859
  18 42 -0.382256
  19 42 -0.426178
  20 42 1.25442
2100 20 840
  1 42 0.740064
  2 42 0.754377
  3 42 -0.525206
  4 42 0.690617
  5 42 -0.689084
  6 42 0.509256
  7 42 -0.152678
  8 42 0.840516
  9 42 0.22543
  10 42 0.7088
  11 42 0.595351
  12 42 -0.105681
  13 42 0.220723
  14 42 0.682527
  15 42 0.602686
  16 42 -1.34355
  17 42 0.517709
  18 42 0.900953
  19 42 0.753888
  20 42 -0.66198
2200 20 840
  1 42 0.836797
  2 42 -0.669427
  3 42 0.00379741
  4 42 0.44806
  5 42 0.46532
  6 42 -0.886229
  7 42 1.14817
  8 42 1.74469
  9 42 -0.453043
  10 42 0.977008
  11 42 -0.0292875
  12 42 -0.502125
  13 42 0.419872
  14 42 -0.536387
  15 42 1.09307
  16 42 0.0253876
  17 42 0.256541
  18 42 -0.487026
  19 42 0.687844
  20 42 0.861559
2300 20 840
  1 42 0.17425
  2 42 -0.152393
  3 42 -0.837139
  4 42 -0.160932
  5 42 -1.37191
  6 42 -0.857168
  7 42 -0.0147403
  8 42 -0.18818
  9 42 0.649818
  10 42 1.42726
  11 42 0.368073
  12 42 -0.102811
  13 42 -0.0578668
  14 42 -0.260579
  15 42 -0.16201
  16 42 -0.00512013
  17 42 -0.273314
  18 42 0.771409
  19 42 -1.30567
  20 42 0.705027
2400 20 840
  1 42 -0.105739
  2 42 0.937973
  3 42 -0.551195
  4 42 0.176068
  5 42 0.239424
  6 42 -0.63322
  7 42 1.39347
  8 42 -0.335869
  9 42 -0.61793
  10 42 0.021655
  11 42 -0.724644
  12 42 -0.513204
  13 42 0.169509
  14 42 0.518874
  15 42 1.38745
  16 42 0.373619
  17 42 0.396778
  18 42 0.891783
  19 42 0.000293642
  20 42 0.110982
2500 20 840
  1 42 -0.813074
  2 42 -0.275171
  3 42 0.232758
  4 42 0.870465
  5 42 0.322115
  6 42 -0.357257
  7 42 0.0745798
  8 42 0.587155
  9 42 1.34473
  10 42 -0.429764
  11 42 -0.0767057
  12 42 -0.832419
  13 42 0.281792
  14 42 0.150417
  15 42 0.120897
  16 42 -0.0107346
  17 42 -0.196501
  18 42 -1.38745
  19 42 -0.151136
  20 42 0.987696
2600 20 840
  1 42 -0.592195
  2 42 0.612867
  3 42 0.899399
  4 42 0.719213
  5 42 -0.983082
  6 42 -0.307665
  7 42 0.993423
  8 42 -0.403728
  9 42 0.968392
  10 42 -0.369
  11 42 0.0344576
  12 42 0.112736
  13 42 0.765675
  14 42 -0.181712
  15 42 -0.0735953
  16 42 0.528747
  17 42 0.628904
  18 42 -0.784592
  19 42 -0.574784
  20 42 0.226206
2700 20 840
  1 42 0.769357
  2 42 0.468284
  3 42 0.398832
  4 42 0.472135
  5 42 1.55905
  6 42 2.08103
  7 42 0.866459
  8 42 -0.696814
  9 42 -0.855344
  10 42 -0.836073
  11 42 1.00852
  12 42 0.711165
  13 42 0.993486
  14 42 0.508635
  15 42 1.4901
  16 42 -0.390618
  17 42 0.512269
  18 42 0.280441
  19 42 -0.158276
  20 42 -0.825555
2800 20 840
  1 42 0.273121
  2 42 1.06716
  3 42 1.52774
  4 42 -0.395798
  5 42 2.30393
  6 42 -0.00536201
  7 42 -0.165592
  8 42 -0.413364
  9 42 -0.0947789
  10 42 0.719438
  11 42 -0.504414
  12 42 -0.026369
  13 42 0.361582
  14 42 0.681697
  15 42 -0.0680421
  16 42 0.26322
  17 42 -0.618671
  18 42 -0.342525
  19 42 -0.439718
  20 42 -0.269326
2900 20 840
  1 42 1.08661
  2 42 -0.257218
  3 42 0.359677
  4 42 0.331248
  5 42 0.871709
  6 42 0.13095
  7 42 1.15275
  8 42 -0.586382
  9 42 2.11316
  10 42 -0.227778
  11 42 0.79096
  12 42 0.600532
  13 42 0.385175
  14 42 -0.365991
  15 42 0.199142
  16 42 -0.0641673
  17 42 -0.889665
  18 42 -0.0737456
  19 42 0.299185
  20 42 -0.172292
3000 20 840
  1 42 -0.590191
  2 42 0.11514
  3 42 -0.239919
  4 42 0.269006
  5 42 0.275065
  6 42 0.585553
  7 42 -1.33772
  8 42 -0.145382
  9 42 0.457586
  10 42 0.0365037
  11 42 0.531439
  12 42 1.51801
  13 42 1.19023
  14 42 0.531836
  15 42 0.480729
  16 42 -0.4047
  17 42 -0.0878979
  18 42 0.209173
  19 42 1.03691
  20 42 -0.627179
3100 20 840
  1 42 -0.396332
  2 42 0.848825
  3 42 -0.534935
  4 42 1.0077
  5 42 0.88375
  6 42 -0.489342
  7 42 -0.328485
  8 42 0.0528974
  9 42 -0.259073
  10 42 -0.224286
  11 42 0.55396
  12 42 -0.309808
  13 42 0.107562
  14 42 -0.189396
  15 42 -0.416254
  16 42 -0.773071
  17 42 0.0884843
  18 42 -0.161151
  19 42 1.22554
  20 42 0.112013
3200 20 840
  1 42 1.59532
  2 42 0.217054
  3 42 -0.122093
  4 42 1.1894
  5 42 1.08239
  6 42 -0.265881
  7 42 -0.472221
  8 42 -0.280745
  9 42 -0.451353
  10 42 0.544804
  11 42 0.393734
  12 42 -1.38601
  13 42 -0.0824673
  14 42 -0.289666
  15 42 0.397677
  16 42 -0.42306
  17 42 -0.0983918
  18 42 0.020781
  19 42 0.481226
  20 42 0.253643
3300 20 840
  1 42 0.942451
  2 42 0.347479
  3 42 -0.908637
  4 42 -1.16214
  5 42 -0.175909
  6 42 0.470599
  7 42 -0.570211
  8 42 0.362117
  9 42 -0.207135
  10 42 1.40862
  11 42 0.803153
  12 42 0.3343
  13 42 0.36574
  14 42 0.148942
  15 42 0.403121
  16 42 0.182999
  17 42 0.365158
  18 42 0.237092
  19 42 0.116388
  20 42 0.380113
3400 20 840
  1 42 0.758344
  2 42 -0.359603
  3 42 -0.517391
  4 42 0.0314834
  5 42 1.12951
  6 42 0.59412
  7 42 0.804296
  8 42 0.385838
  9 42 -1.32883
  10 42 -0.73524
  11 42 1.53437
  12 42 0.67981
  13 42 -0.315431
  14 42 -0.29896
  15 42 0.370758
  16 42 -0.802865
  17 42 -0.714768
  18 42 -0.161581
  19 42 0.103889
  20 42 0.112117
3500 20 840
  1 42 0.022249
  2 42 0.56504
  3 42 0.604681
  4 42 0.545551
  5 42 -0.45178
  6 42 0.324481
  7 42 0.226811
  8 42 0.767533
  9 42 0.547676
  10 42 0.806519
  11 42 -0.25866
  12 42 0.0534587
  13 42 0.691366
  14 42 -0.0618342
  15 42 -1.02224
  16 42 0.399831
  17 42 0.936776
  18 42 -0.135296
  19 42 0.513606
  20 42 1.24072
3600 20 840
  1 42 1.03632
  2 42 0.0722952
  3 42 0.782293
  4 42 0.0109422
  5 42 0.729444
  6 42 0.37205
  7 42 0.684334
  8 42 0.897111
  9 42 0.622178
  10 42 -0.591911
  11 42 0.429972
  12 42 -0.766716
  13 42 0.177649
  14 42 0.495607
  15 42 0.000881928
  16 42 -0.0321271
  17 42 -0.618716
  18 42 -0.506844
  19 42 0.447381
  20 42 0.300674
3700 20 840
  1 42 -0.697894
  2 42 0.50351
  3 42 -0.286808
  4 42 -0.0272512
  5 42 -0.589733
  6 42 0.0822776
  7 42 0.153698
  8 42 -0.211033
  9 42 -1.15644
  10 42 1.32394
  11 42 -0.253709
  12 42 0.0126838
  13 42 0.934877
  14 42 0.116993
  15 42 0.606587
  16 42 -0.111884
  17 42 1.39137
  18 42 0.724901
  19 42 -0.588441
  20 42 -0.48048
3800 20 840
  1 42 0.188906
  2 42 0.465125
  3 42 -0.0497557
  4 42 -0.29132
  5 42 -1.21027
  6 42 -0.231711
  7 42 0.445138
  8 42 0.133935
  9 42 1.9161
  10 42 0.629042
  11 42 0.0990739
  12 42 -0.828771
  13 42 0.205487
  14 42 0.0230976
  15 42 -0.242205
  16 42 0.390016
  17 42 -0.147764
  18 42 0.416712
  19 42 -0.610656
  20 42 1.00253
3900 20 840
  1 42 -1.17046
  2 42 -0.203218
  3 42 -0.589031
  4 42 0.46412
  5 42 0.839334
  6 42 -0.436704
  7 42 -0.238051
  8 42 0.737164
  9 42 1.00447
  10 42 0.108923
  11 42 0.587582
  12 42 0.236442
  13 42 -0.0314267
  14 42 0.465728
  15 42 0.513538
  16 42 -0.297427
  17 42 0.661026
  18 42 -0.490171
  19 42 -0.0423274
  20 42 -0.420348
4000 20 840
  1 42 0.186171
  2 42 1.05972
  3 42 0.497855
  4 42 0.23951
  5 42 1.69017
  6 42 0.621494
  7 42 0.817727
  8 42 0.242706
  9 42 0.164109
  10 42 0.814532
  11 42 -0.308988
  12 42 0.578307
  13 42 0.293344
  14 42 0.308296
  15 42 0.135008
  16 42 -1.25755
  17 42 -0.704943
  18 42 0.562449
  19 42 -0.291871
  20 42 -0.542799
4100 20 840
  1 42 0.60803
  2 42 -0.256302
  3 42 0.671169
  4 42 0.351978
  5 42 -0.254255
  6 42 -1.05285
  7 42 -0.43876
  8 42 0.280205
  9 42 0.0377581
  10 42 -0.435696
  11 42 -0.141841
  12 42 0.521768
  13 42 1.01999
  14 42 0.200517
  15 42 -0.637896
  16 42 -0.456163
  17 42 0.0778113
  18 42 0.302885
  19 42 -0.709691
  20 42 -0.490009
4200 20 840
  1 42 0.395857
  2 42 0.577923
  3 42 -0.0436732
  4 42 0.398675
  5 42 1.40111
  6 42 -0.370825
  7 42 1.19519
  8 42 0.0553836
  9 42 -0.405482
  10 42 0.00883747
  11 42 -0.53462
  12 42 -0.0744259
  13 42 0.848952
  14 42 0.223562
  15 42 0.412705
  16 42 1.06549
  17 42 0.0802493
  18 42 -0.527001
  19 42 -0.0167981
  20 42 1.26841
4300 20 840
  1 42 0.581543
  2 42 0.575197
  3 42 0.183905
  4 42 0.127195
  5 42 -0.270329
  6 42 1.07687
  7 42 0.606502
  8 42 -0.865944
  9 42 0.929183
  10 42 -0.237563
  11 42 0.846085
  12 42 0.90698
  13 42 0.124152
  14 42 1.14531
  15 42 0.351771
  16 42 -0.0359496
  17 42 0.261669
  18 42 0.860166
  19 42 0.248343
  20 42 -0.234877
4400 20 840
  1 42 0.992401
  2 42 0.269005
  3 42 0.19861
  4 42 0.475564
  5 42 0.334245
  6 42 0.52982
  7 42 0.497054
  8 42 0.208891
  9 42 0.711094
  10 42 -0.081681
  11 42 0.470849
  12 42 -0.480106
  13 42 1.05714
  14 42 0.850418
  15 42 0.451459
  16 42 0.749576
  17 42 -0.0914641
  18 42 -1.05688
  19 42 1.05337
  20 42 0.57641
4500 20 840
  1 42 -0.25606
  2 42 -0.716843
  3 42 1.41168
  4 42 0.31429
  5 42 0.548774
  6 42 -1.11618
  7 42 1.13611
  8 42 -0.00570977
  9 42 0.941624
  10 42 0.210645
  11 42 0.745796
  12 42 -0.173686
  13 42 0.398468
  14 42 0.584705
  15 42 -0.236008
  16 42 -1.56482
  17 42 0.499638
  18 42 -0.187051
  19 42 2.36231
  20 42 0.762041
4600 20 840
  1 42 0.57155
  2 42 -0.063382
  3 42 -0.289374
  4 42 0.981302
  5 42 0.0439334
  6 42 -0.285062
  7 42 0.387614
  8 42 -0.908438
  9 42 0.080757
  10 42 0.61919
  11 42 0.0691247
  12 42 -0.00983948
  13 42 0.0617308
  14 42 -0.347033
  15 42 1.42315
  16 42 -0.391446
  17 42 0.378241
  18 42 1.15134
  19 42 1.06091
  20 42 -0.555764
4700 20 840
  1 42 0.863959
  2 42 -0.690757
  3 42 0.686514
  4 42 0.473279
  5 42 -0.615284
  6 42 -0.148725
  7 42 -1.11167
  8 42 0.358508
  9 42 0.760848
  10 42 0.586266
  11 42 0.336603
  12 42 -0.347726
  13 42 0.689507
  14 42 -1.04171
  15 42 1.35159
  16 42 0.0656706
  17 42 -0.434128
  18 42 -0.107715
  19 42 -0.923299
  20 42 0.476301
4800 20 840
  1 42 0.0634953
  2 42 0.27479
  3 42 -0.560035
  4 42 -0.789649
  5 42 -1.3485
  6 42 -0.718131
  7 42 -0.236919
  8 42 0.450703
  9 42 -0.58767
  10 42 0.277924
  11 42 -0.602847
  12 42 -0.290984
  13 42 -0.290638
  14 42 -0.140192
  15 42 0.355642
  16 42 -0.162938
  17 42 -0.436215
  18 42 -0.306239
  19 42 -1.56825
  20 42 0.827402
4900 20 840
  1 42 -0.229742
  2 42 0.856813
  3 42 -1.50002
  4 42 0.160425
  5 42 0.178101
  6 42 -0.728912
  7 42 1.18289
  8 42 0.0718945
  9 42 0.0549969
  10 42 0.418887
  11 42 -0.0323075
  12 42 -0.352187
  13 42 0.813866
  14 42 0.107496
  15 42 0.753666
  16 42 -0.59333
  17 42 0.797053
  18 42 0.220712
  19 42 -0.985947
  20 42 0.835584
5000 20 840
  1 42 -0.342054
  2 42 0.239161
  3 42 0.533788
  4 42 1.26563
  5 42 0.295597
  6 42 -0.0601977
  7 42 0.0450293
  8 42 0.525474
  9 42 0.454365
  10 42 0.000323229
  11 42 -0.00753574
  12 42 -1.07569
  13 42 0.659227
  14 42 0.187615
  15 42 0.0124778
  16 42 0.609411
  17 42 0.838644
  18 42 -1.41965
  19 42 -0.379631
  20 42 -0.852109
5100 20 840
  1 42 0.577006
  2 42 -0.0689849
  3 42 -0.0594778
  4 42 0.229291
  5 42 -0.613882
  6 42 1.37793
  7 42 2.06574
  8 42 0.679898
  9 42 -0.113651
  10 42 0.28775
  11 42 0.482084
  12 42 -0.503558
  13 42 1.03033
  14 42 -0.366192
  15 42 0.217014
  16 42 -0.321399
  17 42 0.523546
  18 42 0.463744
  19 42 0.758917
  20 42 -0.768587
5200 20 840
  1 42 0.198857
  2 42 -0.0861132
  3 42 -0.573046
  4 42 0.441856
  5 42 0.213697
  6 42 0.198902
  7 42 -0.0178868
  8 42 -0.0746164
  9 42 0.300469
  10 42 0.443785
  11 42 0.0889661
  12 42 0.252587
  13 42 -0.647481
  14 42 0.391816
  15 42 0.420683
  16 42 0.143008
  17 42 -0.676155
  18 42 0.256561
  19 42 -0.033988
  20 42 0.0407268
5300 20 840
  1 42 -0.489419
  2 42 0.861443
  3 42 -0.0268616
  4 42 -1.09208
  5 42 0.199133
  6 42 0.24893
  7 42 1.71985
  8 42 0.381726
  9 42 0.253402
  10 42 0.0413974
  11 42 0.38249
  12 42 0.823098
  13 42 0.441943
  14 42 -0.112123
  15 42 0.337075
  16 42 1.13763
  17 42 -0.900799
  18 42 0.0766934
  19 42 -1.40372
  20 42 0.518594
5400 20 840
  1 42 -0.11317
  2 42 -0.619491
  3 42 -0.756342
  4 42 0.965584
  5 42 0.17736
  6 42 -0.195824
  7 42 -0.0145128
  8 42 -1.07316
  9 42 0.196036
  10 42 -0.665612
  11 42 0.572738
  12 42 0.169273
  13 42 0.10064
  14 42 -0.252172
  15 42 0.403334
  16 42 0.946745
  17 42 -0.212666
  18 42 -0.459494
  19 42 -0.404302
  20 42 0.0406705
5500 20 840
  1 42 -0.285009
  2 42 0.292409
  3 42 1.84335
  4 42 0.406347
  5 42 0.736574
  6 42 -0.105934
  7 42 -0.381523
  8 42 -0.545766
  9 42 -1.02934
  10 42 0.527596
  11 42 0.00732746
  12 42 -0.0731666
  13 42 0.144252
  14 42 -0.309889
  15 42 -0.112332
  16 42 -1.22679
  17 42 0.323451
  18 42 -0.699497
  19 42 0.715289
  20 42 -0.477046
5600 20 840
  1 42 0.481527
  2 42 0.867755
  3 42 0.521989
  4 42 -0.302572
  5 42 1.04406
  6 42 0.385479
  7 42 -0.296368
  8 42 0.332657
  9 42 0.486664
  10 42 -0.290858
  11 42 0.862101
  12 42 -0.567631
  13 42 0.349481
  14 42 0.308962
  15 42 0.0843474
  16 42 -0.634121
  17 42 -0.804915
  18 42 -0.816153
  19 42 -1.8539
  20 42 -0.432944
5700 20 840
  1 42 0.237534
  2 42 1.02686
  3 42 0.212219
  4 42 -0.166715
  5 42 -0.522171
  6 42 0.40551
  7 42 0.162865
  8 42 0.175878
  9 42 1.06426
  10 42 1.60202
  11 42 -0.111556
  12 42 -0.272358
  13 42 0.539941
  14 42 0.157417
  15 42 0.411234
  16 42 -0.130604
  17 42 0.726129
  18 42 -0.1239
  19 42 1.0934
  20 42 -0.267946
5800 20 840
  1 42 0.778014
  2 42 0.418579
  3 42 -1.64635
  4 42 -1.03174
  5 42 0.612062
  6 42 0.790009
  7 42 1.08942
  8 42 0.614512
  9 42 1.31395
  10 42 0.529002
  11 42 0.47563
  12 42 -0.255527
  13 42 -0.300377
  14 42 -0.00929586
  15 42 0.0359011
  16 42 0.293582
  17 42 -1.27633
  18 42 -0.365002
  19 42 3.99985
  20 42 1.43646
5900 20 840
  1 42 0.455176
  2 42 -1.02234
  3 42 -0.699655
  4 42 0.200125
  5 42 -0.387751
  6 42 0.503676
  7 42 -0.650917
  8 42 -0.066429
  9 42 0.236393
  10 42 -0.0562914
  11 42 0.387332
  12 42 0.116059
  13 42 0.63391
  14 42 0.289858
  15 42 0.899033
  16 42 -0.701391
  17 42 0.446146
  18 42 1.09298
  19 42 -0.657789
  20 42 -0.197938
6000 20 840
  1 42 0.919614
  2 42 0.881618
  3 42 0.908128
  4 42 0.963667
  5 42 -0.0744753
  6 42 -0.27024
  7 42 0.795379
  8 42 -0.055387
  9 42 0.193639
  10 42 0.404021
  11 42 -0.338807
  12 42 -0.254922
  13 42 0.293978
  14 42 -0.0078122
  15 42 -0.408657
  16 42 -0.643844
  17 42 -0.556714
  18 42 1.07102
  19 42 1.93539
  20 42 0.689439
6100 20 840
  1 42 -0.5904
  2 42 -0.648421
  3 42 -0.270317
  4 42 0.448561
  5 42 0.348446
  6 42 0.381122
  7 42 1.60153
  8 42 0.452096
  9 42 -1.59528
  10 42 0.13554
  11 42 -0.000821499
  12 42 -0.0765979
  13 42 1.05157
  14 42 0.311504
  15 42 -0.199888
  16 42 0.232146
  17 42 0.943639
  18 42 -0.830787
  19 42 -0.673069
  20 42 -0.779562
6200 20 840
  1 42 0.0257121
  2 42 0.639899
  3 42 -0.315331
  4 42 -0.0707613
  5 42 -0.402964
  6 42 0.26358
  7 42 -0.124312
  8 42 0.71436
  9 42 -0.650016
  10 42 0.547919
  11 42 -0.55153
  12 42 -0.210988
  13 42 0.812462
  14 42 0.0449942
  15 42 0.52101
  16 42 1.15343
  17 42 0.681823
  18 42 -0.706695
  19 42 -1.71781
  20 42 0.761998
6300 20 840
  1 42 -0.339696
  2 42 1.29986
  3 42 1.49091
  4 42 -0.124752
  5 42 -0.218016
  6 42 -0.168245
  7 42 0.441598
  8 42 0.390675
  9 42 0.0909679
  10 42 -0.139698
  11 42 0.998629
  12 42 1.3342
  13 42 0.645266
  14 42 -0.213858
  15 42 -0.442968
  16 42 -1.12755
  17 42 -0.360176
  18 42 -0.45747
  19 42 -0.645089
  20 42 -0.395126
6400 20 840
  1 42 0.00221981
  2 42 0.419644
  3 42 -0.551431
  4 42 -0.0693242
  5 42 1.60278
  6 42 -0.342681
  7 42 0.0529395
  8 42 0.137184
  9 42 -0.284606
  10 42 0.988253
  11 42 -0.707409
  12 42 0.470212
  13 42 1.143
  14 42 -0.482349
  15 42 -0.0694411
  16 42 0.737611
  17 42 -0.0958281
  18 42 -0.502081
  19 42 -0.436186
  20 42 1.0218
6500 20 840
  1 42 0.00182253
  2 42 1.30287
  3 42 1.35261
  4 42 0.0271465
  5 42 -0.419873
  6 42 -0.765005
  7 42 0.829765
  8 42 -0.237948
  9 42 -0.384612
  10 42 1.24867
  11 42 -0.0974455
  12 42 0.445291
  13 42 1.57614
  14 42 0.0684234
  15 42 -0.322792
  16 42 -0.941564
  17 42 1.02518
  18 42 0.774052
  19 42 0.443415
  20 42 -1.6859
6600 20 840
  1 42 0.560252
  2 42 0.249427
  3 42 -1.84574
  4 42 0.358675
  5 42 0.86241
  6 42 0.0584778
  7 42 0.360696
  8 42 -0.563759
  9 42 -0.224185
  10 42 -0.442775
  11 42 -1.4693
  12 42 -0.193924
  13 42 1.43419
  14 42 0.285549
  15 42 -0.00438865
  16 42 -0.597399
  17 42 -0.597865
  18 42 0.473419
  19 42 0.980847
  20 42 -0.51694
6700 20 840
  1 42 0.257315
  2 42 0.488932
  3 42 -0.337825
  4 42 0.784547
  5 42 -0.102911
  6 42 0.627577
  7 42 -1.06388
  8 42 0.507238
  9 42 1.12611
  10 42 -0.814173
  11 42 -0.220705
  12 42 0.229869
  13 42 0.00799298
  14 42 1.01202
  15 42 0.212854
  16 42 -0.981951
  17 42 -0.0848665
  18 42 0.709786
  19 42 0.487624
  20 42 0.489657
6800 20 840
  1 42 0.145681
  2 42 -0.562744
  3 42 -2.24948
  4 42 0.247942
  5 42 0.0953279
  6 42 0.749713
  7 42 0.696249
  8 42 0.0103686
  9 42 2.26324
  10 42 0.463938
  11 42 -0.0719239
  12 42 0.242125
  13 42 -0.803851
  14 42 0.564157
  15 42 0.340196
  16 42 0.118359
  17 42 0.205106
  18 42 1.42748
  19 42 0.876872
  20 42 0.339814
6900 20 840
  1 42 0.305944
  2 42 -0.30344
  3 42 0.0732544
  4 42 0.512599
  5 42 -0.437972
  6 42 -0.280849
  7 42 1.04188
  8 42 0.44134
  9 42 0.482917
  10 42 0.0815249
  11 42 1.05363
  12 42 0.301992
  13 42 0.40729
  14 42 -0.0243058
  15 42 0.719724
  16 42 -0.761617
  17 42 0.889304
  18 42 -0.337151
  19 42 0.00186294
  20 42 1.05495
7000 20 840
  1 42 0.52015
  2 42 0.744253
  3 42 2.62532
  4 42 0.104715
  5 42 1.44505
  6 42 0.0526913
  7 42 0.498246
  8 42 -0.377721
  9 42 0.436569
  10 42 -0.63243
  11 42 -0.33044
  12 42 -0.484557
  13 42 -0.44044
  14 42 0.614467
  15 42 -0.0902086
  16 42 -1.94033
  17 42 0.380921
  18 42 0.117243
  19 42 -1.87942
  20 42 -0.0264214
7100 20 840
  1 42 1.30167
  2 42 -0.12639
  3 42 0.503412
  4 42 0.295999
  5 42 1.12688
  6 42 0.0245327
  7 42 1.15597
  8 42 0.546831
  9 42 -0.654922
  10 42 0.176659
  11 42 -0.663977
  12 42 0.0232839
  13 42 1.3686
  14 42 0.604323
  15 42 0.142992
  16 42 -0.240045
  17 42 -0.324225
  18 42 -0.950914
  19 42 0.718049
  20 42 0.750725
7200 20 840
  1 42 -0.324851
  2 42 1.86079
  3 42 1.61899
  4 42 0.660442
  5 42 -0.513325
  6 42 -0.741115
  7 42 -0.212103
  8 42 0.472769
  9 42 1.96612
  10 42 0.528358
  11 42 0.351436
  12 42 -0.761821
  13 42 0.149108
  14 42 -0.181614
  15 42 0.429124
  16 42 1.28298
  17 42 -0.984684
  18 42 -1.49056
  19 42 0.711364
  20 42 1.30502
7300 20 840
  1 42 0.170722
  2 42 1.84471
  3 42 1.14582
  4 42 -0.919957
  5 42 0.661768
  6 42 -0.425328
  7 42 1.7879
  8 42 -0.224663
  9 42 1.46418
  10 42 0.294333
  11 42 0.583984
  12 42 -0.175587
  13 42 0.783704
  14 42 0.460567
  15 42 0.372574
  16 42 0.506523
  17 42 1.07974
  18 42 -0.15866
  19 42 0.108272
  20 42 0.980758
7400 20 840
  1 42 -0.0696069
  2 42 -0.182617
  3 42 -1.01673
  4 42 1.14461
  5 42 -0.229768
  6 42 -0.584277
  7 42 -1.09208
  8 42 -0.394334
  9 42 1.2767
  10 42 1.39473
  11 42 0.0858501
  12 42 -1.20461
  13 42 1.4073
  14 42 0.103465
  15 42 0.492964
  16 42 1.54323
  17 42 0.276893
  18 42 -0.405527
  19 42 -0.281101
  20 42 0.32306
7500 20 840
  1 42 0.0526103
  2 42 0.506692
  3 42 -0.462789
  4 42 0.0500049
  5 42 0.214751
  6 42 0.211721
  7 42 0.491929
  8 42 0.630733
  9 42 -0.0830064
  10 42 0.454379
  11 42 0.596144
  12 42 -0.474724
  13 42 0.584821
  14 42 -0.69034
  15 42 1.68511
  16 42 -1.55495
  17 42 0.191037
  18 42 -0.263244
  19 42 -0.0558905
  20 42 0.472133
7600 20 840
  1 42 0.701535
  2 42 0.209654
  3 42 -0.549045
  4 42 0.165605
  5 42 -0.457223
  6 42 0.92816
  7 42 -0.317696
  8 42 0.279691
  9 42 0.272401
  10 42 -0.707086
  11 42 0.931912
  12 42 0.905252
  13 42 0.602278
  14 42 0.0692611
  15 42 0.9198
  16 42 -0.369704
  17 42 -0.157719
  18 42 0.868095
  19 42 -1.0626
  20 42 -0.710643
7700 20 840
  1 42 -0.0267116
  2 42 1.25131
  3 42 0.898416
  4 42 0.0585202
  5 42 -0.877847
  6 42 -0.0734719
  7 42 0.0718004
  8 42 -0.757723
  9 42 0.783793
  10 42 0.00980578
  11 42 -0.766111
  12 42 0.247215
  13 42 -0.136733
  14 42 -0.224336
  15 42 1.40099
  16 42 -0.216796
  17 42 0.592539
  18 42 -0.098213
  19 42 -0.353683
  20 42 -0.237077
7800 20 840
  1 42 0.914406
  2 42 0.600706
  3 42 1.24818
  4 42 0.328757
  5 42 0.795833
  6 42 -0.433148
  7 42 0.80832
  8 42 -0.439218
  9 42 0.142153
  10 42 -0.716012
  11 42 -0.34723
  12 42 -0.510656
  13 42 -0.608314
  14 42 0.322537
  15 42 -0.417961
  16 42 0.465807
  17 42 -0.651243
  18 42 -0.268529
  19 42 -1.16244
  20 42 0.807847
7900 20 840
  1 42 0.138569
  2 42 0.247031
  3 42 1.02128
  4 42 1.10004
  5 42 -1.25915
  6 42 0.429974
  7 42 0.716566
  8 42 -0.120472
  9 42 -3.00365
  10 42 -0.262301
  11 42 0.37747
  12 42 0.49043
  13 42 0.878429
  14 42 0.1909
  15 42 0.608996
  16 42 -0.265819
  17 42 0.853542
  18 42 -0.309827
  19 42 -0.776781
  20 42 0.332359
8000 20 840
  1 42 0.677142
  2 42 1.10929
  3 42 0.870245
  4 42 0.749428
  5 42 0.821287
  6 42 -0.0178569
  7 42 0.914122
  8 42 0.0453118
  9 42 0.666064
  10 42 0.745205
  11 42 1.05728
  12 42 0.0100753
  13 42 0.30298
  14 42 -0.107051
  15 42 0.803454
  16 42 -1.93631
  17 42 -1.5274
  18 42 0.0403585
  19 42 0.974909
  20 42 0.686621
8100 20 840
  1 42 -1.03859
  2 42 0.242981
  3 42 0.321347
  4 42 0.383089
  5 42 0.107963
  6 42 -0.2969
  7 42 1.38604
  8 42 -0.265351
  9 42 -1.08601
  10 42 -0.0140786
  11 42 1.14748
  12 42 0.155957
  13 42 0.685012
  14 42 0.920055
  15 42 1.00196
  16 42 -0.646476
  17 42 -0.239651
  18 42 -0.74326
  19 42 0.914391
  20 42 -0.299459
8200 20 840
  1 42 1.39968
  2 42 0.795074
  3 42 0.153138
  4 42 -0.31169
  5 42 0.758707
  6 42 -0.394415
  7 42 -0.0383826
  8 42 -0.166474
  9 42 0.31789
  10 42 -0.0919337
  11 42 0.711767
  12 42 -0.557567
  13 42 -0.0347235
  14 42 0.637165
  15 42 0.375911
  16 42 -0.664592
  17 42 -0.597528
  18 42 0.702438
  19 42 1.4415
  20 42 -0.115507
8300 20 840
  1 42 -0.351191
  2 42 -0.603699
  3 42 -0.606172
  4 42 -0.506916
  5 42 -0.263576
  6 42 -0.588008
  7 42 -0.926806
  8 42 -0.698357
  9 42 0.438672
  10 42 0.318531
  11 42 0.473681
  12 42 1.16311
  13 42 -0.049962
  14 42 -0.335775
  15 42 1.94516
  16 42 -0.148208
  17 42 -0.390306
  18 42 0.710363
  19 42 0.0490233
  20 42 -1.19016
8400 20 840
  1 42 0.232871
  2 42 -0.519317
  3 42 0.507524
  4 42 0.182119
  5 42 0.602396
  6 42 0.0835922
  7 42 0.37146
  8 42 0.417952
  9 42 0.279591
  10 42 -0.249294
  11 42 -1.13351
  12 42 -0.120772
  13 42 0.550457
  14 42 -0.443512
  15 42 0.25936
  16 42 0.975425
  17 42 0.538351
  18 42 0.237671
  19 42 0.227521
  20 42 0.119404
8500 20 840
  1 42 1.19517
  2 42 0.361653
  3 42 -0.209405
  4 42 -0.132559
  5 42 2.24801
  6 42 -0.602624
  7 42 -0.0820663
  8 42 0.554318
  9 42 -0.15803
  10 42 0.264385
  11 42 0.675287
  12 42 -0.385863
  13 42 0.596873
  14 42 -0.0376444
  15 42 -0.450106
  16 42 -0.730655
  17 42 0.701144
  18 42 -0.530828
  19 42 0.0390391
  20 42 0.0587148
8600 20 840
  1 42 0.506077
  2 42 0.956506
  3 42 -0.115698
  4 42 -1.26754
  5 42 0.146515
  6 42 1.10581
  7 42 0.757367
  8 42 0.239883
  9 42 0.136253
  10 42 0.867318
  11 42 0.0386767
  12 42 -0.729365
  13 42 0.690239
  14 42 0.320173
  15 42 -0.0154985
  16 42 0.600775
  17 42 -0.272338
  18 42 -0.392417
  19 42 -0.14197
  20 42 0.138327
8700 20 840
  1 42 -0.557798
  2 42 -0.0118928
  3 42 -0.151052
  4 42 0.152259
  5 42 -1.61012
  6 42 0.568036
  7 42 1.61657
  8 42 0.906911
  9 42 1.76005
  10 42 -0.103244
  11 42 0.683079
  12 42 0.0556656
  13 42 0.202372
  14 42 0.575249
  15 42 0.896603
  16 42 0.170322
  17 42 0.509015
  18 42 -0.0668569
  19 42 1.70831
  20 42 0.410957
8800 20 840
  1 42 -0.152533
  2 42 0.231561
  3 42 0.346653
  4 42 0.0372721
  5 42 0.477914
  6 42 -0.0656291
  7 42 1.29065
  8 42 -0.0476721
  9 42 3.40809
  10 42 1.23892
  11 42 0.512924
  12 42 -0.487266
  13 42 0.0107121
  14 42 -0.513008
  15 42 -0.523378
  16 42 0.146212
  17 42 -1.57126
  18 42 0.00137726
  19 42 -0.847516
  20 42 0.653861
8900 20 840
  1 42 0.578386
  2 42 -0.373088
  3 42 -0.568293
  4 42 0.886832
  5 42 -0.87403
  6 42 -0.444803
  7 42 -0.165134
  8 42 0.207532
  9 42 -0.765539
  10 42 -0.10628
  11 42 -1.10208
  12 42 0.276633
  13 42 1.02721
  14 42 -0.289484
  15 42 0.182543
  16 42 0.350805
  17 42 0.897419
  18 42 0.301349
  19 42 -1.13052
  20 42 0.112756
9000 20 840
  1 42 0.0728976
  2 42 -0.0812598
  3 42 0.0170281
  4 42 0.473122
  5 42 0.430828
  6 42 -0.20528
  7 42 -0.098475
  8 42 1.05223
  9 42 -0.824338
  10 42 0.0652305
  11 42 -0.982675
  12 42 -0.48227
  13 42 0.820539
  14 42 0.00967853
  15 42 -0.90813
  16 42 -0.202587
  17 42 -0.49686
  18 42 0.329188
  19 42 -1.3474
  20 42 -1.47746
9100 20 840
  1 42 -0.410875
  2 42 0.429684
  3 42 0.64244
  4 42 -0.163081
  5 42 0.32443
  6 42 -0.953077
  7 42 -0.69616
  8 42 -0.251606
  9 42 0.506913
  10 42 -0.690412
  11 42 1.32374
  12 42 0.444254
  13 42 0.725223
  14 42 -0.42188
  15 42 0.722041
  16 42 0.69144
  17 42 0.133222
  18 42 -0.276131
  19 42 -0.711013
  20 42 0.956824
9200 20 840
  1 42 -0.336156
  2 42 0.328423
  3 42 0.0364806
  4 42 0.245055
  5 42 0.556307
  6 42 0.030075
  7 42 -0.242364
  8 42 -0.48649
  9 42 0.412469
  10 42 -0.413144
  11 42 0.553648
  12 42 0.782862
  13 42 0.0230426
  14 42 0.64844
  15 42 -0.370658
  16 42 0.326619
  17 42 0.362034
  18 42 0.680122
  19 42 -1.47562
  20 42 -0.702633
9300 20 840
  1 42 0.491806
  2 42 -0.0285079
  3 42 0.141186
  4 42 -0.273477
  5 42 0.403938
  6 42 1.13393
  7 42 0.640853
  8 42 -0.349918
  9 42 -0.137002
  10 42 0.101436
  11 42 0.335917
  12 42 1.21352
  13 42 1.48044
  14 42 1.01555
  15 42 -0.00281451
  16 42 -0.822157
  17 42 1.41969
  18 42 0.943944
  19 42 0.415086
  20 42 -0.130844
9400 20 840
  1 42 1.25006
  2 42 -0.654202
  3 42 1.48618
  4 42 1.04192
  5 42 -0.0574888
  6 42 0.17822
  7 42 -0.0121193
  8 42 0.671479
  9 42 1.0859
  10 42 0.544322
  11 42 0.515962
  12 42 -0.331805
  13 42 0.120994
  14 42 0.450659
  15 42 -1.01136
  16 42 -1.0319
  17 42 -0.0384339
  18 42 -0.167609
  19 42 0.735442
  20 42 -1.04706
9500 20 840
  1 42 0.913521
  2 42 0.533301
  3 42 -0.796649
  4 42 -1.10746
  5 42 0.259136
  6 42 0.551048
  7 42 1.64009
  8 42 1.13395
  9 42 0.127177
  10 42 1.23953
  11 42 -1.35403
  12 42 0.95589
  13 42 1.82218
  14 42 0.738042
  15 42 -0.100974
  16 42 -0.0261249
  17 42 0.0573042
  18 42 0.702299
  19 42 0.719929
  20 42 0.484268
9600 20 840
  1 42 1.39294
  2 42 -0.337943
  3 42 0.766661
  4 42 1.21791
  5 42 0.100576
  6 42 -0.254968
  7 42 -0.795072
  8 42 0.00445347
  9 42 0.445072
  10 42 0.157831
  11 42 0.00903472
  12 42 1.29139
  13 42 0.238861
  14 42 -0.49106
  15 42 1.08097
  16 42 0.377423
  17 42 -1.46016
  18 42 -0.0993237
  19 42 0.551404
  20 42 -0.0735274
9700 20 840
  1 42 0.739241
  2 42 -0.464355
  3 42 0.00637242
  4 42 0.562595
  5 42 -0.926825
  6 42 -0.614061
  7 42 0.720438
  8 42 -0.406994
  9 42 -0.687445
  10 42 -0.154957
  11 42 0.553993
  12 42 -0.0221089
  13 42 -0.238148
  14 42 -0.9432
  15 42 0.672302
  16 42 -0.268464
  17 42 0.152973
  18 42 0.028417
  19 42 0.497294
  20 42 1.38515
9800 20 840
  1 42 0.0630228
  2 42 -0.738609
  3 42 1.02511
  4 42 0.406827
  5 42 -9.98268e-05
  6 42 0.025335
  7 42 -1.11967
  8 42 0.106298
  9 42 2.1725
  10 42 0.0282377
  11 42 0.416262
  12 42 -0.560623
  13 42 -0.0898869
  14 42 0.667887
  15 42 0.329792
  16 42 1.48731
  17 42 0.075512
  18 42 -0.134704
  19 42 -0.891151
  20 42 0.0972277
9900 20 840
  1 42 -1.18407
  2 42 0.242745
  3 42 0.365317
  4 42 0.599312
  5 42 0.740007
  6 42 -0.266391
  7 42 1.56165
  8 42 0.303846
  9 42 -0.792798
  10 42 0.651671
  11 42 0.591629
  12 42 -0.0586828
  13 42 0.914588
  14 42 -0.226385
  15 42 1.75691
  16 42 -0.26904
  17 42 0.972555
  18 42 -1.01785
  19 42 -0.732652
  20 42 -0.0465043
10000 20 840
  1 42 0.623846
  2 42 -0.177876
  3 42 1.05001
  4 42 0.234168
  5 42 1.2205
  6 42 0.40603
  7 42 0.969679
  8 42 0.490271
  9 42 0.920217
  10 42 -0.0566421
  11 42 -1.26163
  12 42 0.0387044
  13 42 1.33612
  14 42 -0.455012
  15 42 -1.04176
  16 42 0.160044
  17 42 -0.341944
  18 42 -0.556988
  19 42 -0.561517
  20 42 0.988418
