# Chunk-averaged data for fix bowForces and group all
# Timestep Number-of-chunks Total-count
# Chunk Ncount c_bowComp
0 20 840
  1 42 0.163569
  2 42 0.163569
  3 42 0.163569
  4 42 0.163569
  5 42 0.163569
  6 42 0.163569
  7 42 0.163569
  8 42 0.163569
  9 42 0.163569
  10 42 0.163569
  11 42 0.163569
  12 42 0.163569
  13 42 0.163569
  14 42 0.163569
  15 42 0.163569
  16 42 0.163569
  17 42 0.163569
  18 42 0.163569
  19 42 0.163569
  20 42 0.163569
100 20 840
  1 42 0.579865
  2 42 0.341076
  3 42 -0.349517
  4 42 0.684063
  5 42 1.32553
  6 42 1.4713
  7 42 0.236189
  8 42 -0.53753
  9 42 0.593108
  10 42 -0.00888103
  11 42 0.844168
  12 42 0.938679
  13 42 0.610184
  14 42 1.13951
  15 42 -1.28593
  16 42 -0.982826
  17 42 0.189859
  18 42 -0.023831
  19 42 0.7511
  20 42 -0.633511
200 20 840
  1 42 0.40359
  2 42 0.390128
  3 42 1.60188
  4 42 0.746639
  5 42 1.28424
  6 42 0.531981
  7 42 0.343404
  8 42 -0.166617
  9 42 0.681652
  10 42 -0.429311
  11 42 -0.330191
  12 42 -0.0670151
  13 42 0.309887
  14 42 0.770638
  15 42 0.48179
  16 42 -0.0672368
  17 42 2.1039
  18 42 0.677439
  19 42 2.40187
  20 42 -0.383176
300 20 840
  1 42 0.39211
  2 42 1.0695
  3 42 -0.55423
  4 42 -0.213866
  5 42 0.365648
  6 42 -0.506977
  7 42 0.905318
  8 42 -0.297491
  9 42 0.813348
  10 42 0.805842
  11 42 -0.881471
  12 42 -0.929363
  13 42 -0.266794
  14 42 -0.158503
  15 42 -0.933531
  16 42 0.864823
  17 42 -0.368518
  18 42 1.52396
  19 42 -0.832213
  20 42 0.510835
400 20 840
  1 42 0.993239
  2 42 0.364579
  3 42 2.42969
  4 42 -0.537376
  5 42 1.83797
  6 42 -0.561542
  7 42 0.914799
  8 42 -0.823028
  9 42 0.684793
  10 42 -1.33037
  11 42 1.15083
  12 42 0.294048
  13 42 -1.28116
  14 42 -0.453941
  15 42 0.871408
  16 42 1.5944
  17 42 -0.529481
  18 42 0.821646
  19 42 -0.941643
  20 42 0.530158
500 20 840
  1 42 1.64405
  2 42 -0.396805
  3 42 0.268907
  4 42 0.0614472
  5 42 0.85761
  6 42 2.10133
  7 42 -0.697086
  8 42 0.367492
  9 42 -0.0432532
  10 42 -0.865601
  11 42 0.877664
  12 42 0.815501
  13 42 0.348585
  14 42 0.127651
  15 42 -0.395967
  16 42 -0.114579
  17 42 -0.824773
  18 42 0.592592
  19 42 0.0495214
  20 42 -0.455841
600 20 840
  1 42 -1.53308
  2 42 0.301363
  3 42 -0.6204
  4 42 0.661204
  5 42 0.162249
  6 42 -1.14217
  7 42 -0.55608
  8 42 0.412936
  9 42 -1.26373
  10 42 1.03501
  11 42 0.45089
  12 42 0.155484
  13 42 0.322473
  14 42 -0.580147
  15 42 -1.22708
  16 42 0.074897
  17 42 -0.967235
  18 42 -1.59953
  19 42 -0.343684
  20 42 0.426424
700 20 840
  1 42 -0.610279
  2 42 0.605643
  3 42 0.569384
  4 42 0.0788031
  5 42 -0.233577
  6 42 -0.886788
  7 42 0.0240995
  8 42 0.484559
  9 42 -0.941593
  10 42 0.384693
  11 42 1.70208
  12 42 -0.894552
  13 42 -0.380807
  14 42 -0.897495
  15 42 0.452916
  16 42 0.831817
  17 42 0.262945
  18 42 -1.41053
  19 42 0.0385716
  20 42 -0.513413
800 20 840
  1 42 -0.37876
  2 42 -0.663049
  3 42 -1.14146
  4 42 -0.515421
  5 42 -1.1137
  6 42 0.120413
  7 42 -1.65821
  8 42 0.519091
  9 42 0.523252
  10 42 1.50678
  11 42 0.777478
  12 42 -1.47978
  13 42 0.496855
  14 42 0.811523
  15 42 -1.10203
  16 42 0.208217
  17 42 0.780571
  18 42 0.104086
  19 42 -0.142933
  20 42 0.259909
900 20 840
  1 42 0.0468203
  2 42 -0.603193
  3 42 -0.775473
  4 42 0.258525
  5 42 -0.639786
  6 42 -0.0618806
  7 42 0.558926
  8 42 -0.614367
  9 42 0.795142
  10 42 0.871073
  11 42 1.74056
  12 42 -0.900125
  13 42 -1.84708
  14 42 -0.141535
  15 42 1.79201
  16 42 -0.35429
  17 42 -0.857501
  18 42 -0.0075558
  19 42 1.23923
  20 42 -0.327944
1000 20 840
  1 42 0.392305
  2 42 -0.387377
  3 42 0.420114
  4 42 -0.0254682
  5 42 -1.36997
  6 42 -0.190076
  7 42 0.115726
  8 42 1.3044
  9 42 0.589189
  10 42 1.09819
  11 42 0.53765
  12 42 1.16627
  13 42 0.817351
  14 42 0.189521
  15 42 0.970089
  16 42 0.548971
  17 42 0.668562
  18 42 0.858366
  19 42 1.50393
  20 42 0.14743
1100 20 840
  1 42 0.919854
  2 42 -0.488569
  3 42 -0.798568
  4 42 0.168645
  5 42 -0.234759
  6 42 0.301005
  7 42 0.29617
  8 42 1.10622
  9 42 0.341046
  10 42 -0.113104
  11 42 -0.245436
  12 42 2.10284
  13 42 1.19447
  14 42 0.292274
  15 42 -0.617644
  16 42 -0.621191
  17 42 0.233397
  18 42 0.592035
  19 42 1.32365
  20 42 -0.256882
1200 20 840
  1 42 0.752622
  2 42 0.163797
  3 42 -0.379931
  4 42 0.760578
  5 42 1.29629
  6 42 0.85961
  7 42 2.25089
  8 42 -0.13882
  9 42 -1.72286
  10 42 0.122482
  11 42 -2.05831
  12 42 0.781389
  13 42 -0.783773
  14 42 0.0534382
  15 42 -0.00125108
  16 42 -0.340595
  17 42 0.775533
  18 42 -0.182834
  19 42 1.36229
  20 42 -0.38372
1300 20 840
  1 42 -0.204028
  2 42 0.164958
  3 42 -0.149677
  4 42 0.16259
  5 42 -0.540204
  6 42 1.07767
  7 42 -0.264359
  8 42 -0.44413
  9 42 -0.0122617
  10 42 -0.590879
  11 42 0.144319
  12 42 0.0284572
  13 42 0.388152
  14 42 0.83053
  15 42 -0.0767736
  16 42 0.620071
  17 42 0.493155
  18 42 1.61511
  19 42 -0.139125
  20 42 0.277087
1400 20 840
  1 42 -0.653518
  2 42 1.31924
  3 42 1.36705
  4 42 -0.206324
  5 42 0.280925
  6 42 -0.815589
  7 42 2.1602
  8 42 -0.150196
  9 42 0.570769
  10 42 -1.10058
  11 42 -0.594558
  12 42 -0.686808
  13 42 -0.103485
  14 42 -0.648937
  15 42 1.78621
  16 42 -0.128088
  17 42 0.0426291
  18 42 -0.130876
  19 42 -0.598421
  20 42 -0.17144
1500 20 840
  1 42 -1.20882
  2 42 0.213773
  3 42 -1.0718
  4 42 -0.083927
  5 42 1.06332
  6 42 -0.599721
  7 42 0.113575
  8 42 -1.19864
  9 42 2.05351
  10 42 0.80752
  11 42 -0.730752
  12 42 1.3037
  13 42 0.322741
  14 42 0.403726
  15 42 0.562542
  16 42 0.484439
  17 42 0.264478
  18 42 -0.240676
  19 42 -0.0721924
  20 42 -0.107404
1600 20 840
  1 42 1.0963
  2 42 -0.698673
  3 42 1.66329
  4 42 0.126375
  5 42 2.34942
  6 42 0.3027
  7 42 0.717904
  8 42 0.348466
  9 42 0.347177
  10 42 -0.745605
  11 42 0.965669
  12 42 0.0706832
  13 42 1.10786
  14 42 0.396836
  15 42 -1.3919
  16 42 1.19217
  17 42 -1.14947
  18 42 -0.425314
  19 42 0.457005
  20 42 0.730727
1700 20 840
  1 42 -0.287603
  2 42 0.321576
  3 42 1.15724
  4 42 1.75982
  5 42 0.569924
  6 42 -0.865328
  7 42 -1.4786
  8 42 -0.792619
  9 42 0.148803
  10 42 0.0440118
  11 42 0.75999
  12 42 -0.44302
  13 42 0.0753994
  14 42 -0.59133
  15 42 1.00532
  16 42 1.04567
  17 42 -0.131454
  18 42 0.316832
  19 42 -1.33643
  20 42 -0.601429
1800 20 840
  1 42 0.845817
  2 42 -0.626316
  3 42 -0.351478
  4 42 -0.462592
  5 42 -0.737221
  6 42 -0.647829
  7 42 -0.0923979
  8 42 -0.683097
  9 42 0.797412
  10 42 0.698374
  11 42 2.40119
  12 42 -0.177667
  13 42 -0.245371
  14 42 0.201677
  15 42 0.908719
  16 42 1.10547
  17 42 -0.634079
  18 42 0.930907
  19 42 -1.07148
  20 42 1.13614
1900 20 840
  1 42 0.326652
  2 42 -0.11066
  3 42 0.495244
  4 42 -0.75732
  5 42 -0.336916
  6 42 0.129462
  7 42 0.181574
  8 42 0.140694
  9 42 -0.435993
  10 42 -0.427434
  11 42 2.43868
  12 42 -0.247871
  13 42 -0.435719
  14 42 0.0241507
  15 42 0.116747
  16 42 1.01083
  17 42 0.269238
  18 42 -0.290937
  19 42 0.27116
  20 42 1.55104
2000 20 840
  1 42 0.964339
  2 42 1.07325
  3 42 -0.00611287
  4 42 0.953875
  5 42 -0.151575
  6 42 1.10667
  7 42 -1.09151
  8 42 0.563344
  9 42 0.266525
  10 42 1.27955
  11 42 -0.639341
  12 42 -1.28499
  13 42 0.48904
  14 42 0.379289
  15 42 -0.403374
  16 42 -0.556387
  17 42 -1.69962
  18 42 -0.47684
  19 42 -1.15022
  20 42 1.34827
2100 20 840
  1 42 1.031
  2 42 0.992959
  3 42 -0.30299
  4 42 0.964435
  5 42 -1.49712
  6 42 0.0165473
  7 42 0.361516
  8 42 1.13107
  9 42 -0.647866
  10 42 0.971894
  11 42 1.16365
  12 42 0.256402
  13 42 -0.194866
  14 42 0.64346
  15 42 0.674275
  16 42 -1.48471
  17 42 0.212537
  18 42 0.951339
  19 42 1.93989
  20 42 -1.1418
2200 20 840
  1 42 1.18351
  2 42 0.00970999
  3 42 0.333229
  4 42 -0.336317
  5 42 0.852359
  6 42 -0.933576
  7 42 2.19319
  8 42 2.5116
  9 42 -1.21126
  10 42 0.825602
  11 42 -0.818423
  12 42 -0.330546
  13 42 1.47883
  14 42 0.144525
  15 42 1.32714
  16 42 -0.08266
  17 42 0.637419
  18 42 0.149279
  19 42 1.92895
  20 42 0.605957
2300 20 840
  1 42 0.270155
  2 42 0.313955
  3 42 -1.41049
  4 42 0.172366
  5 42 -1.46676
  6 42 -0.986095
  7 42 0.29742
  8 42 -0.407543
  9 42 0.737635
  10 42 1.21835
  11 42 -0.365933
  12 42 -0.27417
  13 42 0.297127
  14 42 0.746752
  15 42 -0.195444
  16 42 -0.536927
  17 42 -0.618161
  18 42 0.921626
  19 42 -1.73048
  20 42 0.590575
2400 20 840
  1 42 -0.221107
  2 42 1.12051
  3 42 -0.179883
  4 42 -0.14586
  5 42 0.407878
  6 42 -0.972039
  7 42 2.42185
  8 42 -0.350343
  9 42 -0.729573
  10 42 0.117961
  11 42 -1.95004
  12 42 -0.514466
  13 42 0.548426
  14 42 0.915857
  15 42 1.6293
  16 42 0.666201
  17 42 0.227
  18 42 0.647321
  19 42 1.01561
  20 42 0.845535
2500 20 840
  1 42 -1.02534
  2 42 -0.150099
  3 42 -0.134804
  4 42 0.499448
  5 42 -0.343714
  6 42 -0.880035
  7 42 0.0562216
  8 42 0.21447
  9 42 1.87351
  10 42 -0.0468733
  11 42 0.235436
  12 42 -0.028273
  13 42 0.118279
  14 42 0.375727
  15 42 0.314867
  16 42 0.583184
  17 42 -0.280142
  18 42 -0.940865
  19 42 -0.0736836
  20 42 0.36868
2600 20 840
  1 42 -0.588716
  2 42 0.577591
  3 42 0.21416
  4 42 1.43291
  5 42 -1.07705
  6 42 -0.99849
  7 42 1.12847
  8 42 -0.273556
  9 42 0.373283
  10 42 -0.286129
  11 42 -0.578384
  12 42 0.112731
  13 42 0.861078
  14 42 -0.516693
  15 42 -0.0747503
  16 42 0.13063
  17 42 0.590568
  18 42 -1.1423
  19 42 -1.11402
  20 42 0.207024
2700 20 840
  1 42 0.823363
  2 42 -0.0244213
  3 42 0.359202
  4 42 0.966389
  5 42 2.73432
  6 42 2.95281
  7 42 -0.184966
  8 42 -0.837927
  9 42 -1.3706
  10 42 -1.33232
  11 42 1.95852
  12 42 0.540324
  13 42 0.993394
  14 42 0.503891
  15 42 1.18813
  16 42 1.03242
  17 42 0.0830217
  18 42 0.668916
  19 42 0.562531
  20 42 -0.565746
2800 20 840
  1 42 0.382358
  2 42 1.01873
  3 42 2.93669
  4 42 -0.447742
  5 42 2.52849
  6 42 -1.38796
  7 42 -0.550642
  8 42 -0.593021
  9 42 -0.0304637
  10 42 1.1344
  11 42 0.747397
  12 42 -0.373486
  13 42 -0.442163
  14 42 -0.466807
  15 42 0.215347
  16 42 0.982327
  17 42 -0.877437
  18 42 -0.160799
  19 42 -0.938822
  20 42 0.972484
2900 20 840
  1 42 0.969483
  2 42 -0.533937
  3 42 -0.472126
  4 42 0.773823
  5 42 0.299039
  6 42 -0.761906
  7 42 0.753008
  8 42 -0.561461
  9 42 3.63217
  10 42 0.00201738
  11 42 2.15883
  12 42 -0.157827
  13 42 -0.295411
  14 42 -0.525577
  15 42 -0.350776
  16 42 -0.514129
  17 42 -0.890804
  18 42 -0.0996078
  19 42 -0.268566
  20 42 -0.0587442
3000 20 840
  1 42 -0.663675
  2 42 -0.394905
  3 42 -0.499449
  4 42 -0.593956
  5 42 0.102477
  6 42 0.686486
  7 42 -0.891797
  8 42 0.163813
  9 42 0.917176
  10 42 0.787964
  11 42 1.08454
  12 42 1.48058
  13 42 1.67849
  14 42 0.916635
  15 42 -0.283948
  16 42 0.104782
  17 42 0.364223
  18 42 0.680708
  19 42 1.653
  20 42 -0.326656
3100 20 840
  1 42 0.0810573
  2 42 1.49639
  3 42 -0.97785
  4 42 1.60237
  5 42 1.77661
  6 42 -0.224763
  7 42 -0.187303
  8 42 -0.287432
  9 42 -0.909522
  10 42 0.228593
  11 42 0.159766
  12 42 -0.211716
  13 42 0.0508545
  14 42 -0.0542605
  15 42 -1.06805
  16 42 -0.987535
  17 42 0.368207
  18 42 -0.415366
  19 42 1.42384
  20 42 -0.492945
3200 20 840
  1 42 0.924007
  2 42 0.475943
  3 42 0.608658
  4 42 1.39746
  5 42 2.15739
  6 42 -0.300294
  7 42 -0.418148
  8 42 -0.112074
  9 42 -0.768613
  10 42 0.866813
  11 42 -0.990598
  12 42 -1.91776
  13 42 0.458625
  14 42 -0.55049
  15 42 1.19782
  16 42 -0.699381
  17 42 -0.245553
  18 42 1.31141
  19 42 0.980085
  20 42 -0.109772
3300 20 840
  1 42 0.549051
  2 42 0.574402
  3 42 -0.628343
  4 42 -1.13609
  5 42 -0.779
  6 42 -0.0108815
  7 42 0.423796
  8 42 0.118542
  9 42 0.696033
  10 42 0.387252
  11 42 0.615561
  12 42 0.337652
  13 42 0.222632
  14 42 0.292773
  15 42 1.95091
  16 42 0.238555
  17 42 -0.136283
  18 42 0.332068
  19 42 0.465473
  20 42 0.260524
3400 20 840
  1 42 0.760671
  2 42 -0.135372
  3 42 -0.968697
  4 42 -0.739027
  5 42 1.50761
  6 42 0.990067
  7 42 0.733374
  8 42 -0.146276
  9 42 -1.29081
  10 42 -1.14394
  11 42 0.700859
  12 42 0.985314
  13 42 0.159024
  14 42 0.291566
  15 42 -0.0673687
  16 42 -0.308032
  17 42 -1.54645
  18 42 -0.310266
  19 42 -0.181421
  20 42 -0.619091
3500 20 840
  1 42 -0.0999847
  2 42 0.674074
  3 42 0.136482
  4 42 0.929917
  5 42 -1.04394
  6 42 0.721387
  7 42 -0.300547
  8 42 -0.0185057
  9 42 0.567384
  10 42 1.34844
  11 42 -0.332513
  12 42 0.286183
  13 42 0.778898
  14 42 0.0982895
  15 42 -1.1706
  16 42 -0.000940824
  17 42 0.605163
  18 42 0.200011
  19 42 0.456656
  20 42 0.838457
3600 20 840
  1 42 2.5363
  2 42 0.1367
  3 42 1.31876
  4 42 0.414369
  5 42 0.409657
  6 42 -0.507913
  7 42 0.643107
  8 42 1.14087
  9 42 0.0357793
  10 42 0.0738103
  11 42 1.82354
  12 42 -1.01468
  13 42 0.218688
  14 42 0.367302
  15 42 0.144844
  16 42 -0.117691
  17 42 -1.43966
  18 42 -0.708626
  19 42 0.0768629
  20 42 0.338093
3700 20 840
  1 42 -0.510182
  2 42 1.17754
  3 42 -0.0958275
  4 42 -0.124675
  5 42 0.10903
  6 42 -0.373546
  7 42 0.288706
  8 42 -0.0296113
  9 42 -1.61634
  10 42 1.96808
  11 42 0.314364
  12 42 -0.460394
  13 42 1.0312
  14 42 -0.153118
  15 42 -0.535892
  16 42 0.360502
  17 42 1.06493
  18 42 0.0719901
  19 42 -1.46756
  20 42 0.0282121
3800 20 840
  1 42 0.819922
  2 42 0.425185
  3 42 0.79879
  4 42 0.316104
  5 42 -1.56953
  6 42 -0.502436
  7 42 0.220656
  8 42 -0.195294
  9 42 1.32137
  10 42 1.30311
  11 42 1.11774
  12 42 -1.21725
  13 42 0.460113
  14 42 0.48762
  15 42 0.117092
  16 42 0.19732
  17 42 -0.132632
  18 42 0.395732
  19 42 -0.565689
  20 42 1.25613
3900 20 840
  1 42 -1.47026
  2 42 -0.911252
  3 42 -0.65607
  4 42 1.18628
  5 42 0.226711
  6 42 -1.31144
  7 42 -0.0943741
  8 42 0.419844
  9 42 2.07856
  10 42 0.456327
  11 42 1.48789
  12 42 0.273374
  13 42 -0.927605
  14 42 0.862791
  15 42 0.599953
  16 42 -0.163086
  17 42 0.679361
  18 42 -0.274579
  19 42 0.606817
  20 42 -0.00347945
4000 20 840
  1 42 0.206807
  2 42 1.73401
  3 42 0.486873
  4 42 0.721222
  5 42 0.913978
  6 42 -0.253357
  7 42 0.762781
  8 42 1.02273
  9 42 -0.313263
  10 42 1.39185
  11 42 -0.146462
  12 42 1.06541
  13 42 -0.724731
  14 42 0.238337
  15 42 0.124857
  16 42 -0.505752
  17 42 -1.2248
  18 42 1.22009
  19 42 0.00675903
  20 42 -0.277707
4100 20 840
  1 42 1.04004
  2 42 -1.16104
  3 42 -0.239574
  4 42 0.98228
  5 42 0.505239
  6 42 0.00331059
  7 42 -0.42533
  8 42 0.499812
  9 42 -0.655481
  10 42 -1.18053
  11 42 0.588518
  12 42 0.588751
  13 42 1.34786
  14 42 0.316669
  15 42 -1.0113
  16 42 0.417249
  17 42 0.420671
  18 42 0.554869
  19 42 -0.673116
  20 42 -0.447894
4200 20 840
  1 42 0.179072
  2 42 0.819351
  3 42 1.26414
  4 42 0.124685
  5 42 2.73461
  6 42 1.15436
  7 42 1.25579
  8 42 -0.0559134
  9 42 -1.28588
  10 42 -0.365932
  11 42 -1.26077
  12 42 -0.422362
  13 42 0.817079
  14 42 0.45439
  15 42 0.47179
  16 42 1.03157
  17 42 0.107537
  18 42 0.000554551
  19 42 0.157061
  20 42 0.814699
4300 20 840
  1 42 0.197186
  2 42 1.15184
  3 42 0.712014
  4 42 0.231411
  5 42 0.446069
  6 42 0.709826
  7 42 0.966414
  8 42 -1.30255
  9 42 2.3755
  10 42 -0.814855
  11 42 0.845602
  12 42 0.348922
  13 42 -0.704772
  14 42 1.35919
  15 42 0.0514074
  16 42 -0.254112
  17 42 -0.10082
  18 42 0.632763
  19 42 0.820017
  20 42 -0.00160846
4400 20 840
  1 42 0.466753
  2 42 0.15971
  3 42 -0.513415
  4 42 0.521653
  5 42 -0.824312
  6 42 0.477477
  7 42 0.625878
  8 42 0.195963
  9 42 2.46842
  10 42 -0.0371464
  11 42 -0.552622
  12 42 -0.503907
  13 42 1.4216
  14 42 1.16354
  15 42 0.550305
  16 42 0.645982
  17 42 0.00156623
  18 42 -0.749832
  19 42 1.94609
  20 42 0.268335
4500 20 840
  1 42 -0.472278
  2 42 0.0866459
  3 42 0.647658
  4 42 -1.15026
  5 42 1.05874
  6 42 -0.925244
  7 42 2.52616
  8 42 -0.907423
  9 42 0.735854
  10 42 0.926175
  11 42 -0.0183865
  12 42 0.783276
  13 42 0.0587036
  14 42 0.973328
  15 42 -0.334689
  16 42 -0.0812181
  17 42 0.323406
  18 42 -0.913386
  19 42 3.06397
  20 42 0.781004
4600 20 840
  1 42 1.21771
  2 42 0.422896
  3 42 0.0393368
  4 42 1.69257
  5 42 0.95367
  6 42 -1.09784
  7 42 0.160846
  8 42 -1.67099
  9 42 -0.178833
  10 42 1.17925
  11 42 0.514701
  12 42 0.0351333
  13 42 0.775104
  14 42 -0.164862
  15 42 1.57869
  16 42 -0.841183
  17 42 0.788382
  18 42 1.83385
  19 42 -0.196702
  20 42 -0.90165
4700 20 840
  1 42 0.957724
  2 42 -0.00704891
  3 42 1.6276
  4 42 1.38971
  5 42 -0.564933
  6 42 0.0854335
  7 42 -0.952825
  8 42 0.432898
  9 42 0.144094
  10 42 1.38171
  11 42 0.0373865
  12 42 -0.231899
  13 42 1.05419
  14 42 -0.518151
  15 42 1.86074
  16 42 -0.244249
  17 42 -0.449366
  18 42 0.148202
  19 42 -0.174679
  20 42 0.994813
4800 20 840
  1 42 -0.163238
  2 42 0.318874
  3 42 -0.734056
  4 42 -1.15872
  5 42 -1.55684
  6 42 -0.98954
  7 42 1.18871
  8 42 0.749846
  9 42 -0.917199
  10 42 -0.385649
  11 42 1.27726
  12 42 0.19213
  13 42 -1.2428
  14 42 -0.651188
  15 42 0.762833
  16 42 0.500939
  17 42 -1.5228
  18 42 -0.0733735
  19 42 -2.1047
  20 42 1.14352
4900 20 840
  1 42 0.214724
  2 42 1.44318
  3 42 -1.59062
  4 42 -0.171836
  5 42 -0.115209
  6 42 0.00181357
  7 42 0.411448
  8 42 0.762064
  9 42 0.110665
  10 42 0.276153
  11 42 0.714286
  12 42 -0.594345
  13 42 0.707243
  14 42 0.410768
  15 42 -0.0690691
  16 42 -0.137117
  17 42 0.809101
  18 42 0.0927495
  19 42 -1.27143
  20 42 0.223217
5000 20 840
  1 42 -0.334441
  2 42 0.356047
  3 42 1.12923
  4 42 0.906511
  5 42 0.358973
  6 42 0.0855042
  7 42 -0.65534
  8 42 0.70231
  9 42 1.79948
  10 42 0.330684
  11 42 0.696863
  12 42 -0.955283
  13 42 0.4434
  14 42 0.845186
  15 42 0.393006
  16 42 0.221708
  17 42 -0.135173
  18 42 -0.562965
  19 42 -0.184553
  20 42 0.032659
5100 20 840
  1 42 1.16418
  2 42 0.184736
  3 42 -1.01289
  4 42 0.934869
  5 42 -0.647729
  6 42 1.05833
  7 42 2.15104
  8 42 1.1535
  9 42 -0.625956
  10 42 0.330682
  11 42 0.693607
  12 42 -1.27154
  13 42 1.30377
  14 42 0.140995
  15 42 -0.215396
  16 42 0.121484
  17 42 -0.198739
  18 42 -0.00776677
  19 42 0.767498
  20 42 -0.40183
5200 20 840
  1 42 0.761299
  2 42 0.70427
  3 42 -0.185858
  4 42 -0.14698
  5 42 0.349328
  6 42 0.251886
  7 42 -1.16996
  8 42 -0.30051
  9 42 -1.01334
  10 42 0.753089
  11 42 0.149373
  12 42 0.503114
  13 42 0.232655
  14 42 0.621131
  15 42 0.467734
  16 42 0.84623
  17 42 -1.01496
  18 42 0.621482
  19 42 0.318082
  20 42 0.0269907
5300 20 840
  1 42 -0.742491
  2 42 0.588019
  3 42 -0.352985
  4 42 -0.938479
  5 42 0.710473
  6 42 -1.24803
  7 42 1.806
  8 42 -0.138149
  9 42 0.959116
  10 42 0.0757631
  11 42 -0.689584
  12 42 0.985227
  13 42 0.417358
  14 42 0.161914
  15 42 0.398809
  16 42 0.947262
  17 42 -0.297638
  18 42 -0.331433
  19 42 -0.29399
  20 42 0.664249
5400 20 840
  1 42 -0.464725
  2 42 -1.01271
  3 42 -0.530312
  4 42 1.2577
  5 42 -0.0650176
  6 42 -0.559966
  7 42 -0.156012
  8 42 -1.90941
  9 42 0.855738
  10 42 0.345938
  11 42 0.908113
  12 42 0.309736
  13 42 -0.704366
  14 42 0.0720621
  15 42 0.742408
  16 42 0.70614
  17 42 -0.522333
  18 42 -0.422562
  19 42 -0.489064
  20 42 0.0159645
5500 20 840
  1 42 -0.0257821
  2 42 -0.160393
  3 42 1.5667
  4 42 0.147579
  5 42 0.508508
  6 42 -0.139108
  7 42 0.682664
  8 42 -0.193401
  9 42 -0.43539
  10 42 0.643841
  11 42 0.514633
  12 42 0.353157
  13 42 0.00079258
  14 42 -0.932596
  15 42 -0.312286
  16 42 0.46301
  17 42 0.408601
  18 42 -0.618071
  19 42 0.780742
  20 42 0.483429
5600 20 840
  1 42 1.21224
  2 42 0.681846
  3 42 0.879513
  4 42 0.261222
  5 42 0.96946
  6 42 -0.62967
  7 42 -1.14579
  8 42 0.12319
  9 42 -0.98381
  10 42 -0.0239702
  11 42 -0.243612
  12 42 -0.509464
  13 42 0.587683
  14 42 -0.732213
  15 42 -0.325899
  16 42 -0.184331
  17 42 -0.373314
  18 42 -1.11532
  19 42 -2.22022
  20 42 -0.463923
5700 20 840
  1 42 0.824134
  2 42 1.31409
  3 42 1.30892
  4 42 -0.182838
  5 42 0.558043
  6 42 0.0554022
  7 42 1.83023
  8 42 -0.284969
  9 42 1.47723
  10 42 1.33576
  11 42 0.0104922
  12 42 -1.19705
  13 42 -0.507412
  14 42 -0.0639519
  15 42 -0.238444
  16 42 -0.188264
  17 42 0.843271
  18 42 -0.23623
  19 42 0.24068
  20 42 0.386265
5800 20 840
  1 42 0.958533
  2 42 0.635201
  3 42 -0.47884
  4 42 -0.944203
  5 42 0.653142
  6 42 0.68156
  7 42 1.11385
  8 42 1.07407
  9 42 2.71639
  10 42 0.261307
  11 42 1.07389
  12 42 -0.653249
  13 42 -0.161894
  14 42 0.546467
  15 42 -0.438871
  16 42 -0.026412
  17 42 -1.17518
  18 42 0.260353
  19 42 3.53011
  20 42 -0.0154907
5900 20 840
  1 42 -0.810932
  2 42 -1.39996
  3 42 -0.931158
  4 42 0.40475
  5 42 -0.90136
  6 42 1.20089
  7 42 0.23672
  8 42 0.212335
  9 42 1.61069
  10 42 -0.337853
  11 42 0.301056
  12 42 0.569076
  13 42 0.304827
  14 42 0.794753
  15 42 1.15778
  16 42 -0.392996
  17 42 0.456934
  18 42 1.2439
  19 42 0.772327
  20 42 -0.892826
6000 20 840
  1 42 0.16583
  2 42 0.730378
  3 42 -0.184742
  4 42 1.03242
  5 42 0.14238
  6 42 -0.135715
  7 42 1.48435
  8 42 -0.0530631
  9 42 0.152776
  10 42 0.75052
  11 42 -0.0361883
  12 42 -0.232014
  13 42 0.158182
  14 42 -0.276656
  15 42 0.236396
  16 42 -0.431459
  17 42 -0.0724876
  18 42 1.74786
  19 42 1.05535
  20 42 0.410998
6100 20 840
  1 42 -0.504824
  2 42 -0.501745
  3 42 -0.855868
  4 42 0.85593
  5 42 0.13254
  6 42 -0.996987
  7 42 1.63833
  8 42 0.487393
  9 42 -2.67345
  10 42 0.64094
  11 42 0.285528
  12 42 -1.24204
  13 42 2.62711
  14 42 0.0885645
  15 42 -0.156735
  16 42 0.448122
  17 42 0.906676
  18 42 -0.842816
  19 42 -0.697463
  20 42 -0.126831
6200 20 840
  1 42 -0.687981
  2 42 0.168979
  3 42 0.373526
  4 42 0.848499
  5 42 -1.35318
  6 42 0.344913
  7 42 -0.724601
  8 42 -0.418641
  9 42 -1.13186
  10 42 0.587827
  11 42 0.0768362
  12 42 -0.165964
  13 42 0.619407
  14 42 0.171817
  15 42 1.97437
  16 42 0.787027
  17 42 -0.310131
  18 42 -0.515979
  19 42 -2.14395
  20 42 0.336433
6300 20 840
  1 42 -0.558535
  2 42 0.661167
  3 42 0.559328
  4 42 -1.00071
  5 42 -0.598226
  6 42 -0.195976
  7 42 0.550791
  8 42 -0.287151
  9 42 -1.64856
  10 42 -0.620853
  11 42 1.12479
  12 42 1.16045
  13 42 1.03846
  14 42 -0.0694258
  15 42 -0.463575
  16 42 -0.208106
  17 42 -0.972953
  18 42 -0.162779
  19 42 0.112973
  20 42 -0.39561
6400 20 840
  1 42 0.152653
  2 42 0.776772
  3 42 1.05749
  4 42 -0.392244
  5 42 1.30857
  6 42 -0.430558
  7 42 -1.52491
  8 42 -0.394537
  9 42 1.37395
  10 42 0.504435
  11 42 -0.436066
  12 42 0.269533
  13 42 1.28419
  14 42 -0.523148
  15 42 0.190845
  16 42 0.604088
  17 42 -0.680914
  18 42 -0.943139
  19 42 0.359753
  20 42 0.43509
6500 20 840
  1 42 1.0035
  2 42 1.98749
  3 42 0.988219
  4 42 -0.561651
  5 42 -0.597961
  6 42 -0.293256
  7 42 1.11769
  8 42 -0.521207
  9 42 -0.183127
  10 42 2.12817
  11 42 -0.315568
  12 42 0.41019
  13 42 1.47473
  14 42 -0.113002
  15 42 -0.468541
  16 42 -0.252093
  17 42 1.0224
  18 42 0.328795
  19 42 -0.298877
  20 42 -0.888208
6600 20 840
  1 42 1.67336
  2 42 0.621519
  3 42 -1.92486
  4 42 0.490789
  5 42 0.657965
  6 42 0.0281066
  7 42 -0.294747
  8 42 -0.438188
  9 42 -2.85032
  10 42 -0.840513
  11 42 0.034889
  12 42 -0.0522736
  13 42 1.65375
  14 42 0.725169
  15 42 -0.394823
  16 42 0.151748
  17 42 -0.696944
  18 42 -0.18786
  19 42 -0.160815
  20 42 -0.782748
6700 20 840
  1 42 0.829638
  2 42 1.94829
  3 42 -0.561088
  4 42 -0.127549
  5 42 2.30349
  6 42 0.220728
  7 42 0.156843
  8 42 0.616392
  9 42 0.622843
  10 42 -0.571619
  11 42 -0.218286
  12 42 0.398162
  13 42 -0.0984659
  14 42 0.986729
  15 42 -0.755465
  16 42 -0.102808
  17 42 0.0742476
  18 42 -0.130485
  19 42 -0.257041
  20 42 0.691931
6800 20 840
  1 42 -0.609554
  2 42 -0.624424
  3 42 -1.94515
  4 42 1.3818
  5 42 0.442204
  6 42 0.427546
  7 42 2.08342
  8 42 -0.928913
  9 42 3.34008
  10 42 0.00208983
  11 42 -0.772229
  12 42 0.840795
  13 42 -1.49947
  14 42 1.06285
  15 42 0.960991
  16 42 0.0291716
  17 42 0.472464
  18 42 1.52221
  19 42 0.217254
  20 42 -0.0706846
6900 20 840
  1 42 0.293287
  2 42 -1.19039
  3 42 1.4624
  4 42 1.46668
  5 42 -0.730459
  6 42 0.0166761
  7 42 2.57726
  8 42 0.72361
  9 42 1.57791
  10 42 -0.269363
  11 42 0.92457
  12 42 0.381878
  13 42 -0.594763
  14 42 0.187074
  15 42 1.24498
  16 42 -0.775962
  17 42 0.574406
  18 42 0.535387
  19 42 1.42193
  20 42 0.908059
7000 20 840
  1 42 -0.088277
  2 42 0.522709
  3 42 2.67046
  4 42 0.44737
  5 42 0.230067
  6 42 -0.375529
  7 42 -0.227972
  8 42 0.213133
  9 42 0.870987
  10 42 -0.0201786
  11 42 0.112415
  12 42 -0.262998
  13 42 -0.408185
  14 42 -0.280176
  15 42 0.237212
  16 42 -1.29041
  17 42 0.909719
  18 42 0.191673
  19 42 -1.30861
  20 42 -0.115317
7100 20 840
  1 42 1.0234
  2 42 -2.10858
  3 42 0.445963
  4 42 1.19817
  5 42 2.48079
  6 42 0.278535
  7 42 1.91099
  8 42 0.94551
  9 42 -0.553694
  10 42 0.21805
  11 42 -1.01689
  12 42 -0.437656
  13 42 1.40782
  14 42 0.0598598
  15 42 -0.318964
  16 42 -1.47068
  17 42 -0.377644
  18 42 0.185512
  19 42 1.43818
  20 42 0.596827
7200 20 840
  1 42 -0.356318
  2 42 1.58764
  3 42 2.00617
  4 42 0.968524
  5 42 0.344975
  6 42 -0.797256
  7 42 -0.0120026
  8 42 -0.322307
  9 42 1.99413
  10 42 0.0826183
  11 42 0.991599
  12 42 -0.608122
  13 42 -0.28342
  14 42 -0.224913
  15 42 0.60742
  16 42 0.163148
  17 42 -0.247562
  18 42 -1.19176
  19 42 1.02452
  20 42 1.12045
7300 20 840
  1 42 0.172408
  2 42 1.25227
  3 42 2.29585
  4 42 -0.68782
  5 42 -1.05517
  6 42 -0.199874
  7 42 1.63729
  8 42 -0.376852
  9 42 2.16672
  10 42 -0.33287
  11 42 -0.134016
  12 42 -0.98662
  13 42 0.483833
  14 42 0.337548
  15 42 -0.411344
  16 42 0.491889
  17 42 0.877268
  18 42 0.0683943
  19 42 0.597488
  20 42 0.913056
7400 20 840
  1 42 -0.426906
  2 42 0.186809
  3 42 -0.617339
  4 42 0.862566
  5 42 -1.62257
  6 42 -0.304254
  7 42 -1.03295
  8 42 -0.626798
  9 42 2.17972
  10 42 0.792749
  11 42 0.0871296
  12 42 -0.75928
  13 42 -0.272623
  14 42 0.125702
  15 42 1.03802
  16 42 0.672394
  17 42 0.444802
  18 42 0.205555
  19 42 0.621267
  20 42 0.403038
7500 20 840
  1 42 0.840102
  2 42 1.60461
  3 42 -2.02973
  4 42 -0.0493217
  5 42 0.638156
  6 42 0.288319
  7 42 1.04225
  8 42 0.747817
  9 42 -0.977484
  10 42 0.427461
  11 42 -0.0967001
  12 42 -0.439886
  13 42 1.41848
  14 42 -0.25083
  15 42 1.8734
  16 42 -0.529404
  17 42 0.0783809
  18 42 -0.298385
  19 42 -0.140663
  20 42 0.246945
7600 20 840
  1 42 0.974041
  2 42 1.31347
  3 42 -0.535207
  4 42 0.249378
  5 42 -0.19775
  6 42 0.620223
  7 42 -0.442937
  8 42 -0.110323
  9 42 -0.688702
  10 42 -0.915729
  11 42 0.425177
  12 42 1.4462
  13 42 0.993069
  14 42 -0.0375318
  15 42 0.881114
  16 42 0.44413
  17 42 0.231884
  18 42 0.330633
  19 42 -2.10541
  20 42 -0.803043
7700 20 840
  1 42 0.303224
  2 42 1.93586
  3 42 -0.561913
  4 42 -0.198406
  5 42 -1.30357
  6 42 0.0432566
  7 42 -0.409795
  8 42 -0.237476
  9 42 -0.452681
  10 42 0.39003
  11 42 -0.720399
  12 42 1.24225
  13 42 -0.262337
  14 42 0.863153
  15 42 1.01653
  16 42 -0.0977372
  17 42 0.140309
  18 42 0.279655
  19 42 -1.41792
  20 42 -0.065649
7800 20 840
  1 42 -0.269569
  2 42 -0.720781
  3 42 1.36251
  4 42 0.0764928
  5 42 1.86691
  6 42 -0.298214
  7 42 0.912706
  8 42 -0.118995
  9 42 1.72711
  10 42 -0.863313
  11 42 -0.184099
  12 42 0.0882351
  13 42 -1.38313
  14 42 1.56093
  15 42 -0.0304617
  16 42 0.786161
  17 42 -0.732092
  18 42 -0.460101
  19 42 -0.899301
  20 42 0.0775629
7900 20 840
  1 42 -0.472227
  2 42 0.557423
  3 42 1.45618
  4 42 0.365949
  5 42 -1.5445
  6 42 0.048819
  7 42 1.61547
  8 42 0.258915
  9 42 -1.60272
  10 42 0.562466
  11 42 -0.127429
  12 42 0.308506
  13 42 0.748669
  14 42 0.0410354
  15 42 0.642765
  16 42 0.284084
  17 42 0.78132
  18 42 -0.0425024
  19 42 -1.38516
  20 42 0.185134
8000 20 840
  1 42 0.220727
  2 42 -0.786537
  3 42 0.958034
  4 42 1.01173
  5 42 -0.518162
  6 42 0.272227
  7 42 -1.15194
  8 42 0.0661975
  9 42 0.445293
  10 42 1.54293
  11 42 0.217644
  12 42 -0.43911
  13 42 1.64221
  14 42 0.465644
  15 42 1.17401
  16 42 -1.04123
  17 42 -1.12952
  18 42 -0.887733
  19 42 1.15676
  20 42 0.501657
8100 20 840
  1 42 0.493243
  2 42 0.455412
  3 42 0.638719
  4 42 -0.0948856
  5 42 1.09274
  6 42 -0.691039
  7 42 1.23411
  8 42 -0.0309185
  9 42 -2.7954
  10 42 0.768898
  11 42 1.5348
  12 42 0.00383225
  13 42 0.286217
  14 42 -0.159952
  15 42 0.439073
  16 42 -0.67129
  17 42 -0.150322
  18 42 -0.902162
  19 42 0.629269
  20 42 -0.0341447
8200 20 840
  1 42 2.16763
  2 42 2.00509
  3 42 -1.51227
  4 42 -0.334694
  5 42 2.3377
  6 42 -0.0289087
  7 42 1.00724
  8 42 -0.270293
  9 42 0.529402
  10 42 -0.0102713
  11 42 0.577668
  12 42 -0.600114
  13 42 -0.16345
  14 42 -0.0237769
  15 42 0.104078
  16 42 -0.362413
  17 42 -0.919517
  18 42 0.768182
  19 42 1.94294
  20 42 -0.345276
8300 20 840
  1 42 0.430118
  2 42 -1.38603
  3 42 -0.031422
  4 42 -0.244601
  5 42 0.00195611
  6 42 -0.63278
  7 42 1.01814
  8 42 -1.41615
  9 42 1.0854
  10 42 -0.375399
  11 42 1.70306
  12 42 0.410632
  13 42 -0.174502
  14 42 -0.500611
  15 42 2.69133
  16 42 -0.283546
  17 42 0.187306
  18 42 1.02247
  19 42 2.0948
  20 42 -1.44633
8400 20 840
  1 42 1.28308
  2 42 -0.19192
  3 42 -0.0210914
  4 42 -0.00996968
  5 42 0.223497
  6 42 0.176084
  7 42 1.35002
  8 42 -0.210439
  9 42 -1.16554
  10 42 -0.87315
  11 42 0.109548
  12 42 -0.271524
  13 42 -0.305365
  14 42 -0.766829
  15 42 0.0767847
  16 42 0.0491143
  17 42 1.5292
  18 42 0.119567
  19 42 0.413758
  20 42 0.990555
8500 20 840
  1 42 1.42032
  2 42 0.318683
  3 42 0.422103
  4 42 0.0688199
  5 42 1.6744
  6 42 -0.0279104
  7 42 0.100787
  8 42 0.393696
  9 42 0.784873
  10 42 -0.176841
  11 42 0.674854
  12 42 -0.0572024
  13 42 0.768278
  14 42 -0.686786
  15 42 -1.40794
  16 42 -1.08026
  17 42 0.740589
  18 42 0.174706
  19 42 -1.70476
  20 42 -0.157724
8600 20 840
  1 42 0.0376532
  2 42 0.990333
  3 42 0.847883
  4 42 -0.0887975
  5 42 0.659706
  6 42 0.885732
  7 42 1.16395
  8 42 0.724235
  9 42 0.319236
  10 42 0.010231
  11 42 -0.710751
  12 42 -0.945176
  13 42 0.776303
  14 42 0.20982
  15 42 0.331222
  16 42 0.243798
  17 42 -0.330441
  18 42 -0.49665
  19 42 -0.0423615
  20 42 0.249428
8700 20 840
  1 42 -0.702306
  2 42 -0.141125
  3 42 0.388831
  4 42 -0.370013
  5 42 -1.21998
  6 42 -0.0728719
  7 42 1.62802
  8 42 0.31854
  9 42 1.91787
  10 42 -0.451223
  11 42 -0.580683
  12 42 0.590963
  13 42 0.266965
  14 42 0.942133
  15 42 -0.513457
  16 42 0.058903
  17 42 0.260549
  18 42 0.216077
  19 42 0.808152
  20 42 0.344941
8800 20 840
  1 42 -1.10796
  2 42 0.607617
  3 42 1.97323
  4 42 0.131805
  5 42 -1.4046
  6 42 -0.62748
  7 42 -1.10668
  8 42 -0.268882
  9 42 4.03233
  10 42 1.24357
  11 42 -0.829466
  12 42 0.145749
  13 42 0.991882
  14 42 0.371943
  15 42 1.3218
  16 42 0.137652
  17 42 -0.133759
  18 42 0.355284
  19 42 0.113827
  20 42 -0.17639
8900 20 840
  1 42 0.497976
  2 42 -1.41655
  3 42 -1.1517
  4 42 0.959973
  5 42 -0.904895
  6 42 -0.307766
  7 42 -1.33766
  8 42 0.917171
  9 42 -0.835747
  10 42 0.872591
  11 42 -1.04647
  12 42 0.383605
  13 42 1.41699
  14 42 -0.0467318
  15 42 1.36419
  16 42 0.249797
  17 42 -0.0194463
  18 42 0.0990269
  19 42 -0.972403
  20 42 -0.252159
9000 20 840
  1 42 -0.298137
  2 42 -0.060336
  3 42 -0.618113
  4 42 0.273523
  5 42 1.17092
  6 42 -0.278298
  7 42 0.757576
  8 42 1.28994
  9 42 -1.53473
  10 42 0.937051
  11 42 -2.06332
  12 42 -0.665904
  13 42 1.03578
  14 42 -0.683444
  15 42 -0.318456
  16 42 0.159804
  17 42 -0.212418
  18 42 0.0483277
  19 42 -1.91422
  20 42 -0.502048
9100 20 840
  1 42 0.468414
  2 42 0.711452
  3 42 1.13819
  4 42 0.40007
  5 42 -0.291204
  6 42 -0.741112
  7 42 -1.35655
  8 42 -1.2922
  9 42 -0.983575
  10 42 0.246044
  11 42 2.08156
  12 42 0.1831
  13 42 1.3503
  14 42 -0.144366
  15 42 1.52342
  16 42 0.620881
  17 42 -0.463721
  18 42 -0.590756
  19 42 -0.846271
  20 42 0.695863
9200 20 840
  1 42 -2.02862
  2 42 -0.0222029
  3 42 -0.857034
  4 42 -0.0786671
  5 42 1.42649
  6 42 -0.548289
  7 42 0.376509
  8 42 -0.375707
  9 42 0.919179
  10 42 -1.39029
  11 42 0.691542
  12 42 0.0043543
  13 42 0.485071
  14 42 0.794626
  15 42 -1.0726
  16 42 1.24964
  17 42 0.648351
  18 42 0.111331
  19 42 -0.592931
  20 42 -0.0368943
9300 20 840
  1 42 0.25696
  2 42 0.321087
  3 42 0.163918
  4 42 -0.161321
  5 42 -0.158498
  6 42 1.23271
  7 42 1.81907
  8 42 0.0445146
  9 42 -0.668024
  10 42 -0.197717
  11 42 0.834657
  12 42 0.414253
  13 42 -0.573613
  14 42 -0.110148
  15 42 -0.37975
  16 42 0.0851628
  17 42 0.605056
  18 42 0.501977
  19 42 -0.686608
  20 42 0.14703
9400 20 840
  1 42 0.760362
  2 42 -0.607498
  3 42 0.843597
  4 42 0.0272102
  5 42 0.0180113
  6 42 0.110633
  7 42 -0.031156
  8 42 0.963152
  9 42 1.75786
  10 42 -0.919117
  11 42 1.44609
  12 42 -0.51165
  13 42 0.319492
  14 42 -0.511322
  15 42 -0.654634
  16 42 -0.740843
  17 42 0.129649
  18 42 -0.830797
  19 42 0.925377
  20 42 -0.256674
9500 20 840
  1 42 0.73412
  2 42 0.773019
  3 42 0.300519
  4 42 -1.23472
  5 42 0.792965
  6 42 0.264687
  7 42 0.151493
  8 42 0.827545
  9 42 -1.74257
  10 42 -0.0496031
  11 42 -0.793386
  12 42 0.384304
  13 42 1.77757
  14 42 0.978245
  15 42 0.156186
  16 42 -1.06679
  17 42 0.50475
  18 42 0.869126
  19 42 -0.569074
  20 42 0.241524
9600 20 840
  1 42 1.36309
  2 42 -0.149662
  3 42 -0.881495
  4 42 1.36938
  5 42 0.14875
  6 42 -0.738297
  7 42 0.429872
  8 42 -0.923203
  9 42 0.714767
  10 42 -0.272215
  11 42 -0.119983
  12 42 2.00977
  13 42 -0.332167
  14 42 0.83917
  15 42 0.63447
  16 42 0.146574
  17 42 -0.295633
  18 42 0.222916
  19 42 -0.544357
  20 42 0.205569
9700 20 840
  1 42 1.11233
  2 42 0.126024
  3 42 -0.630587
  4 42 0.510243
  5 42 -0.695188
  6 42 -0.0932741
  7 42 -0.23629
  8 42 0.59263
  9 42 0.364238
  10 42 -0.315519
  11 42 -0.516602
  12 42 0.652606
  13 42 0.297106
  14 42 -0.748528
  15 42 1.29322
  16 42 -0.249957
  17 42 -0.189687
  18 42 0.649909
  19 42 0.872522
  20 42 1.07695
9800 20 840
  1 42 -0.114971
  2 42 -1.4029
  3 42 2.49285
  4 42 0.425101
  5 42 -0.596736
  6 42 -0.00712031
  7 42 -0.428659
  8 42 0.167817
  9 42 1.75302
  10 42 -0.545266
  11 42 -0.569726
  12 42 -0.277572
  13 42 -0.453279
  14 42 0.484879
  15 42 2.33529
  16 42 1.17925
  17 42 0.106932
  18 42 0.350467
  19 42 0.183306
  20 42 -0.115357
9900 20 840
  1 42 -0.248534
  2 42 -0.417271
  3 42 0.0701651
  4 42 1.00785
  5 42 -0.199523
  6 42 -0.23492
  7 42 1.13963
  8 42 0.246543
  9 42 0.300072
  10 42 1.1364
  11 42 0.416332
  12 42 0.350703
  13 42 0.713651
  14 42 -0.0527389
  15 42 0.654454
  16 42 -0.152646
  17 42 0.864927
  18 42 -0.0919999
  19 42 -1.25446
  20 42 0.152154
10000 20 840
  1 42 1.07399
  2 42 -0.250173
  3 42 1.26305
  4 42 -0.178742
  5 42 0.255673
  6 42 0.752808
  7 42 -0.450791
  8 42 1.27606
  9 42 -0.128854
  10 42 1.2963
  11 42 -1.30511
  12 42 0.110728
  13 42 2.62653
  14 42 0.244726
  15 42 -1.18423
  16 42 0.408813
  17 42 -0.33313
  18 42 -0.752259
  19 42 1.50896
  20 42 0.237767
