# Chunk-averaged data for fix bowForces and group all
# Timestep Number-of-chunks Total-count
# Chunk Ncount c_bowComp
0 20 840
  1 42 0.156299
  2 42 0.156299
  3 42 0.156299
  4 42 0.156299
  5 42 0.156299
  6 42 0.156299
  7 42 0.156299
  8 42 0.156299
  9 42 0.156299
  10 42 0.156299
  11 42 0.156299
  12 42 0.156299
  13 42 0.156299
  14 42 0.156299
  15 42 0.156299
  16 42 0.156299
  17 42 0.156299
  18 42 0.156299
  19 42 0.156299
  20 42 0.156299
100 20 840
  1 42 0.411886
  2 42 0.304398
  3 42 -0.0218769
  4 42 0.742241
  5 42 1.01494
  6 42 1.41142
  7 42 -0.0180039
  8 42 -0.453944
  9 42 0.596547
  10 42 -0.12574
  11 42 0.896737
  12 42 0.661831
  13 42 0.700257
  14 42 0.740089
  15 42 -1.07268
  16 42 -0.91277
  17 42 0.0358117
  18 42 -0.0433598
  19 42 0.802081
  20 42 -0.559734
200 20 840
  1 42 0.30545
  2 42 0.170561
  3 42 1.4922
  4 42 0.93007
  5 42 1.14666
  6 42 0.66172
  7 42 0.1127
  8 42 -0.0430636
  9 42 0.282033
  10 42 -0.601806
  11 42 -0.419069
  12 42 0.00927305
  13 42 0.365007
  14 42 0.916767
  15 42 0.444469
  16 42 0.0355123
  17 42 1.96712
  18 42 0.753154
  19 42 2.24145
  20 42 -0.614888
300 20 840
  1 42 0.230995
  2 42 0.709671
  3 42 -0.648167
  4 42 -0.234873
  5 42 0.428458
  6 42 -0.246496
  7 42 0.55307
  8 42 -0.389347
  9 42 0.820742
  10 42 0.896339
  11 42 -0.850251
  12 42 -0.661836
  13 42 -0.19712
  14 42 -0.101759
  15 42 -1.04711
  16 42 0.779067
  17 42 -0.350845
  18 42 1.49749
  19 42 -0.804916
  20 42 0.568787
400 20 840
  1 42 0.94275
  2 42 0.349996
  3 42 2.02483
  4 42 -0.39309
  5 42 1.3173
  6 42 -0.346119
  7 42 0.723463
  8 42 -0.678808
  9 42 0.428975
  10 42 -1.08628
  11 42 0.958777
  12 42 0.260004
  13 42 -1.03805
  14 42 -0.525233
  15 42 0.689352
  16 42 1.58766
  17 42 -0.562229
  18 42 0.838275
  19 42 -0.840289
  20 42 0.193901
500 20 840
  1 42 1.48058
  2 42 -0.444729
  3 42 0.16055
  4 42 -0.0714401
  5 42 0.791647
  6 42 1.72909
  7 42 -0.547129
  8 42 0.434522
  9 42 0.036412
  10 42 -0.922528
  11 42 0.54743
  12 42 0.938736
  13 42 0.289832
  14 42 0.234774
  15 42 0.0109043
  16 42 -0.208721
  17 42 -0.844826
  18 42 0.392015
  19 42 0.17981
  20 42 -0.39528
600 20 840
  1 42 -1.42939
  2 42 0.525412
  3 42 -0.511099
  4 42 0.687699
  5 42 0.356672
  6 42 -1.12593
  7 42 -0.405444
  8 42 0.480382
  9 42 -0.987387
  10 42 0.953964
  11 42 0.212056
  12 42 0.104316
  13 42 0.263305
  14 42 -0.389243
  15 42 -0.996093
  16 42 0.211435
  17 42 -0.826646
  18 42 -1.53368
  19 42 -0.165058
  20 42 0.552388
700 20 840
  1 42 -0.464971
  2 42 0.422453
  3 42 0.287726
  4 42 0.147434
  5 42 0.0435632
  6 42 -0.918827
  7 42 0.343749
  8 42 0.511408
  9 42 -0.879107
  10 42 0.168991
  11 42 1.54612
  12 42 -0.851014
  13 42 -0.0948638
  14 42 -0.929948
  15 42 0.417758
  16 42 0.708866
  17 42 0.344518
  18 42 -1.37708
  19 42 0.0821148
  20 42 -0.331201
800 20 840
  1 42 -0.366688
  2 42 -0.508134
  3 42 -1.06377
  4 42 -0.717563
  5 42 -1.21165
  6 42 0.109215
  7 42 -1.45115
  8 42 0.408734
  9 42 0.561422
  10 42 1.39958
  11 42 0.555337
  12 42 -1.16224
  13 42 0.174933
  14 42 0.760742
  15 42 -1.01706
  16 42 0.489651
  17 42 0.938017
  18 42 0.0743492
  19 42 -0.111729
  20 42 0.153836
900 20 840
  1 42 -0.127263
  2 42 -0.700656
  3 42 -0.578199
  4 42 0.218801
  5 42 -0.683734
  6 42 -0.0522073
  7 42 0.502582
  8 42 -0.535788
  9 42 0.738397
  10 42 0.70247
  11 42 1.78121
  12 42 -0.736144
  13 42 -1.85553
  14 42 -0.395725
  15 42 1.60541
  16 42 -0.330896
  17 42 -0.836618
  18 42 0.0814106
  19 42 1.1983
  20 42 -0.24955
1000 20 840
  1 42 0.326981
  2 42 -0.407019
  3 42 0.457534
  4 42 -0.0572049
  5 42 -0.926408
  6 42 -0.0867296
  7 42 -0.00809999
  8 42 1.26507
  9 42 0.858225
  10 42 0.907082
  11 42 0.714964
  12 42 1.24176
  13 42 0.621746
  14 42 0.101624
  15 42 0.933371
  16 42 0.540072
  17 42 0.443753
  18 42 0.958187
  19 42 1.17296
  20 42 0.283167
1100 20 840
  1 42 0.885472
  2 42 -0.403362
  3 42 -0.627091
  4 42 0.0323173
  5 42 -0.163922
  6 42 0.222728
  7 42 0.201854
  8 42 1.13838
  9 42 0.201948
  10 42 -0.0913673
  11 42 -0.225869
  12 42 1.75258
  13 42 1.15932
  14 42 0.322361
  15 42 -0.411406
  16 42 -0.349623
  17 42 0.2861
  18 42 0.539537
  19 42 1.02329
  20 42 -0.119566
1200 20 840
  1 42 0.656191
  2 42 -0.0702892
  3 42 -0.377555
  4 42 0.81861
  5 42 1.0905
  6 42 0.719722
  7 42 1.9443
  8 42 -0.174524
  9 42 -1.69345
  10 42 0.0557883
  11 42 -1.66932
  12 42 0.393173
  13 42 -0.710021
  14 42 0.00915579
  15 42 0.0098402
  16 42 -0.396571
  17 42 0.59698
  18 42 -0.210542
  19 42 1.29699
  20 42 -0.429091
1300 20 840
  1 42 -0.00507998
  2 42 0.240264
  3 42 -0.30533
  4 42 0.0743892
  5 42 -0.623867
  6 42 1.1477
  7 42 -0.431434
  8 42 -0.309139
  9 42 0.0997908
  10 42 -0.204051
  11 42 0.0891236
  12 42 -0.0342962
  13 42 0.306218
  14 42 0.934833
  15 42 -0.237361
  16 42 0.721851
  17 42 0.536091
  18 42 1.43539
  19 42 -0.173139
  20 42 0.266243
1400 20 840
  1 42 -0.611478
  2 42 0.94384
  3 42 1.12166
  4 42 -0.120875
  5 42 0.292388
  6 42 -0.637297
  7 42 2.04811
  8 42 -0.273338
  9 42 0.435521
  10 42 -0.994178
  11 42 -0.518219
  12 42 -0.57889
  13 42 -0.155754
  14 42 -0.454569
  15 42 1.48427
  16 42 -0.163536
  17 42 -0.0840752
  18 42 -0.133032
  19 42 -0.552719
  20 42 -0.0942008
1500 20 840
  1 42 -1.10913
  2 42 0.325697
  3 42 -0.798786
  4 42 -0.136875
  5 42 0.755274
  6 42 -0.672402
  7 42 0.234139
  8 42 -0.966689
  9 42 1.71021
  10 42 0.765597
  11 42 -0.737231
  12 42 1.17722
  13 42 0.501479
  14 42 0.379118
  15 42 0.739038
  16 42 0.466112
  17 42 0.329115
  18 42 -0.381503
  19 42 0.0124208
  20 42 -0.0122912
1600 20 840
  1 42 0.857605
  2 42 -0.691
  3 42 1.58847
  4 42 0.0244247
  5 42 2.14339
  6 42 0.015989
  7 42 0.772203
  8 42 0.354087
  9 42 0.395988
  10 42 -0.702035
  11 42 0.67885
  12 42 0.157161
  13 42 1.27815
  14 42 0.377073
  15 42 -1.02836
  16 42 0.864275
  17 42 -0.972767
  18 42 -0.367475
  19 42 -0.0164834
  20 42 0.62213
1700 20 840
  1 42 -0.155398
  2 42 0.158865
  3 42 1.35103
  4 42 1.74373
  5 42 0.576126
  6 42 -0.744061
  7 42 -1.37328
  8 42 -0.661076
  9 42 -0.0783531
  10 42 -0.00479528
  11 42 0.652204
  12 42 -0.0589651
  13 42 0.116945
  14 42 -0.375982
  15 42 0.78136
  16 42 0.710839
  17 42 -0.143326
  18 42 0.380857
  19 42 -1.1625
  20 42 -0.530183
1800 20 840
  1 42 0.707725
  2 42 -0.299137
  3 42 -0.362325
  4 42 -0.520159
  5 42 -0.749292
  6 42 -0.241893
  7 42 0.177617
  8 42 -0.81772
  9 42 0.515919
  10 42 0.711031
  11 42 1.89497
  12 42 0.0303002
  13 42 -0.100592
  14 42 0.28284
  15 42 0.723565
  16 42 0.887804
  17 42 -0.50089
  18 42 1.1785
  19 42 -1.00845
  20 42 0.930944
1900 20 840
  1 42 0.20861
  2 42 -0.21944
  3 42 0.508372
  4 42 -0.617093
  5 42 -0.472564
  6 42 0.100587
  7 42 0.36908
  8 42 0.206651
  9 42 -0.376846
  10 42 -0.462544
  11 42 2.08883
  12 42 -0.331465
  13 42 -0.196921
  14 42 0.163951
  15 42 0.188773
  16 42 0.899621
  17 42 0.525919
  18 42 -0.311446
  19 42 0.241455
  20 42 1.08517
2000 20 840
  1 42 0.728556
  2 42 1.1318
  3 42 -0.0594671
  4 42 0.905293
  5 42 0.390668
  6 42 1.2841
  7 42 -0.964744
  8 42 0.53393
  9 42 0.35578
  10 42 0.929149
  11 42 -0.384993
  12 42 -1.35686
  13 42 0.528976
  14 42 0.499367
  15 42 -0.393687
  16 42 -0.631018
  17 42 -1.0683
  18 42 -0.487044
  19 42 -0.964548
  20 42 1.46115
2100 20 840
  1 42 0.946815
  2 42 0.906021
  3 42 -0.441243
  4 42 0.973211
  5 42 -1.13376
  6 42 0.222512
  7 42 0.0528675
  8 42 1.09328
  9 42 -0.273373
  10 42 1.01494
  11 42 1.30657
  12 42 0.0591708
  13 42 -0.129325
  14 42 0.624219
  15 42 0.651603
  16 42 -1.54112
  17 42 0.225122
  18 42 1.00088
  19 42 1.485
  20 42 -1.01405
2200 20 840
  1 42 1.11106
  2 42 -0.18884
  3 42 0.209754
  4 42 -0.013713
  5 42 0.780018
  6 42 -0.897931
  7 42 1.75571
  8 42 2.27634
  9 42 -1.0799
  10 42 1.03284
  11 42 -0.514224
  12 42 -0.42505
  13 42 0.874277
  14 42 -0.208671
  15 42 1.45071
  16 42 -0.0392743
  17 42 0.394047
  18 42 0.0812046
  19 42 1.43262
  20 42 0.594399
2300 20 840
  1 42 0.211562
  2 42 0.154208
  3 42 -1.31451
  4 42 0.0851587
  5 42 -1.46961
  6 42 -0.838684
  7 42 0.115174
  8 42 -0.291033
  9 42 0.527201
  10 42 1.45127
  11 42 -0.0322551
  12 42 -0.223844
  13 42 0.180392
  14 42 0.402502
  15 42 -0.203102
  16 42 -0.423144
  17 42 -0.391403
  18 42 0.894938
  19 42 -1.41147
  20 42 0.472035
2400 20 840
  1 42 -0.312005
  2 42 1.05907
  3 42 -0.127958
  4 42 -0.118259
  5 42 0.387128
  6 42 -0.729974
  7 42 2.22967
  8 42 -0.369882
  9 42 -0.582253
  10 42 0.129747
  11 42 -1.6296
  12 42 -0.564833
  13 42 0.406402
  14 42 0.700437
  15 42 1.52856
  16 42 0.50942
  17 42 0.299031
  18 42 0.826004
  19 42 0.747837
  20 42 0.648786
2500 20 840
  1 42 -0.951835
  2 42 -0.366444
  3 42 0.0763255
  4 42 0.710305
  5 42 -0.0992702
  6 42 -0.645062
  7 42 0.182543
  8 42 0.311287
  9 42 1.71261
  10 42 -0.163086
  11 42 0.0788452
  12 42 -0.241648
  13 42 0.286727
  14 42 0.354465
  15 42 0.433865
  16 42 0.340835
  17 42 -0.210949
  18 42 -1.12971
  19 42 -0.0745355
  20 42 0.79674
2600 20 840
  1 42 -0.767838
  2 42 0.76135
  3 42 0.767859
  4 42 0.995161
  5 42 -1.18747
  6 42 -0.597096
  7 42 1.45188
  8 42 -0.27201
  9 42 0.50367
  10 42 -0.33617
  11 42 -0.672053
  12 42 -0.0128647
  13 42 0.870354
  14 42 -0.369839
  15 42 -0.130413
  16 42 0.238584
  17 42 0.612578
  18 42 -1.03814
  19 42 -0.905765
  20 42 0.36038
2700 20 840
  1 42 0.869228
  2 42 0.337618
  3 42 0.234087
  4 42 0.731272
  5 42 2.42249
  6 42 2.50972
  7 42 0.057538
  8 42 -0.70951
  9 42 -1.49314
  10 42 -1.23841
  11 42 1.27127
  12 42 0.632644
  13 42 1.11417
  14 42 0.455006
  15 42 1.53747
  16 42 0.539559
  17 42 0.112682
  18 42 0.407391
  19 42 0.124949
  20 42 -0.654351
2800 20 840
  1 42 0.106491
  2 42 1.03669
  3 42 2.37286
  4 42 -0.317673
  5 42 2.76355
  6 42 -0.714104
  7 42 -0.484517
  8 42 -0.680163
  9 42 -0.24604
  10 42 1.1634
  11 42 0.0947651
  12 42 -0.138832
  13 42 -0.132821
  14 42 0.0670715
  15 42 0.0733326
  16 42 0.774961
  17 42 -0.86561
  18 42 -0.209944
  19 42 -0.971709
  20 42 0.415289
2900 20 840
  1 42 1.0025
  2 42 -0.394695
  3 42 -0.0953141
  4 42 0.580397
  5 42 0.788004
  6 42 -0.471995
  7 42 0.899555
  8 42 -0.779736
  9 42 3.19951
  10 42 -0.106839
  11 42 1.64904
  12 42 0.204778
  13 42 -0.0545775
  14 42 -0.355137
  15 42 -0.167617
  16 42 -0.322892
  17 42 -0.882519
  18 42 -0.118804
  19 42 -0.321478
  20 42 -0.0924159
3000 20 840
  1 42 -0.758389
  2 42 -0.146894
  3 42 -0.464688
  4 42 -0.419918
  5 42 -0.00407883
  6 42 0.459245
  7 42 -1.10854
  8 42 0.0464918
  9 42 0.830986
  10 42 0.551875
  11 42 1.11061
  12 42 1.54982
  13 42 1.41001
  14 42 0.910163
  15 42 -0.18607
  16 42 -0.0101581
  17 42 0.276551
  18 42 0.485446
  19 42 1.30832
  20 42 -0.57664
3100 20 840
  1 42 0.0446315
  2 42 1.22508
  3 42 -0.929833
  4 42 1.49134
  5 42 1.51489
  6 42 -0.32351
  7 42 -0.486543
  8 42 -0.167252
  9 42 -0.817383
  10 42 0.0334759
  11 42 0.616236
  12 42 -0.280461
  13 42 -0.0864547
  14 42 -0.235203
  15 42 -0.828372
  16 42 -0.868513
  17 42 0.344583
  18 42 -0.380077
  19 42 1.4739
  20 42 -0.154739
3200 20 840
  1 42 1.31116
  2 42 0.364379
  3 42 0.281143
  4 42 1.46357
  5 42 1.76875
  6 42 -0.265743
  7 42 -0.612376
  8 42 -0.256439
  9 42 -0.770496
  10 42 0.8471
  11 42 -0.488505
  12 42 -1.78974
  13 42 0.0755575
  14 42 -0.551131
  15 42 0.768595
  16 42 -0.573958
  17 42 -0.296391
  18 42 0.943628
  19 42 0.73656
  20 42 0.0246115
3300 20 840
  1 42 0.777538
  2 42 0.498463
  3 42 -0.917883
  4 42 -1.08523
  5 42 -0.644141
  6 42 0.198278
  7 42 -0.0600312
  8 42 0.297971
  9 42 0.105174
  10 42 0.881163
  11 42 0.709199
  12 42 0.249507
  13 42 0.205041
  14 42 0.143821
  15 42 1.45233
  16 42 0.30113
  17 42 -0.0592961
  18 42 0.288249
  19 42 0.397155
  20 42 0.288036
3400 20 840
  1 42 0.481257
  2 42 -0.286203
  3 42 -0.480013
  4 42 -0.494292
  5 42 1.55441
  6 42 0.920925
  7 42 0.823742
  8 42 0.342789
  9 42 -1.64233
  10 42 -1.39842
  11 42 0.979603
  12 42 0.787636
  13 42 -0.135294
  14 42 0.0541885
  15 42 0.374423
  16 42 -0.535448
  17 42 -1.2083
  18 42 -0.291668
  19 42 0.138998
  20 42 -0.517571
3500 20 840
  1 42 -0.168387
  2 42 0.633972
  3 42 0.319482
  4 42 0.668573
  5 42 -0.999205
  6 42 0.858346
  7 42 0.0283619
  8 42 0.361949
  9 42 0.975558
  10 42 0.91724
  11 42 -0.487572
  12 42 0.134938
  13 42 0.827734
  14 42 0.175205
  15 42 -1.144
  16 42 0.238433
  17 42 0.823511
  18 42 0.0997963
  19 42 0.32603
  20 42 0.966392
3600 20 840
  1 42 1.8825
  2 42 0.0729022
  3 42 1.23406
  4 42 0.171244
  5 42 0.512675
  6 42 -0.135398
  7 42 0.821948
  8 42 1.03768
  9 42 0.295717
  10 42 -0.131261
  11 42 1.20884
  12 42 -0.946409
  13 42 0.37128
  14 42 0.431452
  15 42 0.32564
  16 42 -0.2363
  17 42 -1.32328
  18 42 -0.637336
  19 42 0.0922876
  20 42 0.394338
3700 20 840
  1 42 -0.545704
  2 42 0.928472
  3 42 -0.171524
  4 42 -0.156173
  5 42 -0.0602994
  6 42 -0.176871
  7 42 0.363688
  8 42 -0.13383
  9 42 -1.51631
  10 42 1.92798
  11 42 -0.217098
  12 42 -0.203451
  13 42 1.17159
  14 42 -0.167596
  15 42 -0.186073
  16 42 0.237675
  17 42 1.12283
  18 42 0.20766
  19 42 -1.10463
  20 42 -0.172554
3800 20 840
  1 42 0.441734
  2 42 0.501065
  3 42 0.656326
  4 42 0.0889694
  5 42 -1.16762
  6 42 -0.329801
  7 42 0.419941
  8 42 -0.188251
  9 42 1.32317
  10 42 1.06552
  11 42 0.463085
  12 42 -1.02314
  13 42 0.553435
  14 42 0.396242
  15 42 0.159949
  16 42 0.197298
  17 42 -0.0833452
  18 42 0.532863
  19 42 -0.647299
  20 42 1.00181
3900 20 840
  1 42 -1.33993
  2 42 -0.799981
  3 42 -0.467881
  4 42 1.06561
  5 42 0.749493
  6 42 -1.0898
  7 42 -0.0398204
  8 42 0.376466
  9 42 1.94245
  10 42 0.182515
  11 42 1.21177
  12 42 0.287584
  13 42 -0.567109
  14 42 0.771239
  15 42 0.444399
  16 42 -0.277784
  17 42 0.71922
  18 42 -0.316199
  19 42 0.0929635
  20 42 -0.191107
4000 20 840
  1 42 0.168631
  2 42 1.48547
  3 42 0.612901
  4 42 0.622246
  5 42 1.29597
  6 42 -0.0746209
  7 42 0.732306
  8 42 0.574468
  9 42 0.0214724
  10 42 1.18776
  11 42 0.00807205
  12 42 0.901654
  13 42 -0.395902
  14 42 0.394305
  15 42 0.103813
  16 42 -0.659652
  17 42 -1.13262
  18 42 1.11633
  19 42 -0.395764
  20 42 -0.264396
4100 20 840
  1 42 1.1602
  2 42 -0.67272
  3 42 -0.40003
  4 42 0.78937
  5 42 0.183101
  6 42 -0.504129
  7 42 -0.622908
  8 42 0.506277
  9 42 -0.691402
  10 42 -0.752292
  11 42 0.83102
  12 42 0.563967
  13 42 1.0155
  14 42 0.294869
  15 42 -0.932024
  16 42 0.0932545
  17 42 0.294804
  18 42 0.536612
  19 42 -0.844105
  20 42 -0.338615
4200 20 840
  1 42 0.358491
  2 42 0.84998
  3 42 0.421403
  4 42 0.274513
  5 42 2.36053
  6 42 0.56266
  7 42 1.20596
  8 42 0.041121
  9 42 -1.44859
  10 42 -0.132866
  11 42 -0.994804
  12 42 -0.417899
  13 42 0.70072
  14 42 0.325293
  15 42 0.423287
  16 42 0.983856
  17 42 0.086721
  18 42 -0.0971813
  19 42 0.0599634
  20 42 0.86508
4300 20 840
  1 42 0.394244
  2 42 1.06008
  3 42 0.794819
  4 42 0.338282
  5 42 0.281917
  6 42 0.95226
  7 42 1.0232
  8 42 -1.13059
  9 42 1.60201
  10 42 -0.55071
  11 42 1.05818
  12 42 0.475719
  13 42 -0.483297
  14 42 1.34535
  15 42 0.16693
  16 42 -0.160979
  17 42 0.05366
  18 42 0.764782
  19 42 0.719808
  20 42 -0.147588
4400 20 840
  1 42 0.623073
  2 42 0.327575
  3 42 0.122499
  4 42 0.55614
  5 42 -0.412734
  6 42 0.679795
  7 42 0.601504
  8 42 0.282328
  9 42 1.88382
  10 42 0.0126928
  11 42 -0.464878
  12 42 -0.559899
  13 42 1.21541
  14 42 1.05322
  15 42 0.473895
  16 42 0.66763
  17 42 -0.0298649
  18 42 -0.800616
  19 42 1.74819
  20 42 0.193413
4500 20 840
  1 42 -0.658447
  2 42 -0.250148
  3 42 1.07335
  4 42 -0.843495
  5 42 0.688561
  6 42 -0.939271
  7 42 2.07698
  8 42 -0.460437
  9 42 0.705067
  10 42 0.710699
  11 42 -0.0403726
  12 42 0.355591
  13 42 0.307017
  14 42 0.968056
  15 42 -0.331255
  16 42 -0.527723
  17 42 0.487921
  18 42 -0.599829
  19 42 3.22485
  20 42 0.878886
4600 20 840
  1 42 0.905485
  2 42 0.384816
  3 42 -0.119727
  4 42 1.1093
  5 42 0.679048
  6 42 -0.751993
  7 42 0.282303
  8 42 -1.44829
  9 42 -0.162596
  10 42 0.983636
  11 42 0.148885
  12 42 -0.0655335
  13 42 0.528671
  14 42 -0.296448
  15 42 1.78484
  16 42 -0.806867
  17 42 0.430721
  18 42 1.54794
  19 42 0.397462
  20 42 -0.618311
4700 20 840
  1 42 0.890538
  2 42 -0.198928
  3 42 1.02588
  4 42 1.07814
  5 42 -0.789291
  6 42 -0.0371985
  7 42 -1.23446
  8 42 0.163105
  9 42 0.382944
  10 42 1.28461
  11 42 -0.718782
  12 42 0.0215749
  13 42 1.28721
  14 42 -0.595596
  15 42 1.65995
  16 42 -0.238688
  17 42 -0.535572
  18 42 0.0887358
  19 42 -0.891834
  20 42 0.827183
4800 20 840
  1 42 -0.17867
  2 42 0.272358
  3 42 -0.356171
  4 42 -1.02073
  5 42 -1.40472
  6 42 -0.670224
  7 42 0.927643
  8 42 0.498243
  9 42 -1.21294
  10 42 -0.204239
  11 42 0.641196
  12 42 0.226824
  13 42 -0.91397
  14 42 -0.276064
  15 42 0.806773
  16 42 0.173522
  17 42 -1.15172
  18 42 -0.0733351
  19 42 -2.043
  20 42 0.817472
4900 20 840
  1 42 0.10206
  2 42 1.25886
  3 42 -1.61141
  4 42 0.0278033
  5 42 0.305364
  6 42 -0.24258
  7 42 0.909791
  8 42 0.513737
  9 42 0.0734319
  10 42 0.115494
  11 42 0.847627
  12 42 -0.598665
  13 42 0.73648
  14 42 0.203808
  15 42 0.0922672
  16 42 -0.258444
  17 42 0.968296
  18 42 0.0732268
  19 42 -1.17896
  20 42 0.328486
5000 20 840
  1 42 -0.349264
  2 42 0.341599
  3 42 0.876881
  4 42 1.04459
  5 42 0.761698
  6 42 0.222683
  7 42 -0.238639
  8 42 0.556266
  9 42 1.34484
  10 42 0.150201
  11 42 0.60826
  12 42 -1.1063
  13 42 0.321783
  14 42 0.680008
  15 42 0.227363
  16 42 0.229518
  17 42 0.241006
  18 42 -0.802659
  19 42 -0.419992
  20 42 -0.259693
5100 20 840
  1 42 1.0138
  2 42 0.263094
  3 42 -0.672034
  4 42 0.566214
  5 42 -0.639935
  6 42 1.12491
  7 42 1.98156
  8 42 0.872171
  9 42 -0.395278
  10 42 0.508561
  11 42 1.26174
  12 42 -0.770046
  13 42 1.17724
  14 42 -0.11937
  15 42 0.0769427
  16 42 0.0700643
  17 42 0.162595
  18 42 0.136514
  19 42 0.81284
  20 42 -0.216695
5200 20 840
  1 42 0.472963
  2 42 0.448036
  3 42 -0.621387
  4 42 0.217381
  5 42 0.0857121
  6 42 0.0977016
  7 42 -1.18589
  8 42 -0.244881
  9 42 -0.624598
  10 42 1.08674
  11 42 0.763095
  12 42 0.614685
  13 42 -0.145415
  14 42 0.547703
  15 42 0.650594
  16 42 0.729313
  17 42 -1.09747
  18 42 0.499748
  19 42 0.173881
  20 42 0.0387226
5300 20 840
  1 42 -0.750443
  2 42 0.843955
  3 42 -0.229139
  4 42 -0.94683
  5 42 0.441952
  6 42 -0.94018
  7 42 1.86966
  8 42 0.173605
  9 42 0.369528
  10 42 0.178849
  11 42 -0.118124
  12 42 0.76625
  13 42 0.396746
  14 42 -0.180609
  15 42 0.291832
  16 42 0.830189
  17 42 -0.257561
  18 42 -0.128682
  19 42 -0.794253
  20 42 0.479681
5400 20 840
  1 42 -0.546557
  2 42 -0.921595
  3 42 -0.276081
  4 42 1.31885
  5 42 0.184902
  6 42 -0.513981
  7 42 0.0103949
  8 42 -1.64219
  9 42 0.410272
  10 42 -0.203095
  11 42 0.801883
  12 42 -0.0877347
  13 42 -0.285949
  14 42 -0.138591
  15 42 0.676576
  16 42 0.781484
  17 42 -0.194412
  18 42 -0.45127
  19 42 -0.263869
  20 42 -0.0772204
5500 20 840
  1 42 -0.261253
  2 42 0.0428776
  3 42 2.14312
  4 42 0.259828
  5 42 0.518032
  6 42 -0.163202
  7 42 0.0121232
  8 42 0.0032755
  9 42 -0.588424
  10 42 0.545667
  11 42 0.346019
  12 42 0.131166
  13 42 -0.185373
  14 42 -0.683142
  15 42 -0.159823
  16 42 0.014188
  17 42 0.279703
  18 42 -0.66716
  19 42 0.735015
  20 42 0.292954
5600 20 840
  1 42 0.946897
  2 42 0.667327
  3 42 0.560941
  4 42 0.0955618
  5 42 0.87702
  6 42 -0.463671
  7 42 -1.11474
  8 42 0.703317
  9 42 -0.72341
  10 42 -0.270102
  11 42 -0.0411793
  12 42 -0.57314
  13 42 0.46783
  14 42 -0.412523
  15 42 -0.120109
  16 42 -0.27822
  17 42 -0.633065
  18 42 -1.09437
  19 42 -2.29878
  20 42 -0.224916
5700 20 840
  1 42 0.670422
  2 42 1.31653
  3 42 0.640503
  4 42 -0.356939
  5 42 -0.0364145
  6 42 0.0786796
  7 42 1.36498
  8 42 -0.409788
  9 42 1.06209
  10 42 1.64972
  11 42 -0.417947
  12 42 -0.720694
  13 42 -0.0922948
  14 42 -0.0455005
  15 42 -0.0307945
  16 42 -0.0872294
  17 42 0.569463
  18 42 -0.254203
  19 42 0.440564
  20 42 0.217655
5800 20 840
  1 42 1.00363
  2 42 0.64846
  3 42 -0.759832
  4 42 -1.28776
  5 42 0.63673
  6 42 0.617344
  7 42 1.52037
  8 42 0.416777
  9 42 2.07676
  10 42 0.376097
  11 42 0.544736
  12 42 -0.382297
  13 42 -0.190763
  14 42 0.508803
  15 42 -0.127569
  16 42 -0.0226887
  17 42 -1.1231
  18 42 -0.0951341
  19 42 3.69961
  20 42 0.249758
5900 20 840
  1 42 -0.551656
  2 42 -1.25394
  3 42 -0.367739
  4 42 0.177806
  5 42 -0.728472
  6 42 1.10307
  7 42 0.249944
  8 42 0.0429025
  9 42 1.18362
  10 42 -0.311365
  11 42 0.173425
  12 42 0.291909
  13 42 0.495486
  14 42 0.922357
  15 42 0.653739
  16 42 -0.524342
  17 42 0.641535
  18 42 1.35334
  19 42 0.252254
  20 42 -0.996564
6000 20 840
  1 42 0.44492
  2 42 0.720003
  3 42 0.323988
  4 42 0.865129
  5 42 0.0772452
  6 42 0.157087
  7 42 1.61211
  8 42 -0.0540099
  9 42 0.525412
  10 42 0.658395
  11 42 -0.171656
  12 42 -0.176628
  13 42 -0.0226332
  14 42 -0.269042
  15 42 0.0669463
  16 42 -0.62971
  17 42 -0.299556
  18 42 1.53564
  19 42 1.75545
  20 42 0.319891
6100 20 840
  1 42 -0.354559
  2 42 -0.62228
  3 42 -0.950743
  4 42 0.709807
  5 42 0.226745
  6 42 -0.718582
  7 42 2.07333
  8 42 0.610736
  9 42 -1.95731
  10 42 0.465714
  11 42 0.000882868
  12 42 -0.695431
  13 42 2.06704
  14 42 0.10366
  15 42 -0.279995
  16 42 0.62751
  17 42 0.814883
  18 42 -0.946866
  19 42 -0.964607
  20 42 -0.592174
6200 20 840
  1 42 -0.42027
  2 42 0.163689
  3 42 0.0291403
  4 42 0.487344
  5 42 -0.979224
  6 42 0.292176
  7 42 -0.931355
  8 42 -0.0371815
  9 42 -1.64832
  10 42 0.74571
  11 42 -0.221945
  12 42 -0.138813
  13 42 0.781244
  14 42 0.0732327
  15 42 1.54776
  16 42 0.971358
  17 42 0.0750676
  18 42 -0.542081
  19 42 -2.52984
  20 42 0.692075
6300 20 840
  1 42 -0.479266
  2 42 0.736156
  3 42 1.20654
  4 42 -0.541803
  5 42 -0.4274
  6 42 -0.274677
  7 42 0.804048
  8 42 0.160491
  9 42 -1.30129
  10 42 -0.542618
  11 42 1.72335
  12 42 1.23188
  13 42 0.722969
  14 42 -0.240822
  15 42 -0.202681
  16 42 -0.443442
  17 42 -0.949154
  18 42 -0.0938687
  19 42 -0.430686
  20 42 -0.213545
6400 20 840
  1 42 -0.0728195
  2 42 0.151913
  3 42 0.739904
  4 42 0.0128555
  5 42 1.41326
  6 42 -0.425032
  7 42 -1.35833
  8 42 0.0735908
  9 42 1.10667
  10 42 0.238685
  11 42 -0.514938
  12 42 0.100662
  13 42 0.847772
  14 42 -0.617152
  15 42 0.291581
  16 42 0.763704
  17 42 -0.602181
  18 42 -0.917267
  19 42 -0.07761
  20 42 0.569567
6500 20 840
  1 42 0.569682
  2 42 1.78068
  3 42 1.83329
  4 42 -0.427552
  5 42 -0.683443
  6 42 -0.452916
  7 42 0.636627
  8 42 -0.463933
  9 42 0.0197755
  10 42 1.50032
  11 42 -0.175062
  12 42 0.272803
  13 42 1.505
  14 42 -0.0836287
  15 42 -0.365881
  16 42 -0.590152
  17 42 1.01238
  18 42 0.465158
  19 42 0.245721
  20 42 -1.50493
6600 20 840
  1 42 1.29335
  2 42 0.353307
  3 42 -2.83191
  4 42 0.35812
  5 42 0.50985
  6 42 -0.000456617
  7 42 -0.524008
  8 42 -0.51913
  9 42 -1.83557
  10 42 -0.736519
  11 42 -0.324569
  12 42 -0.130989
  13 42 1.73618
  14 42 0.390747
  15 42 -0.110542
  16 42 0.0277179
  17 42 -0.62728
  18 42 -0.0491608
  19 42 0.563704
  20 42 -0.26032
6700 20 840
  1 42 0.695263
  2 42 1.84786
  3 42 -1.06382
  4 42 0.293428
  5 42 0.706314
  6 42 0.178946
  7 42 -0.62214
  8 42 0.519131
  9 42 0.58143
  10 42 -0.410476
  11 42 -0.110281
  12 42 0.637256
  13 42 0.0911346
  14 42 0.953983
  15 42 -0.688996
  16 42 -0.180993
  17 42 -0.143038
  18 42 0.306437
  19 42 -0.0226668
  20 42 0.716496
6800 20 840
  1 42 -0.308393
  2 42 -0.310406
  3 42 -2.75193
  4 42 0.908462
  5 42 0.776718
  6 42 0.638247
  7 42 1.93348
  8 42 -0.891949
  9 42 2.51379
  10 42 0.00996042
  11 42 -0.590369
  12 42 0.734199
  13 42 -1.12965
  14 42 0.779392
  15 42 0.688747
  16 42 0.402028
  17 42 0.341587
  18 42 1.48499
  19 42 0.555331
  20 42 -0.0885923
6900 20 840
  1 42 0.307833
  2 42 -0.906479
  3 42 2.26725
  4 42 0.929035
  5 42 -0.136096
  6 42 -0.0115443
  7 42 2.2385
  8 42 0.416608
  9 42 0.994523
  10 42 -0.209956
  11 42 0.508827
  12 42 0.441599
  13 42 -0.272662
  14 42 0.434067
  15 42 0.936191
  16 42 -1.13624
  17 42 0.65552
  18 42 0.369832
  19 42 0.935897
  20 42 0.790007
7000 20 840
  1 42 0.357231
  2 42 0.845977
  3 42 3.78648
  4 42 0.268814
  5 42 1.15652
  6 42 -0.254304
  7 42 0.492243
  8 42 0.10756
  9 42 0.909632
  10 42 -0.334082
  11 42 -0.0911469
  12 42 -0.41179
  13 42 -0.909087
  14 42 0.848812
  15 42 0.131603
  16 42 -1.70581
  17 42 0.726546
  18 42 0.238349
  19 42 -1.76387
  20 42 -0.228427
7100 20 840
  1 42 1.01924
  2 42 -1.474
  3 42 0.704193
  4 42 1.00811
  5 42 1.75076
  6 42 -0.00118296
  7 42 1.74247
  8 42 1.50865
  9 42 -0.293359
  10 42 0.872171
  11 42 -1.1256
  12 42 -0.0435469
  13 42 1.64079
  14 42 0.384349
  15 42 -0.089375
  16 42 -0.981008
  17 42 -0.371686
  18 42 -0.139826
  19 42 0.805414
  20 42 0.682612
7200 20 840
  1 42 -0.274455
  2 42 1.49154
  3 42 0.940942
  4 42 1.06583
  5 42 0.0737981
  6 42 -0.857676
  7 42 0.443981
  8 42 -0.0562596
  9 42 1.76378
  10 42 0.743386
  11 42 0.572247
  12 42 -0.373774
  13 42 -0.0427431
  14 42 -0.268129
  15 42 0.613168
  16 42 0.439302
  17 42 -0.589184
  18 42 -1.33975
  19 42 0.548041
  20 42 0.927948
7300 20 840
  1 42 0.0295874
  2 42 1.23714
  3 42 2.17192
  4 42 -0.740183
  5 42 0.534502
  6 42 -0.279631
  7 42 2.20193
  8 42 -0.568783
  9 42 1.17987
  10 42 -0.178575
  11 42 -0.212734
  12 42 -0.771762
  13 42 0.881597
  14 42 0.1061
  15 42 -0.35262
  16 42 0.154202
  17 42 1.0687
  18 42 0.0509259
  19 42 -0.103404
  20 42 0.95376
7400 20 840
  1 42 -0.435302
  2 42 -0.199516
  3 42 -0.636315
  4 42 1.20315
  5 42 -1.26089
  6 42 -0.331849
  7 42 -1.11162
  8 42 -0.623636
  9 42 1.76974
  10 42 0.769345
  11 42 0.327793
  12 42 -1.27966
  13 42 0.0385728
  14 42 0.129332
  15 42 0.654432
  16 42 0.739568
  17 42 0.309088
  18 42 -0.0122984
  19 42 0.653104
  20 42 0.434461
7500 20 840
  1 42 0.478472
  2 42 1.3267
  3 42 -1.17382
  4 42 0.0747412
  5 42 0.0778825
  6 42 0.244662
  7 42 0.593933
  8 42 0.740836
  9 42 -0.0389271
  10 42 0.311961
  11 42 0.764643
  12 42 -0.48421
  13 42 0.452428
  14 42 -0.730054
  15 42 2.13313
  16 42 -1.26635
  17 42 -0.113149
  18 42 -0.211735
  19 42 0.551409
  20 42 0.438332
7600 20 840
  1 42 0.979085
  2 42 0.808487
  3 42 -1.1656
  4 42 0.259046
  5 42 -0.654169
  6 42 0.810829
  7 42 -0.574473
  8 42 0.129093
  9 42 -0.284427
  10 42 -1.01519
  11 42 0.837618
  12 42 1.11944
  13 42 1.02694
  14 42 -0.427809
  15 42 0.817274
  16 42 0.340296
  17 42 0.0359941
  18 42 0.422986
  19 42 -1.81144
  20 42 -0.56799
7700 20 840
  1 42 0.135035
  2 42 2.46733
  3 42 -0.366674
  4 42 -0.229695
  5 42 -1.11527
  6 42 0.142885
  7 42 -0.603943
  8 42 -0.697595
  9 42 -0.532911
  10 42 0.321245
  11 42 -0.549103
  12 42 1.09516
  13 42 -0.205349
  14 42 0.332228
  15 42 1.10665
  16 42 -0.227774
  17 42 0.2192
  18 42 0.213124
  19 42 -1.20881
  20 42 -0.0378544
7800 20 840
  1 42 0.265389
  2 42 -0.0814277
  3 42 0.48985
  4 42 0.290663
  5 42 2.16599
  6 42 -0.044281
  7 42 0.585138
  8 42 -0.432026
  9 42 0.751617
  10 42 -0.802928
  11 42 -0.0246292
  12 42 -0.0485978
  13 42 -1.29639
  14 42 1.1035
  15 42 -0.136464
  16 42 0.75665
  17 42 -0.582643
  18 42 -0.322909
  19 42 -1.13955
  20 42 0.354147
7900 20 840
  1 42 -0.649206
  2 42 0.834257
  3 42 2.37214
  4 42 0.677834
  5 42 -1.5194
  6 42 0.231174
  7 42 1.74069
  8 42 0.0540487
  9 42 -2.03781
  10 42 0.0159402
  11 42 -0.0967325
  12 42 0.380053
  13 42 0.655258
  14 42 0.30722
  15 42 0.565699
  16 42 0.425805
  17 42 0.881168
  18 42 -0.0809381
  19 42 -0.79638
  20 42 -0.183169
8000 20 840
  1 42 0.523003
  2 42 -0.127109
  3 42 1.80155
  4 42 0.88612
  5 42 0.16422
  6 42 0.098494
  7 42 -0.571133
  8 42 0.0879849
  9 42 1.6673
  10 42 0.85838
  11 42 0.263541
  12 42 -0.131064
  13 42 1.20456
  14 42 0.735402
  15 42 1.45934
  16 42 -1.29668
  17 42 -1.28557
  18 42 -0.723207
  19 42 1.6668
  20 42 0.318275
8100 20 840
  1 42 -0.0131154
  2 42 -0.0672793
  3 42 1.04102
  4 42 0.0371297
  5 42 -0.037117
  6 42 -0.71436
  7 42 1.12104
  8 42 0.000244897
  9 42 -1.71499
  10 42 0.816882
  11 42 0.916293
  12 42 0.428426
  13 42 0.720002
  14 42 0.977063
  15 42 0.59521
  16 42 -0.632107
  17 42 -0.114101
  18 42 -0.842031
  19 42 0.109746
  20 42 -0.0393504
8200 20 840
  1 42 2.44613
  2 42 1.49955
  3 42 -1.64691
  4 42 -0.188645
  5 42 1.5242
  6 42 -0.0802919
  7 42 0.670817
  8 42 -0.0343597
  9 42 0.289377
  10 42 0.262689
  11 42 0.362298
  12 42 -0.408652
  13 42 -0.0507994
  14 42 -0.0110899
  15 42 0.396447
  16 42 -0.0524823
  17 42 -0.945386
  18 42 0.786535
  19 42 1.43643
  20 42 0.0576274
8300 20 840
  1 42 0.16046
  2 42 -1.27948
  3 42 -1.00635
  4 42 -0.25215
  5 42 -0.0502671
  6 42 -0.572875
  7 42 -0.0254066
  8 42 -0.912905
  9 42 0.445673
  10 42 0.0530222
  11 42 1.0919
  12 42 0.854613
  13 42 0.194941
  14 42 -0.754487
  15 42 2.48489
  16 42 -0.199385
  17 42 0.188617
  18 42 0.866296
  19 42 1.21294
  20 42 -1.42006
8400 20 840
  1 42 0.968742
  2 42 -0.51643
  3 42 0.071942
  4 42 0.181222
  5 42 0.666931
  6 42 0.14848
  7 42 1.87713
  8 42 -0.14753
  9 42 -0.745652
  10 42 -0.935508
  11 42 0.0507819
  12 42 -0.566596
  13 42 -0.00418862
  14 42 -0.716523
  15 42 0.444771
  16 42 0.184189
  17 42 1.37708
  18 42 0.231074
  19 42 -0.0769434
  20 42 0.791998
8500 20 840
  1 42 1.70367
  2 42 0.429937
  3 42 1.16638
  4 42 0.127211
  5 42 2.42718
  6 42 -0.288838
  7 42 0.259506
  8 42 0.356275
  9 42 1.03984
  10 42 -0.277651
  11 42 1.16617
  12 42 -0.436601
  13 42 0.387233
  14 42 -0.560165
  15 42 -1.18843
  16 42 -1.33017
  17 42 0.659782
  18 42 -0.223538
  19 42 -0.954704
  20 42 -0.428637
8600 20 840
  1 42 0.0944429
  2 42 1.30403
  3 42 0.724388
  4 42 -0.540915
  5 42 -0.257981
  6 42 0.924696
  7 42 0.34458
  8 42 0.819554
  9 42 0.44688
  10 42 0.589048
  11 42 -0.180895
  12 42 -1.06831
  13 42 0.605792
  14 42 -0.0890421
  15 42 0.0830311
  16 42 0.583575
  17 42 -0.317542
  18 42 -0.402791
  19 42 0.484381
  20 42 0.507117
8700 20 840
  1 42 -0.692905
  2 42 -0.0576433
  3 42 0.314203
  4 42 -0.434866
  5 42 -1.1925
  6 42 0.0154921
  7 42 2.2782
  8 42 0.422978
  9 42 1.7937
  10 42 -0.34112
  11 42 0.776533
  12 42 0.432821
  13 42 -0.00658373
  14 42 0.294623
  15 42 0.192722
  16 42 -0.00703444
  17 42 0.233014
  18 42 0.226168
  19 42 1.28775
  20 42 0.50387
8800 20 840
  1 42 -0.776731
  2 42 0.818676
  3 42 1.08087
  4 42 0.117498
  5 42 -0.138087
  6 42 -0.555968
  7 42 0.391007
  8 42 -0.754046
  9 42 3.83729
  10 42 1.00551
  11 42 -0.417624
  12 42 -0.348361
  13 42 0.677072
  14 42 -0.13333
  15 42 0.334925
  16 42 0.273455
  17 42 -0.628124
  18 42 0.304154
  19 42 -0.687023
  20 42 0.00040152
8900 20 840
  1 42 0.0483464
  2 42 -1.04435
  3 42 -0.608977
  4 42 1.07654
  5 42 -1.19694
  6 42 -0.455131
  7 42 -0.641942
  8 42 0.409102
  9 42 -0.387816
  10 42 0.00570832
  11 42 -1.37583
  12 42 0.287645
  13 42 1.24253
  14 42 0.242601
  15 42 1.11205
  16 42 0.249608
  17 42 0.328024
  18 42 0.37303
  19 42 -0.944077
  20 42 -0.208676
9000 20 840
  1 42 -0.455172
  2 42 -0.216612
  3 42 -0.452313
  4 42 0.486376
  5 42 0.61628
  6 42 -0.312018
  7 42 -0.0165909
  8 42 1.41118
  9 42 -0.828906
  10 42 0.521057
  11 42 -1.81771
  12 42 -0.489894
  13 42 0.74172
  14 42 -0.217096
  15 42 -0.325621
  16 42 -0.0273349
  17 42 -0.469916
  18 42 0.0873672
  19 42 -1.5287
  20 42 -0.554204
9100 20 840
  1 42 0.168114
  2 42 0.397914
  3 42 1.0768
  4 42 0.326359
  5 42 -0.0460254
  6 42 -0.862238
  7 42 -1.08567
  8 42 -0.492793
  9 42 -0.162517
  10 42 0.0542112
  11 42 0.657546
  12 42 0.403587
  13 42 1.53795
  14 42 -0.126939
  15 42 1.28026
  16 42 0.84283
  17 42 -0.225163
  18 42 -0.474636
  19 42 -0.455429
  20 42 1.04858
9200 20 840
  1 42 -0.792415
  2 42 0.0713985
  3 42 -1.35578
  4 42 -0.123455
  5 42 1.02104
  6 42 -0.247408
  7 42 0.0589047
  8 42 -0.342511
  9 42 0.489418
  10 42 -0.693092
  11 42 0.226242
  12 42 0.672082
  13 42 0.568216
  14 42 1.00551
  15 42 -0.925455
  16 42 0.918713
  17 42 0.291213
  18 42 0.389558
  19 42 -1.33312
  20 42 -0.220401
9300 20 840
  1 42 0.399806
  2 42 0.134798
  3 42 -0.121671
  4 42 -0.143005
  5 42 0.0823474
  6 42 1.1453
  7 42 0.801261
  8 42 0.0774586
  9 42 -1.42359
  10 42 0.199704
  11 42 -0.0855063
  12 42 0.913605
  13 42 0.594976
  14 42 0.436333
  15 42 -0.103854
  16 42 -0.0165547
  17 42 0.742014
  18 42 0.58761
  19 42 -0.393272
  20 42 -0.0357606
9400 20 840
  1 42 1.18562
  2 42 -0.676402
  3 42 1.23962
  4 42 0.448992
  5 42 0.126457
  6 42 -0.0430942
  7 42 0.532024
  8 42 1.16551
  9 42 1.88719
  10 42 -0.813941
  11 42 2.19283
  12 42 -0.461229
  13 42 -0.116101
  14 42 -0.297931
  15 42 -0.819572
  16 42 -1.00925
  17 42 -0.0219111
  18 42 -0.715862
  19 42 1.09716
  20 42 -0.604292
9500 20 840
  1 42 0.584032
  2 42 0.752357
  3 42 0.637322
  4 42 -1.13871
  5 42 0.262374
  6 42 0.101408
  7 42 0.849424
  8 42 0.906435
  9 42 -0.336529
  10 42 0.364154
  11 42 -0.771189
  12 42 0.428171
  13 42 1.94135
  14 42 0.596818
  15 42 -0.049342
  16 42 -1.094
  17 42 0.319448
  18 42 0.452843
  19 42 0.0337696
  20 42 0.400468
9600 20 840
  1 42 1.77944
  2 42 -0.204008
  3 42 0.692674
  4 42 1.56876
  5 42 -0.0908472
  6 42 -0.59934
  7 42 0.500462
  8 42 -0.857682
  9 42 1.19469
  10 42 0.0786933
  11 42 0.794261
  12 42 1.36146
  13 42 -0.352495
  14 42 0.52576
  15 42 0.787694
  16 42 0.0894383
  17 42 -0.675213
  18 42 0.212194
  19 42 -0.399397
  20 42 0.173523
9700 20 840
  1 42 1.11254
  2 42 0.0425591
  3 42 -0.673014
  4 42 0.456712
  5 42 -1.25416
  6 42 -0.322842
  7 42 -0.236544
  8 42 0.0971262
  9 42 -0.0287258
  10 42 -0.220243
  11 42 0.624065
  12 42 0.33578
  13 42 -0.235841
  14 42 -0.916167
  15 42 0.865373
  16 42 -0.246424
  17 42 -0.0815036
  18 42 0.622206
  19 42 0.830012
  20 42 1.57298
9800 20 840
  1 42 -0.366569
  2 42 -1.24697
  3 42 1.98212
  4 42 0.671999
  5 42 0.0539568
  6 42 -0.00952207
  7 42 0.174825
  8 42 0.0210544
  9 42 1.71944
  10 42 -0.614575
  11 42 -0.889126
  12 42 -0.416095
  13 42 -0.220725
  14 42 0.47965
  15 42 1.66318
  16 42 1.41823
  17 42 0.0480547
  18 42 0.31801
  19 42 -0.354296
  20 42 -0.0140492
9900 20 840
  1 42 -0.873441
  2 42 -0.0513955
  3 42 0.410476
  4 42 0.736868
  5 42 1.2402
  6 42 -0.184359
  7 42 2.16347
  8 42 -0.049565
  9 42 -0.0724172
  10 42 0.487469
  11 42 1.13322
  12 42 0.359241
  13 42 0.219134
  14 42 0.13167
  15 42 1.40243
  16 42 -0.374083
  17 42 0.973499
  18 42 -0.318851
  19 42 -0.769503
  20 42 -0.0350715
10000 20 840
  1 42 0.875423
  2 42 0.0703784
  3 42 0.939321
  4 42 0.110991
  5 42 0.272992
  6 42 0.698424
  7 42 -0.278462
  8 42 0.850639
  9 42 1.19592
  10 42 0.471331
  11 42 -1.36406
  12 42 0.0854216
  13 42 2.27238
  14 42 0.464051
  15 42 -1.51999
  16 42 0.471208
  17 42 -0.319993
  18 42 -0.736854
  19 42 0.798668
  20 42 0.241306
