# Chunk-averaged data for fix bowForces and group all
# Timestep Number-of-chunks Total-count
# Chunk Ncount c_bowComp
0 20 840
  1 42 0.113084
  2 42 0.113084
  3 42 0.113084
  4 42 0.113084
  5 42 0.113084
  6 42 0.113084
  7 42 0.113084
  8 42 0.113084
  9 42 0.113084
  10 42 0.113084
  11 42 0.113084
  12 42 0.113084
  13 42 0.113084
  14 42 0.113084
  15 42 0.113084
  16 42 0.113084
  17 42 0.113084
  18 42 0.113084
  19 42 0.113084
  20 42 0.113084
100 20 840
  1 42 0.976135
  2 42 0.387837
  3 42 1.19512
  4 42 -0.630033
  5 42 -1.36278
  6 42 0.772728
  7 42 -0.349479
  8 42 1.12791
  9 42 1.14857
  10 42 1.00569
  11 42 0.531158
  12 42 -1.03566
  13 42 -1.74753
  14 42 -0.98314
  15 42 0.77428
  16 42 0.793848
  17 42 -1.03904
  18 42 -0.00619669
  19 42 -1.96065
  20 42 1.97652
200 20 840
  1 42 -1.29288
  2 42 -0.998678
  3 42 -0.718233
  4 42 -0.672885
  5 42 -0.521113
  6 42 -0.928117
  7 42 -0.280355
  8 42 1.13982
  9 42 -1.01452
  10 42 -1.39318
  11 42 0.0243971
  12 42 0.763422
  13 42 0.451933
  14 42 0.737655
  15 42 -0.345009
  16 42 0.509113
  17 42 0.18258
  18 42 0.374933
  19 42 -0.290542
  20 42 -1.82889
300 20 840
  1 42 -1.43292
  2 42 -1.66903
  3 42 -0.318881
  4 42 -0.605853
  5 42 1.02138
  6 42 -0.133149
  7 42 -1.28832
  8 42 -1.21335
  9 42 0.833268
  10 42 0.348213
  11 42 1.40881
  12 42 1.45578
  13 42 -0.310398
  14 42 1.51335
  15 42 0.637568
  16 42 -0.0780165
  17 42 -0.169559
  18 42 -1.37419
  19 42 -0.194008
  20 42 0.723099
400 20 840
  1 42 0.00442822
  2 42 -0.179745
  3 42 -3.22301
  4 42 0.986235
  5 42 -3.70219
  6 42 -0.0130477
  7 42 -0.747566
  8 42 0.297489
  9 42 0.161945
  10 42 2.32969
  11 42 0.201195
  12 42 0.893261
  13 42 1.82372
  14 42 0.262236
  15 42 0.177588
  16 42 -0.728021
  17 42 -0.231119
  18 42 -0.245195
  19 42 0.809017
  20 42 -2.87237
500 20 840
  1 42 -0.941324
  2 42 -1.33515
  3 42 -0.181376
  4 42 -1.45719
  5 42 -0.247205
  6 42 -1.77816
  7 42 0.467372
  8 42 0.726783
  9 42 -0.490039
  10 42 1.50995
  11 42 -0.847862
  12 42 0.913606
  13 42 -0.959544
  14 42 -1.01653
  15 42 1.79815
  16 42 0.67863
  17 42 -2.62715
  18 42 -1.48608
  19 42 0.729961
  20 42 0.246094
600 20 840
  1 42 0.311699
  2 42 1.72679
  3 42 -1.64161
  4 42 -0.814358
  5 42 2.30157
  6 42 -1.80953
  7 42 -0.474643
  8 42 -0.980116
  9 42 0.948668
  10 42 2.09649
  11 42 1.28883
  12 42 -0.310842
  13 42 -1.09073
  14 42 -0.556451
  15 42 1.38144
  16 42 0.166182
  17 42 -0.0645398
  18 42 -0.718438
  19 42 2.1785
  20 42 0.237201
700 20 840
  1 42 0.569086
  2 42 -1.00858
  3 42 -1.72751
  4 42 0.533923
  5 42 1.41416
  6 42 0.792918
  7 42 1.35106
  8 42 -0.880669
  9 42 -0.20427
  10 42 -1.70616
  11 42 0.113466
  12 42 -1.95604
  13 42 1.64551
  14 42 0.750609
  15 42 -2.39286
  16 42 -0.209199
  17 42 1.49079
  18 42 -0.296095
  19 42 -0.521602
  20 42 0.829469
800 20 840
  1 42 0.869644
  2 42 0.261792
  3 42 -0.661854
  4 42 0.573259
  5 42 -0.607192
  6 42 0.990275
  7 42 -1.73603
  8 42 0.0382201
  9 42 -0.0871266
  10 42 -0.127886
  11 42 1.91242
  12 42 1.48608
  13 42 -1.83077
  14 42 1.38495
  15 42 -0.290363
  16 42 1.644
  17 42 0.353465
  18 42 1.14652
  19 42 0.756558
  20 42 0.663061
900 20 840
  1 42 0.815419
  2 42 -0.726756
  3 42 2.21604
  4 42 0.503075
  5 42 0.227516
  6 42 -1.08269
  7 42 -0.0691852
  8 42 1.77531
  9 42 -0.0681179
  10 42 -0.508748
  11 42 0.13814
  12 42 -0.192717
  13 42 -0.46325
  14 42 -1.3226
  15 42 -1.5024
  16 42 0.17052
  17 42 0.797612
  18 42 1.58405
  19 42 -0.177553
  20 42 2.05182
1000 20 840
  1 42 1.13796
  2 42 0.134729
  3 42 0.287704
  4 42 0.117935
  5 42 0.518483
  6 42 0.0998741
  7 42 0.0438857
  8 42 0.434594
  9 42 -0.384233
  10 42 -0.480697
  11 42 -0.521041
  12 42 -0.518142
  13 42 0.216105
  14 42 -0.614835
  15 42 -1.46528
  16 42 -1.47368
  17 42 -0.488747
  18 42 2.92647
  19 42 -1.85197
  20 42 1.61247
1100 20 840
  1 42 0.524827
  2 42 1.68887
  3 42 2.53442
  4 42 -0.373511
  5 42 2.29308
  6 42 1.08803
  7 42 1.16917
  8 42 0.639172
  9 42 -0.881013
  10 42 0.39917
  11 42 -0.210002
  12 42 1.14925
  13 42 1.17072
  14 42 -0.0797899
  15 42 0.511636
  16 42 1.89613
  17 42 1.51368
  18 42 0.753093
  19 42 0.123748
  20 42 0.689223
1200 20 840
  1 42 0.410443
  2 42 -1.55773
  3 42 0.138232
  4 42 1.58965
  5 42 0.678474
  6 42 0.772274
  7 42 1.84405
  8 42 -0.0682747
  9 42 1.40672
  10 42 -0.52168
  11 42 0.548833
  12 42 -0.91376
  13 42 1.75838
  14 42 0.63747
  15 42 -0.202446
  16 42 -1.94428
  17 42 -0.334442
  18 42 0.519932
  19 42 3.31321
  20 42 -0.141751
1300 20 840
  1 42 -0.672292
  2 42 1.58238
  3 42 3.28193
  4 42 -1.81564
  5 42 -1.57946
  6 42 -0.244408
  7 42 1.72399
  8 42 0.617888
  9 42 0.792015
  10 42 -0.0701095
  11 42 -0.757176
  12 42 -0.346327
  13 42 0.0579736
  14 42 0.3032
  15 42 -0.243182
  16 42 0.764893
  17 42 1.57643
  18 42 -1.45824
  19 42 -0.257976
  20 42 -0.363636
1400 20 840
  1 42 -0.190608
  2 42 -0.83486
  3 42 -1.02386
  4 42 -0.142177
  5 42 -0.835741
  6 42 0.860891
  7 42 0.263713
  8 42 0.432277
  9 42 1.09557
  10 42 -2.44688
  11 42 1.52946
  12 42 2.26417
  13 42 -0.372518
  14 42 0.258496
  15 42 0.754747
  16 42 -0.634316
  17 42 -0.963215
  18 42 -2.42208
  19 42 1.90093
  20 42 -0.554221
1500 20 840
  1 42 -1.23785
  2 42 0.00800474
  3 42 -0.498286
  4 42 0.249854
  5 42 -0.148883
  6 42 0.153277
  7 42 1.30443
  8 42 0.525034
  9 42 -0.80241
  10 42 1.55389
  11 42 -1.37246
  12 42 0.766013
  13 42 1.55382
  14 42 0.161857
  15 42 -0.158123
  16 42 1.56819
  17 42 -0.665983
  18 42 -1.13571
  19 42 -2.24463
  20 42 0.0790048
1600 20 840
  1 42 0.328552
  2 42 0.489048
  3 42 -1.09249
  4 42 0.986379
  5 42 1.3163
  6 42 -0.591155
  7 42 0.0614201
  8 42 0.312904
  9 42 0.994254
  10 42 -0.701589
  11 42 -2.22754
  12 42 -0.986322
  13 42 0.765923
  14 42 -0.146957
  15 42 2.04096
  16 42 -0.441485
  17 42 -2.07343
  18 42 -1.43581
  19 42 -4.26112
  20 42 0.452284
1700 20 840
  1 42 0.367738
  2 42 -0.228451
  3 42 1.17791
  4 42 1.44526
  5 42 -0.587428
  6 42 -1.09485
  7 42 -0.961884
  8 42 1.16036
  9 42 -1.54167
  10 42 -0.431378
  11 42 0.748879
  12 42 1.89497
  13 42 0.83611
  14 42 0.474871
  15 42 0.674043
  16 42 -1.34078
  17 42 -0.724952
  18 42 0.32563
  19 42 0.18261
  20 42 -2.75218
1800 20 840
  1 42 -1.21528
  2 42 -0.386413
  3 42 -0.71168
  4 42 1.05273
  5 42 -0.89605
  6 42 0.462217
  7 42 0.191723
  8 42 -0.231931
  9 42 -0.277424
  10 42 1.05389
  11 42 -1.33601
  12 42 1.92289
  13 42 -0.243643
  14 42 0.818677
  15 42 -0.586033
  16 42 1.14132
  17 42 1.04615
  18 42 -0.00622618
  19 42 -0.578709
  20 42 0.259037
1900 20 840
  1 42 0.527388
  2 42 -0.921132
  3 42 1.50166
  4 42 2.10885
  5 42 -0.618464
  6 42 0.756353
  7 42 -0.271354
  8 42 -0.875024
  9 42 1.47494
  10 42 0.0878526
  11 42 -0.949264
  12 42 -1.59199
  13 42 1.04818
  14 42 2.35122
  15 42 -0.270422
  16 42 0.807758
  17 42 2.49726
  18 42 0.0497432
  19 42 -0.220749
  20 42 0.45453
2000 20 840
  1 42 -0.251295
  2 42 0.515077
  3 42 -3.34572
  4 42 -0.84977
  5 42 1.78785
  6 42 -0.600909
  7 42 -0.119945
  8 42 -0.9353
  9 42 0.777328
  10 42 1.33711
  11 42 0.531201
  12 42 -0.911497
  13 42 1.21542
  14 42 0.348173
  15 42 -1.00479
  16 42 -1.5368
  17 42 3.05957
  18 42 1.52252
  19 42 3.0936
  20 42 0.698757
2100 20 840
  1 42 -0.429351
  2 42 0.962193
  3 42 0.912226
  4 42 0.0886126
  5 42 0.875488
  6 42 0.213788
  7 42 0.301684
  8 42 -0.0444712
  9 42 -1.19202
  10 42 -0.442945
  11 42 -0.0795299
  12 42 -0.719311
  13 42 -0.832781
  14 42 -0.578861
  15 42 1.90706
  16 42 0.0668038
  17 42 0.6205
  18 42 -0.119096
  19 42 -1.63579
  20 42 -0.975212
2200 20 840
  1 42 0.740797
  2 42 -0.749001
  3 42 -1.8358
  4 42 0.645403
  5 42 -1.48827
  6 42 0.761607
  7 42 -1.19941
  8 42 1.11588
  9 42 0.567658
  10 42 0.323071
  11 42 1.5898
  12 42 -0.90669
  13 42 0.67119
  14 42 -1.24871
  15 42 -1.53721
  16 42 -1.39777
  17 42 1.21468
  18 42 -0.214834
  19 42 -0.371558
  20 42 -0.631118
2300 20 840
  1 42 -0.340459
  2 42 -0.875357
  3 42 1.354
  4 42 -0.669327
  5 42 0.271488
  6 42 -1.82939
  7 42 0.592137
  8 42 -0.477021
  9 42 1.69252
  10 42 0.389609
  11 42 1.06358
  12 42 -0.477078
  13 42 -0.481893
  14 42 -1.40819
  15 42 0.487299
  16 42 0.725467
  17 42 -0.582989
  18 42 1.48469
  19 42 -1.22398
  20 42 3.32174
2400 20 840
  1 42 1.09068
  2 42 -0.153843
  3 42 -0.94056
  4 42 1.4976
  5 42 -1.35267
  6 42 0.061493
  7 42 -0.554639
  8 42 -0.443868
  9 42 -0.218087
  10 42 -0.283801
  11 42 2.13502
  12 42 -0.799564
  13 42 -0.0332404
  14 42 -1.06124
  15 42 0.790129
  16 42 -1.12645
  17 42 0.958959
  18 42 0.413107
  19 42 -2.33769
  20 42 0.0242449
2500 20 840
  1 42 0.373593
  2 42 -1.25226
  3 42 1.04058
  4 42 -0.413461
  5 42 0.0644533
  6 42 0.994239
  7 42 0.451842
  8 42 2.51978
  9 42 0.923873
  10 42 -0.711434
  11 42 -0.174784
  12 42 -2.06042
  13 42 1.13551
  14 42 -0.822149
  15 42 0.188339
  16 42 -1.42054
  17 42 0.596653
  18 42 -0.582343
  19 42 -0.202397
  20 42 2.50155
2600 20 840
  1 42 1.51662
  2 42 0.557968
  3 42 1.73438
  4 42 -0.896594
  5 42 0.403604
  6 42 0.67394
  7 42 1.22443
  8 42 -0.598215
  9 42 1.78539
  10 42 -0.755655
  11 42 3.71421
  12 42 0.261877
  13 42 -1.50082
  14 42 -0.917076
  15 42 0.363474
  16 42 0.726406
  17 42 0.985665
  18 42 -1.22632
  19 42 0.65091
  20 42 -1.27768
2700 20 840
  1 42 -0.452372
  2 42 -0.271435
  3 42 0.718532
  4 42 0.948108
  5 42 0.178439
  6 42 0.539689
  7 42 0.334515
  8 42 -0.341763
  9 42 0.706822
  10 42 0.461631
  11 42 -1.43036
  12 42 0.933226
  13 42 1.88709
  14 42 1.4078
  15 42 -0.183427
  16 42 -0.543566
  17 42 1.75656
  18 42 0.991743
  19 42 -0.53535
  20 42 -3.4036
2800 20 840
  1 42 1.75944
  2 42 -0.289375
  3 42 0.461466
  4 42 2.51659
  5 42 0.566671
  6 42 2.54023
  7 42 0.370827
  8 42 -0.285166
  9 42 0.241207
  10 42 1.51591
  11 42 -0.701106
  12 42 -0.186361
  13 42 -0.368528
  14 42 1.25559
  15 42 -1.41522
  16 42 -1.30283
  17 42 -0.630192
  18 42 -0.429565
  19 42 0.876616
  20 42 -2.07521
2900 20 840
  1 42 0.17866
  2 42 0.98211
  3 42 1.88226
  4 42 -1.07144
  5 42 -0.214392
  6 42 1.07682
  7 42 0.608895
  8 42 0.555719
  9 42 -0.159619
  10 42 -0.59522
  11 42 -2.98155
  12 42 2.53984
  13 42 0.787894
  14 42 -0.353326
  15 42 1.18725
  16 42 0.997684
  17 42 -0.361027
  18 42 0.417329
  19 42 0.359232
  20 42 -1.73932
3000 20 840
  1 42 0.115244
  2 42 0.77907
  3 42 -0.184839
  4 42 1.70812
  5 42 1.48821
  6 42 -1.00336
  7 42 -1.18225
  8 42 -0.562393
  9 42 0.200234
  10 42 -1.35478
  11 42 0.849088
  12 42 0.751983
  13 42 -1.51131
  14 42 -0.269863
  15 42 1.33392
  16 42 0.491741
  17 42 -2.87549
  18 42 -1.90208
  19 42 -1.02822
  20 42 3.51157
3100 20 840
  1 42 0.332223
  2 42 2.04015
  3 42 1.30368
  4 42 0.613273
  5 42 1.51917
  6 42 -0.385879
  7 42 -1.13674
  8 42 0.464281
  9 42 -1.21755
  10 42 -0.449436
  11 42 0.231712
  12 42 0.549797
  13 42 0.967267
  14 42 0.245679
  15 42 2.28028
  16 42 -0.30175
  17 42 -0.879326
  18 42 0.290291
  19 42 0.874563
  20 42 2.24319
3200 20 840
  1 42 -0.559698
  2 42 -0.284802
  3 42 -0.603699
  4 42 1.18392
  5 42 -1.75738
  6 42 0.606059
  7 42 -0.111655
  8 42 -0.591083
  9 42 1.6143
  10 42 -0.217336
  11 42 -0.426109
  12 42 2.29051
  13 42 1.39286
  14 42 1.57259
  15 42 -0.585255
  16 42 -0.227382
  17 42 1.41462
  18 42 -2.21135
  19 42 -0.544352
  20 42 -0.0989946
3300 20 840
  1 42 -0.970118
  2 42 0.721547
  3 42 0.70204
  4 42 -2.45072
  5 42 -1.25085
  6 42 -0.880326
  7 42 1.92062
  8 42 0.649983
  9 42 0.10077
  10 42 1.118
  11 42 0.33444
  12 42 1.87622
  13 42 -1.00981
  14 42 -0.289642
  15 42 0.216415
  16 42 -0.659685
  17 42 0.404971
  18 42 1.16024
  19 42 2.72888
  20 42 -0.632062
3400 20 840
  1 42 -0.0358291
  2 42 0.264792
  3 42 0.39034
  4 42 0.35391
  5 42 0.258032
  6 42 -2.03458
  7 42 1.17392
  8 42 0.31885
  9 42 0.544697
  10 42 0.817758
  11 42 -1.07779
  12 42 -0.508066
  13 42 0.381383
  14 42 -0.861846
  15 42 -0.802906
  16 42 1.23644
  17 42 0.548213
  18 42 -0.965164
  19 42 -0.751571
  20 42 1.31493
3500 20 840
  1 42 0.0766978
  2 42 1.36202
  3 42 0.965895
  4 42 0.152738
  5 42 -0.845513
  6 42 -1.09767
  7 42 1.99971
  8 42 0.0845522
  9 42 -0.745024
  10 42 0.806306
  11 42 0.358282
  12 42 0.40495
  13 42 0.47754
  14 42 0.33295
  15 42 1.2207
  16 42 -0.446723
  17 42 -1.04905
  18 42 0.177849
  19 42 -0.0863962
  20 42 1.2542
3600 20 840
  1 42 0.299575
  2 42 -0.692594
  3 42 1.38627
  4 42 -0.705488
  5 42 1.73055
  6 42 1.56793
  7 42 0.799128
  8 42 1.4119
  9 42 1.24829
  10 42 -2.05274
  11 42 -1.34028
  12 42 -0.056076
  13 42 0.837457
  14 42 0.259362
  15 42 -0.967791
  16 42 0.49175
  17 42 1.50943
  18 42 -1.30162
  19 42 0.120587
  20 42 0.482505
3700 20 840
  1 42 0.444292
  2 42 -0.831731
  3 42 -0.0168859
  4 42 0.552025
  5 42 -2.07546
  6 42 0.713273
  7 42 -0.893146
  8 42 1.03364
  9 42 2.12164
  10 42 -1.4008
  11 42 1.60652
  12 42 -0.434533
  13 42 0.107919
  14 42 0.0913959
  15 42 0.117064
  16 42 -2.09904
  17 42 0.409233
  18 42 2.4427
  19 42 -1.25006
  20 42 -1.19013
3800 20 840
  1 42 0.268247
  2 42 0.2747
  3 42 -0.745419
  4 42 -1.19748
  5 42 -0.392953
  6 42 -1.28502
  7 42 -0.835936
  8 42 1.04193
  9 42 1.52602
  10 42 0.465612
  11 42 0.664962
  12 42 -1.28537
  13 42 -1.48723
  14 42 -2.65249
  15 42 -2.65078
  16 42 2.23632
  17 42 -0.373202
  18 42 -0.282425
  19 42 -2.7693
  20 42 1.56969
3900 20 840
  1 42 0.767712
  2 42 -0.621329
  3 42 -0.777991
  4 42 1.13274
  5 42 1.45266
  6 42 1.7202
  7 42 -1.35008
  8 42 1.13301
  9 42 -0.49607
  10 42 -1.12437
  11 42 0.148336
  12 42 -0.961666
  13 42 1.55071
  14 42 0.0562919
  15 42 0.254139
  16 42 0.687436
  17 42 -1.57107
  18 42 0.322997
  19 42 0.81889
  20 42 -0.594423
4000 20 840
  1 42 1.28293
  2 42 0.441489
  3 42 -0.709465
  4 42 -0.475023
  5 42 1.7934
  6 42 0.979489
  7 42 -0.361987
  8 42 -0.704404
  9 42 0.402304
  10 42 -0.542734
  11 42 -1.29339
  12 42 -2.18893
  13 42 1.69102
  14 42 -1.45306
  15 42 -1.59326
  16 42 -2.49
  17 42 0.66822
  18 42 -1.15473
  19 42 -0.925259
  20 42 -1.39182
4100 20 840
  1 42 0.272804
  2 42 0.263431
  3 42 1.00461
  4 42 -0.0694276
  5 42 0.933918
  6 42 -1.56867
  7 42 0.497997
  8 42 -0.039244
  9 42 1.42367
  10 42 -0.354699
  11 42 -1.41657
  12 42 -0.954181
  13 42 0.356429
  14 42 -1.36423
  15 42 1.41393
  16 42 -2.33829
  17 42 0.533306
  18 42 -0.244425
  19 42 1.36019
  20 42 -1.44068
4200 20 840
  1 42 1.35052
  2 42 -0.97078
  3 42 1.60803
  4 42 1.24436
  5 42 -0.984123
  6 42 -1.05963
  7 42 -1.12763
  8 42 0.361881
  9 42 0.86289
  10 42 1.42547
  11 42 1.39787
  12 42 -0.0404789
  13 42 -0.0291589
  14 42 0.260472
  15 42 -0.52172
  16 42 0.026588
  17 42 1.14145
  18 42 -1.77725
  19 42 1.14903
  20 42 1.62483
4300 20 840
  1 42 -0.223853
  2 42 0.478806
  3 42 0.198652
  4 42 0.136676
  5 42 -2.47168
  6 42 -0.0773996
  7 42 0.198184
  8 42 -0.0467128
  9 42 -0.316348
  10 42 -0.100504
  11 42 -2.73711
  12 42 -0.00107887
  13 42 1.33812
  14 42 0.866872
  15 42 -0.867501
  16 42 0.938649
  17 42 0.192956
  18 42 -1.43426
  19 42 -1.54793
  20 42 2.79491
4400 20 840
  1 42 0.718164
  2 42 0.256081
  3 42 1.1091
  4 42 -1.37244
  5 42 0.95053
  6 42 0.90567
  7 42 0.685863
  8 42 -1.34002
  9 42 -0.984975
  10 42 -1.19954
  11 42 2.10064
  12 42 0.294601
  13 42 1.3298
  14 42 0.353715
  15 42 -0.250243
  16 42 -0.311952
  17 42 0.229491
  18 42 -0.97821
  19 42 1.54186e-05
  20 42 0.612272
4500 20 840
  1 42 -0.806827
  2 42 0.179801
  3 42 -0.0476131
  4 42 0.858691
  5 42 -1.09261
  6 42 -2.13541
  7 42 -1.28582
  8 42 0.946849
  9 42 -0.450707
  10 42 0.628727
  11 42 1.72679
  12 42 0.449238
  13 42 1.86509
  14 42 0.270805
  15 42 2.70791
  16 42 -2.81249
  17 42 0.356876
  18 42 -1.29642
  19 42 0.264614
  20 42 1.08216
4600 20 840
  1 42 0.350828
  2 42 -0.49202
  3 42 0.833925
  4 42 1.97443
  5 42 -0.824227
  6 42 0.104945
  7 42 1.11644
  8 42 -0.320945
  9 42 0.94216
  10 42 0.888723
  11 42 -1.1169
  12 42 0.655344
  13 42 0.0589431
  14 42 -1.00997
  15 42 0.321195
  16 42 2.12712
  17 42 -1.28445
  18 42 -0.40452
  19 42 -0.772574
  20 42 0.564508
4700 20 840
  1 42 -0.43192
  2 42 0.0655513
  3 42 0.797314
  4 42 -2.21153
  5 42 -1.02557
  6 42 -0.537087
  7 42 0.527092
  8 42 0.52434
  9 42 2.06237
  10 42 -0.488478
  11 42 0.458212
  12 42 2.63347
  13 42 0.638153
  14 42 -0.0367946
  15 42 0.474208
  16 42 -0.950931
  17 42 1.90534
  18 42 -0.682121
  19 42 0.377583
  20 42 0.731866
4800 20 840
  1 42 -0.852709
  2 42 0.383064
  3 42 0.256479
  4 42 0.920798
  5 42 -0.204876
  6 42 -0.148178
  7 42 2.39701
  8 42 -0.100885
  9 42 1.83689
  10 42 0.0254794
  11 42 -1.3018
  12 42 -0.179366
  13 42 0.733921
  14 42 0.249833
  15 42 1.50424
  16 42 0.424283
  17 42 -0.146518
  18 42 -0.0763723
  19 42 -0.285153
  20 42 0.887123
4900 20 840
  1 42 -1.82537
  2 42 0.427488
  3 42 -0.0135095
  4 42 0.691026
  5 42 0.45287
  6 42 0.0406123
  7 42 1.24321
  8 42 0.809006
  9 42 -0.09664
  10 42 1.27109
  11 42 -0.937225
  12 42 -0.364461
  13 42 1.11683
  14 42 0.201869
  15 42 2.08771
  16 42 -0.383141
  17 42 1.20488
  18 42 -0.178469
  19 42 -0.173177
  20 42 -0.371
5000 20 840
  1 42 0.03266
  2 42 0.958262
  3 42 0.438322
  4 42 0.423209
  5 42 -0.220373
  6 42 -0.47049
  7 42 0.290601
  8 42 0.959476
  9 42 1.06973
  10 42 -0.39872
  11 42 2.30845
  12 42 -0.0692375
  13 42 1.81972
  14 42 -0.253627
  15 42 -0.785073
  16 42 0.577816
  17 42 0.69203
  18 42 0.661593
  19 42 -0.759924
  20 42 -0.397691
5100 20 840
  1 42 0.134774
  2 42 -0.0736112
  3 42 1.26086
  4 42 0.340929
  5 42 0.369128
  6 42 0.380497
  7 42 0.306769
  8 42 0.0924958
  9 42 -0.559269
  10 42 -0.420292
  11 42 1.23645
  12 42 0.712233
  13 42 -0.447466
  14 42 0.873947
  15 42 -1.43421
  16 42 0.576276
  17 42 1.31114
  18 42 2.30053
  19 42 -0.558187
  20 42 -1.16503
5200 20 840
  1 42 0.76294
  2 42 -0.799653
  3 42 1.15519
  4 42 3.38459
  5 42 0.0844301
  6 42 2.16169
  7 42 -0.326624
  8 42 0.673086
  9 42 0.510401
  10 42 0.846189
  11 42 -0.722551
  12 42 -1.70228
  13 42 -1.70542
  14 42 0.522286
  15 42 -2.13235
  16 42 0.458172
  17 42 0.906799
  18 42 2.94148
  19 42 -2.72214
  20 42 0.234348
5300 20 840
  1 42 1.70613
  2 42 -0.0305852
  3 42 0.903879
  4 42 -0.734056
  5 42 0.62188
  6 42 0.61594
  7 42 -0.00985806
  8 42 0.453769
  9 42 0.433178
  10 42 -1.12908
  11 42 2.82404
  12 42 0.433255
  13 42 0.343232
  14 42 -1.1416
  15 42 1.83199
  16 42 1.70831
  17 42 0.120851
  18 42 0.773995
  19 42 -0.206926
  20 42 0.407418
5400 20 840
  1 42 0.538678
  2 42 0.62833
  3 42 2.31934
  4 42 -0.886536
  5 42 0.974495
  6 42 -0.525758
  7 42 -0.409289
  8 42 -0.547026
  9 42 0.185208
  10 42 -2.60281
  11 42 -0.639877
  12 42 0.56775
  13 42 0.50653
  14 42 -0.197048
  15 42 0.739584
  16 42 1.1018
  17 42 0.532771
  18 42 -0.0657485
  19 42 0.322246
  20 42 0.230225
5500 20 840
  1 42 0.324831
  2 42 1.20329
  3 42 1.33004
  4 42 2.3681
  5 42 -0.144113
  6 42 -0.564817
  7 42 0.603142
  8 42 -0.951871
  9 42 0.0158406
  10 42 0.00801499
  11 42 1.88954
  12 42 -1.92574
  13 42 0.4367
  14 42 -0.970423
  15 42 0.584612
  16 42 -1.03024
  17 42 0.599168
  18 42 -2.61196
  19 42 1.45785
  20 42 1.25783
5600 20 840
  1 42 0.759925
  2 42 0.319933
  3 42 0.571858
  4 42 -1.07987
  5 42 0.204542
  6 42 1.13607
  7 42 -1.12925
  8 42 0.0603312
  9 42 0.811507
  10 42 0.404321
  11 42 -0.106333
  12 42 -0.0267142
  13 42 1.17089
  14 42 0.955061
  15 42 0.743355
  16 42 -1.53133
  17 42 -1.30923
  18 42 -0.285481
  19 42 0.104922
  20 42 -3.50843
5700 20 840
  1 42 -1.39845
  2 42 -0.463096
  3 42 -0.399891
  4 42 -1.35012
  5 42 -2.652
  6 42 0.419277
  7 42 1.27442
  8 42 0.478405
  9 42 0.665657
  10 42 0.446299
  11 42 -1.77366
  12 42 0.773703
  13 42 0.663724
  14 42 -0.220975
  15 42 0.120967
  16 42 1.32164
  17 42 0.633782
  18 42 -0.338987
  19 42 -0.389767
  20 42 -1.41323
5800 20 840
  1 42 1.00204
  2 42 -0.865823
  3 42 -0.8593
  4 42 -1.16929
  5 42 -1.09146
  6 42 -0.235537
  7 42 -0.115851
  8 42 1.42743
  9 42 0.57723
  10 42 0.191442
  11 42 -0.710275
  12 42 1.29654
  13 42 -1.33463
  14 42 -0.80488
  15 42 0.113931
  16 42 -1.13365
  17 42 -1.46379
  18 42 -0.991036
  19 42 0.226002
  20 42 1.29678
5900 20 840
  1 42 -0.0614221
  2 42 -0.179698
  3 42 1.25691
  4 42 0.443031
  5 42 -0.232598
  6 42 0.228499
  7 42 -0.804178
  8 42 1.47966
  9 42 -1.13947
  10 42 -0.113374
  11 42 -2.86322
  12 42 1.68208
  13 42 0.459264
  14 42 -0.307899
  15 42 0.470171
  16 42 -0.0621644
  17 42 -0.0916393
  18 42 -2.17521
  19 42 -0.0801888
  20 42 1.04047
6000 20 840
  1 42 0.140908
  2 42 -0.13003
  3 42 0.800214
  4 42 0.286149
  5 42 -0.270182
  6 42 0.4755
  7 42 -1.34001
  8 42 0.661047
  9 42 0.906057
  10 42 -0.57793
  11 42 -0.858195
  12 42 0.423436
  13 42 -0.456528
  14 42 -0.014372
  15 42 1.02573
  16 42 -3.13617
  17 42 -1.04663
  18 42 -1.09103
  19 42 0.344003
  20 42 2.28205
6100 20 840
  1 42 -0.749405
  2 42 -1.25356
  3 42 -0.919414
  4 42 0.923913
  5 42 0.177972
  6 42 1.19374
  7 42 0.75583
  8 42 -0.508826
  9 42 1.89472
  10 42 0.66347
  11 42 -3.41813
  12 42 0.68462
  13 42 0.468234
  14 42 0.012991
  15 42 -1.07433
  16 42 -1.79544
  17 42 2.37318
  18 42 -0.270488
  19 42 0.389225
  20 42 -0.0578348
6200 20 840
  1 42 -0.633295
  2 42 -0.505379
  3 42 0.207788
  4 42 -1.69938
  5 42 0.97469
  6 42 -1.0862
  7 42 1.38097
  8 42 -0.37659
  9 42 1.04484
  10 42 -0.38931
  11 42 -2.06535
  12 42 0.871443
  13 42 -0.730618
  14 42 -0.125666
  15 42 -1.44216
  16 42 0.274488
  17 42 0.906826
  18 42 0.52047
  19 42 1.48234
  20 42 -0.447627
6300 20 840
  1 42 -0.54015
  2 42 1.27655
  3 42 -0.374791
  4 42 1.40903
  5 42 0.844878
  6 42 0.838002
  7 42 -0.901388
  8 42 -0.884289
  9 42 1.42812
  10 42 1.88359
  11 42 -0.184905
  12 42 -0.150635
  13 42 0.640156
  14 42 -0.0661775
  15 42 -1.76743
  16 42 -1.0043
  17 42 1.39414
  18 42 -2.58218
  19 42 -0.656006
  20 42 0.255861
6400 20 840
  1 42 0.301287
  2 42 1.05972
  3 42 0.43544
  4 42 1.7028
  5 42 2.57744
  6 42 0.483992
  7 42 0.874597
  8 42 0.175663
  9 42 0.419422
  10 42 -0.828427
  11 42 0.908904
  12 42 -0.456969
  13 42 1.38466
  14 42 1.49621
  15 42 0.256957
  16 42 -1.06979
  17 42 1.05733
  18 42 1.02479
  19 42 1.06125
  20 42 1.53935
6500 20 840
  1 42 0.231365
  2 42 -0.640588
  3 42 1.46933
  4 42 -0.50318
  5 42 0.491517
  6 42 -2.48242
  7 42 0.566934
  8 42 0.79292
  9 42 0.563221
  10 42 -2.20645
  11 42 3.25113
  12 42 -0.0102805
  13 42 0.197038
  14 42 -0.524584
  15 42 -2.26868
  16 42 -0.945253
  17 42 2.14557
  18 42 -0.30189
  19 42 -1.4797
  20 42 1.52477
6600 20 840
  1 42 0.949648
  2 42 0.77436
  3 42 0.326317
  4 42 0.939471
  5 42 -0.670092
  6 42 0.581549
  7 42 -1.15098
  8 42 1.3793
  9 42 1.90584
  10 42 -0.238012
  11 42 1.54617
  12 42 1.49579
  13 42 0.183516
  14 42 -0.837888
  15 42 -0.457218
  16 42 1.54329
  17 42 -0.143292
  18 42 2.24575
  19 42 -1.28957
  20 42 0.252464
6700 20 840
  1 42 -0.154127
  2 42 -0.432788
  3 42 1.32391
  4 42 0.58913
  5 42 -1.39463
  6 42 -0.496408
  7 42 -0.977117
  8 42 1.62703
  9 42 0.511306
  10 42 0.0267665
  11 42 3.50727
  12 42 -1.08044
  13 42 -0.211102
  14 42 -0.0769518
  15 42 -0.897559
  16 42 3.01803
  17 42 -0.756319
  18 42 0.779059
  19 42 -1.40786
  20 42 3.42213
6800 20 840
  1 42 0.602136
  2 42 -0.114896
  3 42 -0.323465
  4 42 -0.727151
  5 42 0.409108
  6 42 -0.73669
  7 42 1.49604
  8 42 0.729964
  9 42 1.52608
  10 42 0.523208
  11 42 2.46718
  12 42 -0.729987
  13 42 2.8459
  14 42 0.26926
  15 42 -0.60855
  16 42 -1.91469
  17 42 -1.27254
  18 42 0.963274
  19 42 0.319547
  20 42 -0.911046
6900 20 840
  1 42 -0.558675
  2 42 -0.377695
  3 42 1.2694
  4 42 0.30603
  5 42 0.844977
  6 42 -0.231968
  7 42 0.35748
  8 42 -0.0855595
  9 42 0.0896262
  10 42 0.73087
  11 42 2.06457
  12 42 -0.193333
  13 42 2.24924
  14 42 0.275805
  15 42 1.61071
  16 42 -0.789407
  17 42 3.03519
  18 42 -1.02229
  19 42 1.6554
  20 42 -0.171471
7000 20 840
  1 42 1.38616
  2 42 0.11473
  3 42 -0.0996371
  4 42 0.493182
  5 42 -0.666744
  6 42 0.294151
  7 42 0.779839
  8 42 1.73923
  9 42 -0.790356
  10 42 0.99204
  11 42 -0.544439
  12 42 0.0176478
  13 42 0.565108
  14 42 0.0895453
  15 42 0.593821
  16 42 -0.482934
  17 42 -0.737731
  18 42 0.0650818
  19 42 0.108442
  20 42 -1.50334
7100 20 840
  1 42 0.811488
  2 42 0.464054
  3 42 1.07515
  4 42 -0.546131
  5 42 -0.0249083
  6 42 0.460713
  7 42 -0.864306
  8 42 0.756727
  9 42 1.77535
  10 42 0.30869
  11 42 -0.201395
  12 42 0.812377
  13 42 -0.333065
  14 42 0.240819
  15 42 -0.352108
  16 42 3.10458
  17 42 -0.45065
  18 42 -1.80421
  19 42 -1.06949
  20 42 0.171857
7200 20 840
  1 42 1.18838
  2 42 0.134653
  3 42 0.623387
  4 42 -0.413385
  5 42 0.702799
  6 42 -0.42937
  7 42 1.07261
  8 42 0.335368
  9 42 0.43487
  10 42 -0.502782
  11 42 -0.698773
  12 42 0.41101
  13 42 -0.805085
  14 42 0.396466
  15 42 -0.0532283
  16 42 -1.44284
  17 42 -1.65695
  18 42 -0.0369162
  19 42 0.528106
  20 42 1.48689
7300 20 840
  1 42 -0.609384
  2 42 0.604504
  3 42 -0.427067
  4 42 1.18326
  5 42 0.498579
  6 42 -0.227017
  7 42 -2.25409
  8 42 0.13165
  9 42 -1.63177
  10 42 0.260001
  11 42 -1.8865
  12 42 -0.0801856
  13 42 2.24337
  14 42 0.116385
  15 42 -0.478332
  16 42 2.11765
  17 42 0.47737
  18 42 -0.559256
  19 42 -1.66951
  20 42 -0.897981
7400 20 840
  1 42 0.132358
  2 42 0.360061
  3 42 0.115826
  4 42 0.546787
  5 42 -0.059945
  6 42 -2.62343
  7 42 -1.21208
  8 42 -0.228345
  9 42 -0.145407
  10 42 -0.533488
  11 42 -0.0491466
  12 42 0.811651
  13 42 -0.797403
  14 42 -0.216018
  15 42 1.55886
  16 42 -0.190927
  17 42 -0.796668
  18 42 -1.36489
  19 42 -0.826628
  20 42 -1.99071
7500 20 840
  1 42 -0.914415
  2 42 -0.364637
  3 42 1.12828
  4 42 -0.454543
  5 42 -1.09925
  6 42 -2.15904
  7 42 0.841358
  8 42 -0.257435
  9 42 1.82546
  10 42 0.870789
  11 42 -0.928776
  12 42 -1.46661
  13 42 0.423012
  14 42 -0.984279
  15 42 -0.410249
  16 42 0.854829
  17 42 1.51913
  18 42 1.65146
  19 42 -0.32223
  20 42 2.32969
7600 20 840
  1 42 -0.398541
  2 42 0.218226
  3 42 -0.544381
  4 42 0.859686
  5 42 0.0454256
  6 42 0.0929248
  7 42 0.325311
  8 42 -1.25323
  9 42 0.504265
  10 42 -0.772047
  11 42 -2.68483
  12 42 -0.225136
  13 42 -0.258496
  14 42 1.44182
  15 42 0.102948
  16 42 -1.02875
  17 42 1.21114
  18 42 -0.296047
  19 42 -0.892778
  20 42 0.607543
7700 20 840
  1 42 -0.814342
  2 42 0.736025
  3 42 0.947127
  4 42 -0.794135
  5 42 0.466427
  6 42 -0.374837
  7 42 2.33107
  8 42 -1.35565
  9 42 0.588481
  10 42 -0.963346
  11 42 -1.87104
  12 42 0.999968
  13 42 0.255929
  14 42 -0.547415
  15 42 -0.225334
  16 42 -0.185891
  17 42 2.80001
  18 42 -0.591861
  19 42 0.884012
  20 42 -1.49651
7800 20 840
  1 42 0.389796
  2 42 0.572647
  3 42 0.759121
  4 42 -1.14872
  5 42 -0.315274
  6 42 -1.74378
  7 42 1.14381
  8 42 -0.575766
  9 42 1.36276
  10 42 -1.86792
  11 42 0.96841
  12 42 -0.340176
  13 42 1.70337
  14 42 -0.652792
  15 42 0.86777
  16 42 -0.974335
  17 42 0.501917
  18 42 -2.13087
  19 42 0.909436
  20 42 1.51035
7900 20 840
  1 42 0.626588
  2 42 1.11817
  3 42 2.21909
  4 42 1.76213
  5 42 -1.17137
  6 42 0.324422
  7 42 0.0217728
  8 42 -1.41105
  9 42 0.161544
  10 42 -0.946144
  11 42 -0.0381748
  12 42 -0.51581
  13 42 -1.49844
  14 42 -0.548718
  15 42 0.425758
  16 42 -2.26565
  17 42 -0.669044
  18 42 -1.25428
  19 42 -1.09364
  20 42 2.41608
8000 20 840
  1 42 1.06065
  2 42 0.105838
  3 42 -0.101939
  4 42 -0.764836
  5 42 1.0798
  6 42 0.0108918
  7 42 0.18507
  8 42 -0.496689
  9 42 -0.336481
  10 42 -0.502517
  11 42 1.7525
  12 42 -0.090748
  13 42 0.305982
  14 42 -1.101
  15 42 -1.19629
  16 42 -1.15457
  17 42 -1.55945
  18 42 -0.924951
  19 42 -1.24005
  20 42 1.62989
8100 20 840
  1 42 0.493735
  2 42 -1.04809
  3 42 -0.854511
  4 42 0.0601761
  5 42 -0.6674
  6 42 2.71255
  7 42 -1.19942
  8 42 -0.411647
  9 42 1.49258
  10 42 -0.36242
  11 42 0.190412
  12 42 1.04043
  13 42 0.837355
  14 42 0.0992374
  15 42 -0.661885
  16 42 -1.95262
  17 42 -0.547772
  18 42 0.962987
  19 42 -1.27313
  20 42 -0.68123
8200 20 840
  1 42 -0.865123
  2 42 -0.091108
  3 42 -0.306214
  4 42 0.293124
  5 42 0.511675
  6 42 -1.07783
  7 42 0.558903
  8 42 2.30414
  9 42 -0.707755
  10 42 -0.326485
  11 42 0.0419512
  12 42 0.490113
  13 42 0.0647959
  14 42 -0.326979
  15 42 1.54487
  16 42 1.59175
  17 42 0.769248
  18 42 -0.865719
  19 42 -0.27742
  20 42 1.15253
8300 20 840
  1 42 1.29443
  2 42 -0.451577
  3 42 1.15945
  4 42 0.951259
  5 42 0.755234
  6 42 0.276563
  7 42 -1.34295
  8 42 0.480227
  9 42 -0.198165
  10 42 1.5756
  11 42 2.17789
  12 42 1.30915
  13 42 1.12808
  14 42 -0.527404
  15 42 -0.9152
  16 42 -2.6391
  17 42 -0.513826
  18 42 0.354719
  19 42 1.11395
  20 42 -1.28639
8400 20 840
  1 42 0.356323
  2 42 1.44159
  3 42 1.56466
  4 42 0.955268
  5 42 0.556867
  6 42 1.67829
  7 42 -0.425929
  8 42 0.148639
  9 42 -0.661498
  10 42 0.464028
  11 42 -0.206772
  12 42 0.477256
  13 42 1.40173
  14 42 0.617722
  15 42 -0.562529
  16 42 -0.558899
  17 42 0.582744
  18 42 -0.840546
  19 42 -1.36156
  20 42 -0.930763
8500 20 840
  1 42 -0.295581
  2 42 -1.19586
  3 42 -0.104929
  4 42 0.662899
  5 42 -0.166334
  6 42 0.775946
  7 42 1.2515
  8 42 1.79949
  9 42 1.42503
  10 42 0.581244
  11 42 2.63891
  12 42 -1.37563
  13 42 -0.24894
  14 42 0.668729
  15 42 -1.70579
  16 42 1.16478
  17 42 -0.64258
  18 42 -0.0460244
  19 42 -0.369465
  20 42 1.83728
8600 20 840
  1 42 1.75726
  2 42 0.817781
  3 42 -2.77835
  4 42 -0.977581
  5 42 -0.548376
  6 42 1.00032
  7 42 0.684335
  8 42 2.00216
  9 42 0.402029
  10 42 0.617366
  11 42 2.77154
  12 42 0.482518
  13 42 0.0268215
  14 42 0.247572
  15 42 0.786024
  16 42 0.102885
  17 42 0.0883863
  18 42 1.02139
  19 42 -0.737766
  20 42 -3.29139
8700 20 840
  1 42 -0.649472
  2 42 -0.387234
  3 42 1.10957
  4 42 0.584416
  5 42 -1.04404
  6 42 0.484106
  7 42 0.158437
  8 42 1.47415
  9 42 -0.459923
  10 42 -0.466557
  11 42 0.850018
  12 42 0.914595
  13 42 0.0634402
  14 42 0.64582
  15 42 2.6168
  16 42 1.23926
  17 42 0.12971
  18 42 -1.49666
  19 42 -0.306238
  20 42 0.748704
8800 20 840
  1 42 -0.248387
  2 42 0.328438
  3 42 -1.66698
  4 42 0.726297
  5 42 0.308319
  6 42 2.07785
  7 42 0.358683
  8 42 0.539912
  9 42 -0.846699
  10 42 0.772289
  11 42 1.9082
  12 42 0.626036
  13 42 1.28967
  14 42 1.0183
  15 42 -0.789094
  16 42 -0.926009
  17 42 -0.407549
  18 42 -2.15886
  19 42 0.868329
  20 42 2.26851
8900 20 840
  1 42 -1.43262
  2 42 -0.205986
  3 42 0.344844
  4 42 0.798992
  5 42 1.17814
  6 42 -2.01941
  7 42 0.618219
  8 42 -0.041999
  9 42 2.02417
  10 42 -1.39815
  11 42 -0.410398
  12 42 1.30771
  13 42 0.0568539
  14 42 -1.33204
  15 42 1.67074
  16 42 0.761081
  17 42 0.895925
  18 42 0.0921526
  19 42 0.392644
  20 42 1.91856
9000 20 840
  1 42 0.115787
  2 42 -1.34152
  3 42 0.76394
  4 42 -0.761342
  5 42 0.541884
  6 42 -1.58317
  7 42 1.58629
  8 42 0.0829779
  9 42 1.12601
  10 42 1.09823
  11 42 -0.846549
  12 42 0.272343
  13 42 0.142065
  14 42 -2.37815
  15 42 1.28081
  16 42 0.60322
  17 42 -0.961835
  18 42 0.0126784
  19 42 -0.421059
  20 42 0.0419908
9100 20 840
  1 42 -1.41209
  2 42 0.0814403
  3 42 0.555921
  4 42 -0.855418
  5 42 0.538083
  6 42 0.632726
  7 42 -1.04465
  8 42 0.926435
  9 42 2.81956
  10 42 0.897213
  11 42 -3.46942
  12 42 0.498214
  13 42 1.24713
  14 42 0.55032
  15 42 -0.279646
  16 42 -0.159466
  17 42 1.25104
  18 42 0.232895
  19 42 2.32111
  20 42 -0.537981
9200 20 840
  1 42 0.0364662
  2 42 -0.59035
  3 42 0.205498
  4 42 -0.48117
  5 42 2.85521
  6 42 -0.852396
  7 42 2.85871
  8 42 -2.26515
  9 42 1.08526
  10 42 -0.701434
  11 42 0.559807
  12 42 0.867867
  13 42 -0.643863
  14 42 1.0325
  15 42 -0.25631
  16 42 -0.684317
  17 42 -0.180596
  18 42 0.343746
  19 42 0.477733
  20 42 -1.3602
9300 20 840
  1 42 -0.325438
  2 42 0.163407
  3 42 -1.31025
  4 42 0.935006
  5 42 0.478402
  6 42 1.64529
  7 42 -1.94366
  8 42 -0.00685038
  9 42 0.775177
  10 42 1.03332
  11 42 -0.853868
  12 42 0.172348
  13 42 1.39405
  14 42 0.018504
  15 42 -2.40751
  16 42 -1.61939
  17 42 2.41792
  18 42 2.03357
  19 42 -0.256097
  20 42 -1.00084
9400 20 840
  1 42 1.19391
  2 42 0.453806
  3 42 0.398497
  4 42 1.48737
  5 42 -0.108631
  6 42 1.52987
  7 42 -1.35046
  8 42 1.65909
  9 42 -0.932988
  10 42 -0.911452
  11 42 -0.868169
  12 42 -0.937063
  13 42 0.293385
  14 42 -0.362505
  15 42 -0.0303638
  16 42 2.07262
  17 42 0.313496
  18 42 1.50496
  19 42 -1.396
  20 42 1.7717
9500 20 840
  1 42 1.58704
  2 42 1.60709
  3 42 1.21475
  4 42 -0.974348
  5 42 0.915983
  6 42 1.754
  7 42 -1.82553
  8 42 -0.0402198
  9 42 0.44621
  10 42 -1.96047
  11 42 0.0477741
  12 42 1.69708
  13 42 -0.0142673
  14 42 -0.399101
  15 42 -1.02781
  16 42 0.202295
  17 42 -1.66619
  18 42 1.40805
  19 42 -1.62408
  20 42 -0.0958819
9600 20 840
  1 42 0.918457
  2 42 -0.355688
  3 42 2.50852
  4 42 0.0192355
  5 42 1.20214
  6 42 1.08061
  7 42 -1.16459
  8 42 -0.627952
  9 42 0.805475
  10 42 -2.92795
  11 42 -0.369084
  12 42 0.502784
  13 42 -0.0575109
  14 42 -0.223417
  15 42 -0.81179
  16 42 1.2713
  17 42 -1.48686
  18 42 0.611481
  19 42 -0.41031
  20 42 0.621221
9700 20 840
  1 42 0.615055
  2 42 0.575167
  3 42 1.0114
  4 42 1.53662
  5 42 -0.123693
  6 42 -0.750798
  7 42 0.17038
  8 42 -1.42743
  9 42 -0.96408
  10 42 1.22005
  11 42 1.89591
  12 42 -1.12461
  13 42 -0.540482
  14 42 -0.939379
  15 42 1.2964
  16 42 -1.98399
  17 42 0.580426
  18 42 -0.754678
  19 42 1.63751
  20 42 -0.309648
9800 20 840
  1 42 -1.02261
  2 42 -0.817786
  3 42 -0.0147225
  4 42 -0.44463
  5 42 -0.522896
  6 42 -2.7667
  7 42 -0.159189
  8 42 0.68909
  9 42 -0.524194
  10 42 0.0400798
  11 42 1.76938
  12 42 -1.1971
  13 42 1.22213
  14 42 -1.19701
  15 42 -0.417721
  16 42 1.11269
  17 42 1.21722
  18 42 -1.3178
  19 42 -1.44337
  20 42 -2.55837
9900 20 840
  1 42 0.511097
  2 42 0.699054
  3 42 1.20648
  4 42 -0.579724
  5 42 -1.87013
  6 42 0.524235
  7 42 0.916108
  8 42 0.138904
  9 42 0.565793
  10 42 -1.43375
  11 42 3.2956
  12 42 -0.968859
  13 42 -0.694969
  14 42 -0.282256
  15 42 0.312082
  16 42 -2.30446
  17 42 -0.152566
  18 42 -2.08576
  19 42 1.05209
  20 42 -0.915064
10000 20 840
  1 42 -0.599087
  2 42 1.27395
  3 42 1.21197
  4 42 0.702836
  5 42 -1.69682
  6 42 0.576775
  7 42 -0.589405
  8 42 -0.0522073
  9 42 -0.0925101
  10 42 0.866915
  11 42 0.756155
  12 42 -0.501271
  13 42 1.0645
  14 42 0.332924
  15 42 1.00534
  16 42 1.46728
  17 42 -0.981595
  18 42 -1.18888
  19 42 -2.8064
  20 42 0.482487
