# Chunk-averaged data for fix bowForces and group all
# Timestep Number-of-chunks Total-count
# Chunk Ncount c_bowComp
0 20 840
  1 42 0.10126
  2 42 0.10126
  3 42 0.10126
  4 42 0.10126
  5 42 0.10126
  6 42 0.10126
  7 42 0.10126
  8 42 0.10126
  9 42 0.10126
  10 42 0.10126
  11 42 0.10126
  12 42 0.10126
  13 42 0.10126
  14 42 0.10126
  15 42 0.10126
  16 42 0.10126
  17 42 0.10126
  18 42 0.10126
  19 42 0.10126
  20 42 0.10126
100 20 840
  1 42 2.66857
  2 42 0.391079
  3 42 -0.968196
  4 42 -2.65906
  5 42 -0.886768
  6 42 0.604421
  7 42 1.83305
  8 42 0.951082
  9 42 1.41445
  10 42 2.182
  11 42 0.567148
  12 42 -0.750737
  13 42 -3.65783
  14 42 0.440911
  15 42 0.262757
  16 42 1.86876
  17 42 -1.1926
  18 42 -0.883309
  19 42 -3.60763
  20 42 3.07604
200 20 840
  1 42 -2.48539
  2 42 -0.875615
  3 42 -1.81984
  4 42 -2.57072
  5 42 -0.661087
  6 42 -2.71148
  7 42 0.831647
  8 42 0.0765274
  9 42 1.19458
  10 42 -0.917579
  11 42 -0.318548
  12 42 1.65999
  13 42 0.245769
  14 42 0.534533
  15 42 -1.62708
  16 42 -0.0912743
  17 42 -0.641073
  18 42 -0.0130683
  19 42 -2.13535
  20 42 -1.03287
300 20 840
  1 42 -1.95909
  2 42 -1.11895
  3 42 1.01946
  4 42 -0.297862
  5 42 1.55475
  6 42 -1.49575
  7 42 -0.0657828
  8 42 -1.09542
  9 42 0.662822
  10 42 -1.02069
  11 42 1.34873
  12 42 1.82586
  13 42 -0.563757
  14 42 2.19965
  15 42 1.87758
  16 42 -0.919921
  17 42 0.0625642
  18 42 -4.22687
  19 42 0.487064
  20 42 0.385818
400 20 840
  1 42 -0.29717
  2 42 0.256905
  3 42 -4.26286
  4 42 1.12235
  5 42 -5.87705
  6 42 -0.427205
  7 42 -0.335175
  8 42 0.601748
  9 42 0.830216
  10 42 4.4748
  11 42 -0.989765
  12 42 1.43247
  13 42 3.33213
  14 42 1.14789
  15 42 -0.125435
  16 42 -3.78078
  17 42 0.278707
  18 42 -1.29381
  19 42 2.35452
  20 42 -3.46446
500 20 840
  1 42 -2.89504
  2 42 -1.03254
  3 42 0.863635
  4 42 -2.60978
  5 42 -1.13834
  6 42 -4.5239
  7 42 0.858074
  8 42 -0.534419
  9 42 0.233588
  10 42 3.00068
  11 42 -1.14291
  12 42 1.1258
  13 42 -1.74402
  14 42 -1.90965
  15 42 2.13341
  16 42 0.959047
  17 42 -4.3793
  18 42 -2.49715
  19 42 0.724545
  20 42 -0.0826146
600 20 840
  1 42 0.346149
  2 42 1.16032
  3 42 -2.62858
  4 42 -1.98492
  5 42 2.61374
  6 42 -3.71308
  7 42 -0.00979122
  8 42 -2.24299
  9 42 0.3947
  10 42 1.90137
  11 42 1.25475
  12 42 -0.502875
  13 42 -2.49463
  14 42 -2.34079
  15 42 2.02949
  16 42 -1.06233
  17 42 -0.524368
  18 42 -1.10447
  19 42 2.56422
  20 42 -1.71046
700 20 840
  1 42 0.523788
  2 42 -1.46078
  3 42 -0.747056
  4 42 -0.283372
  5 42 0.918917
  6 42 1.75224
  7 42 1.18022
  8 42 -2.34309
  9 42 -0.114016
  10 42 -1.91349
  11 42 -0.599012
  12 42 -1.94481
  13 42 0.810893
  14 42 1.43556
  15 42 -2.72589
  16 42 0.0181785
  17 42 1.44629
  18 42 -0.511773
  19 42 -1.60064
  20 42 -0.0689686
800 20 840
  1 42 1.52204
  2 42 -1.33697
  3 42 -2.4379
  4 42 2.42828
  5 42 -0.631058
  6 42 1.05369
  7 42 -2.91061
  8 42 -0.133822
  9 42 -0.0484195
  10 42 -1.56692
  11 42 2.89792
  12 42 0.70247
  13 42 -1.80155
  14 42 2.43165
  15 42 -1.57986
  16 42 0.276226
  17 42 -0.536746
  18 42 1.36853
  19 42 -1.13497
  20 42 1.33511
900 20 840
  1 42 0.261636
  2 42 -1.48597
  3 42 1.5003
  4 42 0.166156
  5 42 0.216492
  6 42 -2.4086
  7 42 -2.36968
  8 42 1.76998
  9 42 -0.017108
  10 42 -0.912529
  11 42 1.78126
  12 42 -0.957049
  13 42 -0.0914842
  14 42 -0.139277
  15 42 -3.87609
  16 42 1.45939
  17 42 1.77006
  18 42 1.17913
  19 42 -1.93407
  20 42 2.54889
1000 20 840
  1 42 1.48613
  2 42 -1.51182
  3 42 -1.33865
  4 42 -0.71515
  5 42 -1.26784
  6 42 -1.43261
  7 42 -1.86409
  8 42 0.350345
  9 42 -1.83653
  10 42 0.424806
  11 42 0.658104
  12 42 -3.28753
  13 42 -1.15514
  14 42 -1.73849
  15 42 -3.7798
  16 42 -1.71596
  17 42 0.158509
  18 42 4.27234
  19 42 -3.51311
  20 42 2.63007
1100 20 840
  1 42 0.432964
  2 42 0.337339
  3 42 2.16327
  4 42 0.404585
  5 42 3.15578
  6 42 0.224026
  7 42 -1.09634
  8 42 1.18844
  9 42 -1.89153
  10 42 1.31403
  11 42 2.01703
  12 42 -0.760718
  13 42 -0.659373
  14 42 -1.32763
  15 42 -0.90916
  16 42 1.64181
  17 42 1.32007
  18 42 1.48113
  19 42 -1.42711
  20 42 0.837559
1200 20 840
  1 42 0.896739
  2 42 -1.75312
  3 42 1.09106
  4 42 2.17451
  5 42 0.622149
  6 42 0.832395
  7 42 -1.24771
  8 42 0.443641
  9 42 0.774288
  10 42 1.48568
  11 42 2.06119
  12 42 -1.97317
  13 42 2.46956
  14 42 0.253734
  15 42 -1.73681
  16 42 -4.03446
  17 42 -0.70952
  18 42 1.56167
  19 42 5.06967
  20 42 0.300639
1300 20 840
  1 42 -1.07972
  2 42 0.248776
  3 42 2.92465
  4 42 -0.569315
  5 42 -0.767435
  6 42 -0.913791
  7 42 1.43139
  8 42 0.52307
  9 42 -1.53131
  10 42 -0.589201
  11 42 0.761376
  12 42 -1.96278
  13 42 -1.16218
  14 42 -0.424695
  15 42 -0.211586
  16 42 -0.283298
  17 42 1.9951
  18 42 0.505349
  19 42 -0.471963
  20 42 -2.67607
1400 20 840
  1 42 1.1527
  2 42 -1.71815
  3 42 -1.94767
  4 42 -0.709826
  5 42 -1.82241
  6 42 -0.128567
  7 42 -0.632303
  8 42 1.26494
  9 42 1.85729
  10 42 -2.18576
  11 42 3.8641
  12 42 3.57356
  13 42 -2.02779
  14 42 -0.0873968
  15 42 1.78875
  16 42 -3.47271
  17 42 -0.311967
  18 42 -2.62328
  19 42 3.05478
  20 42 -1.38756
1500 20 840
  1 42 -2.07869
  2 42 -0.631678
  3 42 -1.7994
  4 42 -1.09608
  5 42 0.892193
  6 42 -0.632595
  7 42 3.91873
  8 42 0.852276
  9 42 0.940898
  10 42 1.82542
  11 42 -0.054932
  12 42 -1.24678
  13 42 0.840296
  14 42 0.164642
  15 42 -2.05354
  16 42 0.0194671
  17 42 -1.84715
  18 42 -0.803515
  19 42 -3.54229
  20 42 0.695032
1600 20 840
  1 42 0.226344
  2 42 0.618536
  3 42 -2.18819
  4 42 0.583417
  5 42 1.378
  6 42 -0.745471
  7 42 -0.502051
  8 42 0.262114
  9 42 1.97556
  10 42 0.48236
  11 42 -0.031298
  12 42 -3.45334
  13 42 0.305294
  14 42 0.487917
  15 42 2.30124
  16 42 -0.738022
  17 42 -3.33461
  18 42 -2.38325
  19 42 -4.99832
  20 42 1.82827
1700 20 840
  1 42 0.538126
  2 42 1.12122
  3 42 2.39277
  4 42 0.606273
  5 42 -2.29954
  6 42 -2.6889
  7 42 -1.49035
  8 42 1.63081
  9 42 0.798408
  10 42 1.66791
  11 42 1.62619
  12 42 2.12959
  13 42 1.71658
  14 42 0.238664
  15 42 1.13194
  16 42 -3.25735
  17 42 -0.964565
  18 42 0.578806
  19 42 0.750396
  20 42 -3.81503
1800 20 840
  1 42 -3.23977
  2 42 -1.75176
  3 42 0.268131
  4 42 1.35011
  5 42 -2.62876
  6 42 -3.06205
  7 42 0.639905
  8 42 2.70319
  9 42 -1.16798
  10 42 2.18542
  11 42 -0.971644
  12 42 1.96183
  13 42 0.594058
  14 42 0.656298
  15 42 0.578561
  16 42 1.77983
  17 42 0.0332804
  18 42 -1.52131
  19 42 0.372687
  20 42 1.11435
1900 20 840
  1 42 1.1167
  2 42 -0.0601868
  3 42 2.64057
  4 42 2.5933
  5 42 -0.718163
  6 42 1.68279
  7 42 -0.672128
  8 42 -1.77488
  9 42 2.2865
  10 42 0.481709
  11 42 -1.83931
  12 42 -0.805018
  13 42 0.0257437
  14 42 2.20655
  15 42 0.585971
  16 42 0.476955
  17 42 1.10722
  18 42 0.873546
  19 42 -0.427137
  20 42 0.577331
2000 20 840
  1 42 0.290506
  2 42 -0.787037
  3 42 -4.10791
  4 42 -0.568186
  5 42 2.09339
  6 42 -1.13276
  7 42 -0.217772
  8 42 -3.02725
  9 42 1.64926
  10 42 -0.293254
  11 42 -1.12878
  12 42 0.703042
  13 42 1.52464
  14 42 0.993612
  15 42 -0.191703
  16 42 -0.0778617
  17 42 4.48896
  18 42 2.0087
  19 42 2.42655
  20 42 0.976283
2100 20 840
  1 42 -1.79291
  2 42 1.81246
  3 42 3.92138
  4 42 0.875202
  5 42 2.94926
  6 42 2.43097
  7 42 0.797317
  8 42 -1.23842
  9 42 -2.58542
  10 42 -2.48182
  11 42 -1.10049
  12 42 0.977061
  13 42 -2.84474
  14 42 0.33605
  15 42 2.40747
  16 42 2.8648
  17 42 0.0358489
  18 42 -0.0307014
  19 42 -1.03173
  20 42 1.61883
2200 20 840
  1 42 1.43237
  2 42 0.978354
  3 42 -0.91399
  4 42 0.478438
  5 42 -2.50169
  6 42 2.49189
  7 42 -3.47941
  8 42 1.984
  9 42 0.599627
  10 42 -0.754775
  11 42 1.03364
  12 42 1.46329
  13 42 2.34046
  14 42 -0.320987
  15 42 -2.58185
  16 42 -0.0124453
  17 42 3.46259
  18 42 0.92977
  19 42 2.35614
  20 42 -1.76354
2300 20 840
  1 42 0.394431
  2 42 0.0564394
  3 42 1.53655
  4 42 -0.549239
  5 42 2.07678
  6 42 -1.11889
  7 42 -0.667929
  8 42 0.360706
  9 42 1.20381
  10 42 -0.460764
  11 42 -3.62732
  12 42 0.53912
  13 42 0.525443
  14 42 -1.20562
  15 42 0.126927
  16 42 3.074
  17 42 -0.72541
  18 42 2.04268
  19 42 -1.30444
  20 42 2.82656
2400 20 840
  1 42 0.478633
  2 42 1.35507
  3 42 0.596865
  4 42 3.4733
  5 42 -0.213596
  6 42 1.48119
  7 42 -3.46739
  8 42 -0.144236
  9 42 -1.30063
  10 42 0.278745
  11 42 0.515199
  12 42 0.50738
  13 42 0.84046
  14 42 -1.11564
  15 42 1.16058
  16 42 -0.8446
  17 42 1.47058
  18 42 0.120941
  19 42 -4.08006
  20 42 0.761089
2500 20 840
  1 42 1.20066
  2 42 -0.210479
  3 42 1.69482
  4 42 -1.56231
  5 42 1.18521
  6 42 2.64927
  7 42 2.92159
  8 42 3.16283
  9 42 -0.532941
  10 42 0.16564
  11 42 -1.7896
  12 42 0.541083
  13 42 2.37089
  14 42 0.389738
  15 42 0.740871
  16 42 -0.783116
  17 42 2.74822
  18 42 0.172915
  19 42 2.08474
  20 42 2.3304
2600 20 840
  1 42 3.55317
  2 42 0.00652538
  3 42 2.39271
  4 42 -1.66973
  5 42 1.85293
  6 42 1.04315
  7 42 4.06809
  8 42 -0.603807
  9 42 2.00052
  10 42 -3.31381
  11 42 4.64636
  12 42 0.655955
  13 42 -2.91195
  14 42 -2.46357
  15 42 2.04882
  16 42 0.508465
  17 42 1.8346
  18 42 -0.547941
  19 42 0.916518
  20 42 -2.63006
2700 20 840
  1 42 -0.767539
  2 42 0.127482
  3 42 1.69472
  4 42 -0.117682
  5 42 -1.58158
  6 42 0.0814355
  7 42 0.308983
  8 42 1.88422
  9 42 3.83407
  10 42 -0.621262
  11 42 -2.41681
  12 42 1.22278
  13 42 2.91134
  14 42 1.06688
  15 42 -0.736356
  16 42 -0.0263217
  17 42 2.44727
  18 42 1.22798
  19 42 3.02611
  20 42 -3.87236
2800 20 840
  1 42 0.899819
  2 42 -2.16949
  3 42 -0.758477
  4 42 4.04923
  5 42 0.572879
  6 42 2.28047
  7 42 5.75601
  8 42 1.08627
  9 42 0.285248
  10 42 2.44213
  11 42 -0.144772
  12 42 -1.47452
  13 42 0.700351
  14 42 1.15331
  15 42 -0.907382
  16 42 -2.47951
  17 42 -0.758443
  18 42 -1.55566
  19 42 1.48085
  20 42 -1.42656
2900 20 840
  1 42 -0.217898
  2 42 2.41516
  3 42 1.26173
  4 42 -1.7642
  5 42 -0.918799
  6 42 -0.312744
  7 42 1.18114
  8 42 2.44604
  9 42 0.901969
  10 42 -0.454522
  11 42 -4.04205
  12 42 3.92491
  13 42 2.06994
  14 42 0.118176
  15 42 2.62947
  16 42 -0.0265946
  17 42 -1.38269
  18 42 -0.483414
  19 42 -0.759224
  20 42 -3.54564
3000 20 840
  1 42 -1.29432
  2 42 1.20327
  3 42 0.252377
  4 42 1.39825
  5 42 0.424881
  6 42 -2.70141
  7 42 0.35743
  8 42 0.0796216
  9 42 0.506323
  10 42 0.981022
  11 42 3.65668
  12 42 -0.789506
  13 42 -0.649493
  14 42 -1.95881
  15 42 1.95459
  16 42 0.658804
  17 42 -4.56981
  18 42 -3.62517
  19 42 -1.38845
  20 42 3.04883
3100 20 840
  1 42 1.12381
  2 42 1.8846
  3 42 1.21199
  4 42 0.632083
  5 42 2.11534
  6 42 -0.575882
  7 42 0.914796
  8 42 1.7058
  9 42 -2.62424
  10 42 2.01507
  11 42 -1.36442
  12 42 -0.394633
  13 42 1.17284
  14 42 0.134589
  15 42 3.2493
  16 42 1.71125
  17 42 -2.25046
  18 42 -1.05424
  19 42 2.48457
  20 42 4.04009
3200 20 840
  1 42 -1.26588
  2 42 -0.829579
  3 42 -0.774254
  4 42 3.81129
  5 42 -0.665676
  6 42 2.95793
  7 42 -1.94039
  8 42 -1.43295
  9 42 5.04775
  10 42 -2.3739
  11 42 -1.51848
  12 42 4.27132
  13 42 1.92348
  14 42 2.58291
  15 42 0.477559
  16 42 1.99957
  17 42 0.671477
  18 42 -2.72195
  19 42 -1.5298
  20 42 -0.780269
3300 20 840
  1 42 -3.03458
  2 42 1.58798
  3 42 -0.626218
  4 42 -1.20115
  5 42 -1.00413
  6 42 -0.299167
  7 42 1.39394
  8 42 -0.239059
  9 42 1.15475
  10 42 -0.681371
  11 42 -0.77295
  12 42 2.64593
  13 42 -1.40916
  14 42 0.896481
  15 42 -0.18983
  16 42 -0.32426
  17 42 0.430082
  18 42 2.32117
  19 42 3.56406
  20 42 1.98311
3400 20 840
  1 42 -3.58013
  2 42 0.91605
  3 42 2.63782
  4 42 1.01713
  5 42 0.631953
  6 42 -2.93389
  7 42 -0.54399
  8 42 0.474446
  9 42 -0.614562
  10 42 1.56057
  11 42 -1.78763
  12 42 -0.10609
  13 42 -1.42168
  14 42 -0.958711
  15 42 -1.57849
  16 42 4.4345
  17 42 0.43527
  18 42 -1.81983
  19 42 -0.479491
  20 42 2.02072
3500 20 840
  1 42 0.57133
  2 42 2.7569
  3 42 -0.123379
  4 42 -0.857109
  5 42 -1.42422
  6 42 -1.68578
  7 42 0.257007
  8 42 0.625981
  9 42 -0.961156
  10 42 2.13054
  11 42 -0.112737
  12 42 1.76833
  13 42 -0.494693
  14 42 -0.0910666
  15 42 0.659535
  16 42 -2.45724
  17 42 -0.978402
  18 42 2.79852
  19 42 -0.137961
  20 42 -0.436984
3600 20 840
  1 42 0.140548
  2 42 -0.0122908
  3 42 5.91964
  4 42 -1.46205
  5 42 3.96697
  6 42 0.433185
  7 42 -0.704532
  8 42 2.51411
  9 42 -0.183959
  10 42 -1.1226
  11 42 -4.33455
  12 42 0.437283
  13 42 1.05195
  14 42 0.750715
  15 42 -0.546101
  16 42 0.215649
  17 42 3.84442
  18 42 -1.5781
  19 42 1.09049
  20 42 0.725403
3700 20 840
  1 42 0.695086
  2 42 2.59123
  3 42 2.84298
  4 42 0.730443
  5 42 0.265594
  6 42 1.48223
  7 42 -1.20142
  8 42 1.15321
  9 42 2.45162
  10 42 -1.25751
  11 42 3.91525
  12 42 0.505663
  13 42 0.798372
  14 42 1.30754
  15 42 0.170352
  16 42 -2.7239
  17 42 -0.733698
  18 42 2.94207
  19 42 -1.67962
  20 42 -0.234451
3800 20 840
  1 42 2.72858
  2 42 -0.897898
  3 42 -0.860848
  4 42 -2.30932
  5 42 -1.57889
  6 42 -2.96639
  7 42 -0.544075
  8 42 1.74188
  9 42 3.03568
  10 42 0.122895
  11 42 0.47897
  12 42 -0.306407
  13 42 -2.29502
  14 42 -1.96981
  15 42 -2.29577
  16 42 2.6618
  17 42 -0.966041
  18 42 -1.02116
  19 42 -4.94846
  20 42 0.76813
3900 20 840
  1 42 3.77033
  2 42 -0.174308
  3 42 1.04657
  4 42 -2.0642
  5 42 1.57004
  6 42 1.67051
  7 42 3.37305
  8 42 0.860994
  9 42 1.19342
  10 42 -2.7528
  11 42 2.22258
  12 42 0.11009
  13 42 2.81674
  14 42 -0.844194
  15 42 0.637237
  16 42 -0.157027
  17 42 -1.40055
  18 42 -0.355898
  19 42 2.49808
  20 42 0.103422
4000 20 840
  1 42 0.0487134
  2 42 -1.14824
  3 42 1.50045
  4 42 -1.32737
  5 42 1.71798
  6 42 0.785644
  7 42 0.387696
  8 42 -0.939156
  9 42 -0.287082
  10 42 -3.18898
  11 42 -1.48987
  12 42 -2.75315
  13 42 4.53875
  14 42 -2.40333
  15 42 -1.65205
  16 42 -0.622411
  17 42 1.0588
  18 42 -1.72009
  19 42 0.900538
  20 42 -1.60132
4100 20 840
  1 42 1.50443
  2 42 0.22461
  3 42 0.506271
  4 42 0.157574
  5 42 2.22442
  6 42 0.0121276
  7 42 1.56534
  8 42 -0.459704
  9 42 1.88349
  10 42 0.642785
  11 42 0.413566
  12 42 -2.16085
  13 42 1.25313
  14 42 -1.56233
  15 42 1.75614
  16 42 -0.883318
  17 42 -0.599693
  18 42 -0.918632
  19 42 3.20361
  20 42 -2.7208
4200 20 840
  1 42 3.62682
  2 42 -1.65602
  3 42 1.36652
  4 42 0.998349
  5 42 -3.58571
  6 42 -1.1926
  7 42 -2.26174
  8 42 0.862709
  9 42 2.58136
  10 42 3.14039
  11 42 -0.69622
  12 42 -0.644101
  13 42 0.798646
  14 42 0.0602752
  15 42 -1.00685
  16 42 -1.26061
  17 42 0.548142
  18 42 -0.395354
  19 42 0.81183
  20 42 -1.00457
4300 20 840
  1 42 -2.32584
  2 42 -1.44959
  3 42 -2.63656
  4 42 -0.854647
  5 42 -2.36107
  6 42 -2.116
  7 42 2.20162
  8 42 1.53216
  9 42 -1.38327
  10 42 1.23249
  11 42 -2.69173
  12 42 -1.99031
  13 42 1.81111
  14 42 0.807349
  15 42 -3.40353
  16 42 3.01486
  17 42 -0.860579
  18 42 -1.10882
  19 42 -3.51673
  20 42 5.37112
4400 20 840
  1 42 2.30669
  2 42 0.317357
  3 42 -0.113767
  4 42 -1.03422
  5 42 2.8476
  6 42 1.07778
  7 42 -0.928766
  8 42 -3.22683
  9 42 -1.94604
  10 42 -3.44601
  11 42 1.43227
  12 42 -0.851983
  13 42 -1.03723
  14 42 0.806092
  15 42 -0.43975
  16 42 0.757173
  17 42 0.34049
  18 42 0.54046
  19 42 -0.722974
  20 42 0.741798
4500 20 840
  1 42 -0.971281
  2 42 1.37533
  3 42 -5.12184
  4 42 1.18495
  5 42 -0.193025
  6 42 0.833419
  7 42 -5.67356
  8 42 -1.78601
  9 42 -0.0865976
  10 42 0.804052
  11 42 -0.26072
  12 42 -0.314384
  13 42 1.8455
  14 42 2.41897
  15 42 0.239202
  16 42 0.761035
  17 42 0.12268
  18 42 -1.20164
  19 42 -3.08446
  20 42 3.90642
4600 20 840
  1 42 -2.27421
  2 42 -0.00994252
  3 42 0.0708519
  4 42 2.9875
  5 42 -0.948017
  6 42 0.804991
  7 42 -2.35673
  8 42 -1.40161
  9 42 -0.941878
  10 42 1.13091
  11 42 -1.40457
  12 42 -0.988519
  13 42 -2.76386
  14 42 -0.783167
  15 42 -2.47983
  16 42 1.91488
  17 42 -3.08354
  18 42 0.723678
  19 42 -1.29344
  20 42 3.78097
4700 20 840
  1 42 -1.36188
  2 42 0.5934
  3 42 -0.665849
  4 42 -3.13376
  5 42 -2.09931
  6 42 -3.0911
  7 42 -3.65014
  8 42 -0.543695
  9 42 -0.373591
  10 42 -0.882441
  11 42 -2.85307
  12 42 3.12437
  13 42 -2.13709
  14 42 -1.09913
  15 42 -2.82676
  16 42 0.468156
  17 42 1.90692
  18 42 -0.0638576
  19 42 1.85841
  20 42 -2.39145
4800 20 840
  1 42 -2.38491
  2 42 -0.203443
  3 42 -0.783146
  4 42 1.22347
  5 42 -1.36199
  6 42 -2.58693
  7 42 0.537859
  8 42 -2.448
  9 42 -0.454429
  10 42 1.22125
  11 42 -3.47157
  12 42 -0.160019
  13 42 -2.76001
  14 42 -1.4357
  15 42 2.36609
  16 42 -1.81418
  17 42 -1.32152
  18 42 1.24585
  19 42 -1.30955
  20 42 -1.50046
4900 20 840
  1 42 -2.45157
  2 42 1.08883
  3 42 3.81758
  4 42 0.198789
  5 42 2.38956
  6 42 0.994647
  7 42 -1.74983
  8 42 0.608137
  9 42 -1.05685
  10 42 3.25182
  11 42 -2.0877
  12 42 -1.7029
  13 42 -0.819584
  14 42 0.622889
  15 42 2.30073
  16 42 -1.01282
  17 42 0.731296
  18 42 -1.97271
  19 42 1.78196
  20 42 2.04673
5000 20 840
  1 42 0.998224
  2 42 -0.12435
  3 42 -0.508558
  4 42 -0.229486
  5 42 2.06943
  6 42 -1.6519
  7 42 2.26909
  8 42 0.386162
  9 42 3.13538
  10 42 -2.1724
  11 42 0.62381
  12 42 0.0575899
  13 42 1.76244
  14 42 0.0626364
  15 42 0.624722
  16 42 -2.54329
  17 42 0.173047
  18 42 0.186941
  19 42 1.07943
  20 42 0.122911
5100 20 840
  1 42 1.68248
  2 42 -1.20621
  3 42 3.41908
  4 42 -3.47887
  5 42 -0.0886515
  6 42 -2.06448
  7 42 2.2299
  8 42 -1.00433
  9 42 -1.26233
  10 42 -2.87267
  11 42 1.55472
  12 42 -0.886624
  13 42 -2.1298
  14 42 -0.986245
  15 42 -1.42043
  16 42 0.0245705
  17 42 2.17138
  18 42 0.785796
  19 42 -2.99296
  20 42 -0.568731
5200 20 840
  1 42 1.4352
  2 42 -2.64173
  3 42 1.40997
  4 42 3.49564
  5 42 -1.34188
  6 42 1.64163
  7 42 0.922616
  8 42 1.09067
  9 42 2.82254
  10 42 1.25335
  11 42 -1.62576
  12 42 -1.65508
  13 42 0.776363
  14 42 0.836574
  15 42 -3.15139
  16 42 1.12989
  17 42 0.114168
  18 42 2.41543
  19 42 -1.10774
  20 42 1.55612
5300 20 840
  1 42 3.19148
  2 42 -2.87654
  3 42 -0.425489
  4 42 1.83332
  5 42 3.15992
  6 42 2.04751
  7 42 1.89442
  8 42 -1.63108
  9 42 2.38787
  10 42 -0.778518
  11 42 0.666131
  12 42 -1.05634
  13 42 2.44734
  14 42 -0.353996
  15 42 1.03787
  16 42 2.40343
  17 42 -1.03278
  18 42 1.08601
  19 42 -1.81821
  20 42 0.000522062
5400 20 840
  1 42 2.28159
  2 42 1.33566
  3 42 4.83708
  4 42 1.40736
  5 42 2.07058
  6 42 0.580946
  7 42 -1.67366
  8 42 -1.59014
  9 42 0.469495
  10 42 -1.79629
  11 42 -4.04034
  12 42 0.412124
  13 42 2.14254
  14 42 -1.04332
  15 42 2.10648
  16 42 0.466513
  17 42 1.95702
  18 42 1.18672
  19 42 4.51656
  20 42 -1.46349
5500 20 840
  1 42 0.819012
  2 42 1.37554
  3 42 3.54274
  4 42 3.8459
  5 42 1.28484
  6 42 0.442024
  7 42 0.0627353
  8 42 -0.1083
  9 42 -1.87768
  10 42 0.704258
  11 42 3.28402
  12 42 -1.37215
  13 42 -0.00878186
  14 42 -2.78973
  15 42 2.46467
  16 42 1.3457
  17 42 2.86151
  18 42 -0.62736
  19 42 3.03656
  20 42 1.09584
5600 20 840
  1 42 2.68337
  2 42 1.39897
  3 42 0.408989
  4 42 0.311411
  5 42 1.76303
  6 42 -1.56155
  7 42 0.654432
  8 42 -0.619307
  9 42 0.903236
  10 42 1.12545
  11 42 0.628657
  12 42 1.28314
  13 42 -0.680385
  14 42 0.526879
  15 42 0.769913
  16 42 2.37071
  17 42 -0.449078
  18 42 0.146102
  19 42 0.878975
  20 42 -0.552405
5700 20 840
  1 42 -0.231091
  2 42 0.10442
  3 42 0.580254
  4 42 1.21918
  5 42 1.18838
  6 42 4.47449
  7 42 -0.503469
  8 42 -2.58912
  9 42 2.41436
  10 42 -2.78988
  11 42 -0.0714039
  12 42 0.592011
  13 42 0.549397
  14 42 2.88241
  15 42 -2.06313
  16 42 4.31685
  17 42 1.3665
  18 42 3.38314
  19 42 -2.40038
  20 42 0.458494
5800 20 840
  1 42 -0.125963
  2 42 1.9509
  3 42 -1.32272
  4 42 -1.09984
  5 42 -1.81825
  6 42 -2.13985
  7 42 -2.07086
  8 42 0.546003
  9 42 -1.9746
  10 42 1.2529
  11 42 1.43065
  12 42 2.85778
  13 42 -1.37906
  14 42 2.48058
  15 42 0.244218
  16 42 -0.775748
  17 42 2.81976
  18 42 -0.057043
  19 42 0.653003
  20 42 4.62227
5900 20 840
  1 42 -4.10924
  2 42 0.361581
  3 42 3.91295
  4 42 1.20199
  5 42 0.36182
  6 42 -4.88338
  7 42 -1.69032
  8 42 1.47216
  9 42 -1.86372
  10 42 3.43216
  11 42 -0.0519776
  12 42 2.58148
  13 42 -1.31946
  14 42 -0.943721
  15 42 0.841647
  16 42 3.3566
  17 42 0.454282
  18 42 -1.79796
  19 42 -2.04887
  20 42 0.24754
6000 20 840
  1 42 0.934412
  2 42 0.506888
  3 42 0.529078
  4 42 -1.42367
  5 42 -4.04945
  6 42 -5.40764
  7 42 -4.75893
  8 42 1.74132
  9 42 1.10478
  10 42 3.48406
  11 42 0.787822
  12 42 2.38965
  13 42 -0.0127306
  14 42 -0.74883
  15 42 1.30711
  16 42 -3.19182
  17 42 0.758716
  18 42 -0.832663
  19 42 0.441094
  20 42 2.62944
6100 20 840
  1 42 -4.35993
  2 42 0.0626448
  3 42 1.86185
  4 42 2.59322
  5 42 -0.0622692
  6 42 -2.28746
  7 42 0.630431
  8 42 -0.911318
  9 42 2.78801
  10 42 3.11375
  11 42 -0.374063
  12 42 1.26639
  13 42 1.20004
  14 42 -0.481234
  15 42 1.81843
  16 42 0.742681
  17 42 0.688083
  18 42 -0.609792
  19 42 0.20159
  20 42 1.61178
6200 20 840
  1 42 -4.20778
  2 42 0.664628
  3 42 1.35786
  4 42 -0.651962
  5 42 0.261929
  6 42 -3.02671
  7 42 0.993724
  8 42 -0.269207
  9 42 3.08081
  10 42 -0.8781
  11 42 0.84794
  12 42 3.6558
  13 42 -2.47709
  14 42 0.804018
  15 42 3.11162
  16 42 -0.478346
  17 42 -1.02575
  18 42 -2.16412
  19 42 4.00191
  20 42 -1.60195
6300 20 840
  1 42 1.25233
  2 42 -0.308842
  3 42 -1.37775
  4 42 -0.590938
  5 42 -1.37463
  6 42 -1.73171
  7 42 0.864767
  8 42 -0.0441778
  9 42 6.97541
  10 42 1.68321
  11 42 1.2413
  12 42 1.20207
  13 42 2.38422
  14 42 -0.882006
  15 42 0.880575
  16 42 -2.41443
  17 42 1.43329
  18 42 -2.82727
  19 42 0.566437
  20 42 -2.96619
6400 20 840
  1 42 1.51129
  2 42 1.6844
  3 42 1.51163
  4 42 0.90434
  5 42 4.27876
  6 42 -0.574808
  7 42 4.6742
  8 42 0.975531
  9 42 0.919283
  10 42 -1.60629
  11 42 2.47795
  12 42 -1.46905
  13 42 2.9211
  14 42 0.842028
  15 42 1.21079
  16 42 -1.47454
  17 42 1.17838
  18 42 -0.676629
  19 42 1.90216
  20 42 0.602787
6500 20 840
  1 42 0.328322
  2 42 -1.10276
  3 42 2.18534
  4 42 3.71728
  5 42 1.48251
  6 42 -1.26179
  7 42 -1.1873
  8 42 0.178114
  9 42 0.770932
  10 42 -1.07876
  11 42 1.51344
  12 42 -2.26676
  13 42 0.283883
  14 42 -0.0476447
  15 42 -3.19361
  16 42 -0.481177
  17 42 0.608338
  18 42 0.758326
  19 42 -3.14134
  20 42 1.10861
6600 20 840
  1 42 3.54281
  2 42 1.38713
  3 42 -0.090391
  4 42 1.26219
  5 42 -1.72737
  6 42 0.965791
  7 42 0.742742
  8 42 1.22706
  9 42 2.36324
  10 42 0.730912
  11 42 1.71451
  12 42 0.318374
  13 42 0.740928
  14 42 -0.775956
  15 42 0.305088
  16 42 0.0752421
  17 42 0.406401
  18 42 3.01112
  19 42 -1.93853
  20 42 -1.40559
6700 20 840
  1 42 0.319473
  2 42 0.0428815
  3 42 5.95984
  4 42 -0.473615
  5 42 -1.3753
  6 42 2.28684
  7 42 -2.95017
  8 42 2.98546
  9 42 1.76628
  10 42 0.373751
  11 42 -0.355704
  12 42 -1.98136
  13 42 0.531735
  14 42 -1.0536
  15 42 -3.00167
  16 42 3.83735
  17 42 0.738366
  18 42 2.53129
  19 42 -0.749172
  20 42 4.89024
6800 20 840
  1 42 0.592848
  2 42 0.332744
  3 42 0.994661
  4 42 0.969151
  5 42 -0.481651
  6 42 -1.73798
  7 42 -0.483089
  8 42 1.99244
  9 42 1.45189
  10 42 -0.168492
  11 42 1.40902
  12 42 -1.13813
  13 42 3.08622
  14 42 -1.14525
  15 42 -1.27765
  16 42 0.530477
  17 42 -0.341215
  18 42 2.28039
  19 42 1.57808
  20 42 0.892314
6900 20 840
  1 42 2.95823
  2 42 -0.205054
  3 42 3.59956
  4 42 0.78295
  5 42 3.09182
  6 42 3.41173
  7 42 -2.33213
  8 42 -0.918332
  9 42 -1.63615
  10 42 -1.59428
  11 42 0.87513
  12 42 0.141388
  13 42 1.72418
  14 42 0.375808
  15 42 0.690031
  16 42 -2.01821
  17 42 5.41961
  18 42 -1.01
  19 42 1.95243
  20 42 0.0769943
7000 20 840
  1 42 -0.974861
  2 42 1.66616
  3 42 0.0974449
  4 42 -0.363019
  5 42 -0.9339
  6 42 4.7511
  7 42 0.740502
  8 42 0.695093
  9 42 -1.01997
  10 42 -0.65136
  11 42 -1.10769
  12 42 -0.0762717
  13 42 -0.128607
  14 42 1.54796
  15 42 -0.864763
  16 42 -1.14722
  17 42 -0.0235078
  18 42 0.915894
  19 42 -1.39914
  20 42 1.29501
7100 20 840
  1 42 -0.929212
  2 42 0.532972
  3 42 2.60428
  4 42 -3.46415
  5 42 -0.654682
  6 42 0.0129622
  7 42 -1.31288
  8 42 2.80322
  9 42 1.53547
  10 42 -1.98045
  11 42 2.95598
  12 42 0.857131
  13 42 -1.39088
  14 42 0.121572
  15 42 -0.282437
  16 42 1.52272
  17 42 -1.33359
  18 42 -1.6587
  19 42 -2.22669
  20 42 -0.633065
7200 20 840
  1 42 1.06979
  2 42 0.0559592
  3 42 2.49499
  4 42 -3.5633
  5 42 1.01325
  6 42 -3.41437
  7 42 1.25149
  8 42 2.34533
  9 42 0.092056
  10 42 1.11067
  11 42 -1.97231
  12 42 1.51372
  13 42 -0.0637315
  14 42 0.336159
  15 42 0.0781278
  16 42 -0.471971
  17 42 -1.69336
  18 42 -0.336761
  19 42 -0.139926
  20 42 -1.99637
7300 20 840
  1 42 -2.17017
  2 42 -1.1974
  3 42 -0.0612361
  4 42 0.146612
  5 42 -1.16807
  6 42 0.210214
  7 42 -2.46421
  8 42 3.24008
  9 42 -1.65649
  10 42 0.714459
  11 42 -1.34969
  12 42 0.900908
  13 42 2.10128
  14 42 0.368794
  15 42 1.48786
  16 42 -1.20565
  17 42 0.308046
  18 42 -3.54939
  19 42 -3.66954
  20 42 1.59619
7400 20 840
  1 42 -2.39182
  2 42 1.51213
  3 42 1.04516
  4 42 -0.130115
  5 42 1.77932
  6 42 -2.63283
  7 42 0.451183
  8 42 0.49376
  9 42 0.329512
  10 42 0.478519
  11 42 3.7078
  12 42 3.71241
  13 42 0.016438
  14 42 0.634539
  15 42 3.02516
  16 42 -1.0729
  17 42 -2.21953
  18 42 -5.44512
  19 42 0.820124
  20 42 0.32716
7500 20 840
  1 42 -1.49066
  2 42 -2.74569
  3 42 -1.24865
  4 42 -1.1347
  5 42 -1.96859
  6 42 -1.7561
  7 42 3.73745
  8 42 -0.181404
  9 42 3.98731
  10 42 0.659131
  11 42 -1.79848
  12 42 -0.182936
  13 42 0.729372
  14 42 -0.645263
  15 42 -1.61714
  16 42 3.09561
  17 42 -2.95551
  18 42 -0.169736
  19 42 -1.82941
  20 42 2.15493
7600 20 840
  1 42 0.420467
  2 42 -0.45182
  3 42 0.084574
  4 42 -2.81474
  5 42 -2.65368
  6 42 -2.15892
  7 42 1.9615
  8 42 -1.1614
  9 42 1.25891
  10 42 0.967739
  11 42 -3.16708
  12 42 0.523856
  13 42 0.637405
  14 42 0.343882
  15 42 -0.139811
  16 42 1.282
  17 42 0.768088
  18 42 -2.3979
  19 42 -1.91544
  20 42 -0.388988
7700 20 840
  1 42 -1.4595
  2 42 -1.4201
  3 42 1.40259
  4 42 1.86
  5 42 3.32077
  6 42 0.192552
  7 42 3.96396
  8 42 0.388013
  9 42 3.63433
  10 42 -1.7821
  11 42 -0.725037
  12 42 2.18148
  13 42 2.89133
  14 42 0.585612
  15 42 -1.19815
  16 42 0.0959999
  17 42 0.483097
  18 42 -0.340493
  19 42 4.50808
  20 42 -2.35663
7800 20 840
  1 42 0.26421
  2 42 -0.399637
  3 42 2.7924
  4 42 -0.595092
  5 42 2.90921
  6 42 -0.276029
  7 42 2.36777
  8 42 -0.131964
  9 42 -0.573743
  10 42 -1.87707
  11 42 -0.97718
  12 42 0.222049
  13 42 3.30854
  14 42 0.358988
  15 42 -1.56536
  16 42 -0.145294
  17 42 0.93888
  18 42 -0.472811
  19 42 -0.0319532
  20 42 0.513508
7900 20 840
  1 42 2.42199
  2 42 3.68926
  3 42 0.277002
  4 42 2.55252
  5 42 -2.2846
  6 42 0.422328
  7 42 -1.99551
  8 42 -1.11987
  9 42 0.245458
  10 42 2.20416
  11 42 -2.21128
  12 42 0.241676
  13 42 -0.600664
  14 42 -1.29799
  15 42 0.737842
  16 42 -1.22614
  17 42 -0.236178
  18 42 1.4173
  19 42 -2.03041
  20 42 1.61174
8000 20 840
  1 42 0.802138
  2 42 0.32203
  3 42 2.42014
  4 42 -3.39638
  5 42 1.48888
  6 42 -0.635154
  7 42 1.04723
  8 42 0.930699
  9 42 0.532301
  10 42 -1.20833
  11 42 -0.168351
  12 42 -0.294289
  13 42 -2.49829
  14 42 -1.85503
  15 42 -2.50195
  16 42 5.55309
  17 42 -0.23667
  18 42 -0.280126
  19 42 -1.70413
  20 42 5.19838
8100 20 840
  1 42 3.61739
  2 42 -0.69492
  3 42 -1.81527
  4 42 1.00261
  5 42 -1.83458
  6 42 2.53665
  7 42 -1.69929
  8 42 -2.00167
  9 42 2.08125
  10 42 -4.16547
  11 42 -0.0411755
  12 42 0.492186
  13 42 0.565539
  14 42 -1.12846
  15 42 -5.20992
  16 42 -1.06561
  17 42 -1.1199
  18 42 2.44543
  19 42 -1.31177
  20 42 1.85036
8200 20 840
  1 42 0.166352
  2 42 -0.378837
  3 42 2.38035
  4 42 2.56521
  5 42 1.7101
  6 42 3.20321
  7 42 -0.479135
  8 42 0.930678
  9 42 -1.66691
  10 42 -3.66302
  11 42 -5.32258
  12 42 0.0280267
  13 42 -0.338817
  14 42 2.02903
  15 42 -0.37867
  16 42 2.75101
  17 42 3.30944
  18 42 2.68231
  19 42 0.28728
  20 42 3.02109
8300 20 840
  1 42 -1.25541
  2 42 -2.5417
  3 42 -1.00815
  4 42 1.92609
  5 42 -0.605552
  6 42 -3.00103
  7 42 -0.219571
  8 42 1.20726
  9 42 -1.34025
  10 42 2.6866
  11 42 1.00473
  12 42 -0.296569
  13 42 -1.333
  14 42 -1.62902
  15 42 -1.38835
  16 42 -3.75137
  17 42 1.01934
  18 42 0.931098
  19 42 1.23568
  20 42 1.12223
8400 20 840
  1 42 -1.13621
  2 42 0.643565
  3 42 4.32791
  4 42 -2.25823
  5 42 -0.332051
  6 42 -2.69661
  7 42 1.1096
  8 42 0.818384
  9 42 -3.1277
  10 42 -1.46469
  11 42 -1.51102
  12 42 0.158762
  13 42 -0.34919
  14 42 -3.04268
  15 42 -1.76004
  16 42 0.913571
  17 42 0.911692
  18 42 0.870998
  19 42 -2.75321
  20 42 -5.03785
8500 20 840
  1 42 1.84882
  2 42 -0.305525
  3 42 0.000631191
  4 42 -1.94628
  5 42 -0.270645
  6 42 -2.19911
  7 42 2.60838
  8 42 1.09756
  9 42 -0.978681
  10 42 0.181595
  11 42 -0.504761
  12 42 -1.24386
  13 42 -0.846938
  14 42 -0.43054
  15 42 -3.03708
  16 42 -1.8385
  17 42 -0.271965
  18 42 -0.845502
  19 42 1.73878
  20 42 1.29975
8600 20 840
  1 42 -1.35937
  2 42 0.721943
  3 42 1.21192
  4 42 0.863186
  5 42 1.09101
  6 42 -0.792805
  7 42 1.92402
  8 42 -0.848344
  9 42 1.42067
  10 42 -1.15272
  11 42 -2.94906
  12 42 0.0027209
  13 42 -0.834279
  14 42 1.18642
  15 42 1.48879
  16 42 0.271595
  17 42 -4.63177
  18 42 -0.501043
  19 42 -0.709214
  20 42 -3.56931
8700 20 840
  1 42 -0.516025
  2 42 -1.90273
  3 42 -2.09833
  4 42 1.20338
  5 42 0.844018
  6 42 -0.956359
  7 42 -2.85179
  8 42 -0.169748
  9 42 2.71054
  10 42 -1.69822
  11 42 1.90328
  12 42 1.93618
  13 42 -0.398053
  14 42 0.476844
  15 42 2.8158
  16 42 -0.296554
  17 42 -0.0829321
  18 42 -6.16179
  19 42 0.430694
  20 42 0.646646
8800 20 840
  1 42 1.51567
  2 42 -1.64771
  3 42 -0.993857
  4 42 -0.847605
  5 42 -2.59036
  6 42 -0.448677
  7 42 3.30904
  8 42 -1.85285
  9 42 -1.31901
  10 42 0.22886
  11 42 1.46996
  12 42 0.299593
  13 42 1.54372
  14 42 -1.04439
  15 42 -1.33825
  16 42 1.29585
  17 42 -0.61965
  18 42 -1.35776
  19 42 0.816172
  20 42 2.06329
8900 20 840
  1 42 -3.47079
  2 42 0.152211
  3 42 -1.64216
  4 42 1.52461
  5 42 -0.464137
  6 42 -2.60852
  7 42 0.160249
  8 42 -2.96716
  9 42 -0.947391
  10 42 -0.669839
  11 42 0.66877
  12 42 2.07027
  13 42 -0.308715
  14 42 -1.9239
  15 42 1.58198
  16 42 4.241
  17 42 0.00536445
  18 42 -4.73186
  19 42 -2.02125
  20 42 3.89932
9000 20 840
  1 42 -0.841187
  2 42 0.551996
  3 42 -0.319024
  4 42 3.29669
  5 42 0.00543193
  6 42 -1.06609
  7 42 -0.97663
  8 42 -3.38253
  9 42 1.81976
  10 42 3.24194
  11 42 0.729117
  12 42 0.818608
  13 42 -0.206985
  14 42 -1.16871
  15 42 0.738079
  16 42 2.28224
  17 42 -2.72417
  18 42 2.18181
  19 42 0.964398
  20 42 0.897293
9100 20 840
  1 42 0.351143
  2 42 1.43327
  3 42 0.458576
  4 42 -0.624559
  5 42 -0.743184
  6 42 0.0652056
  7 42 -1.73366
  8 42 0.00235942
  9 42 1.01053
  10 42 -0.79277
  11 42 -0.0424042
  12 42 0.257026
  13 42 3.17811
  14 42 0.497218
  15 42 -0.0262336
  16 42 0.861255
  17 42 4.11518
  18 42 -0.941688
  19 42 2.02507
  20 42 -1.12363
9200 20 840
  1 42 -0.909914
  2 42 2.77149
  3 42 2.72953
  4 42 -0.572287
  5 42 0.464543
  6 42 -1.9828
  7 42 -1.94843
  8 42 -1.24671
  9 42 0.246338
  10 42 -1.22599
  11 42 2.38913
  12 42 2.96129
  13 42 -2.48473
  14 42 1.14363
  15 42 0.372306
  16 42 -0.506614
  17 42 2.68145
  18 42 2.30379
  19 42 0.96824
  20 42 -0.827108
9300 20 840
  1 42 1.84993
  2 42 -0.894865
  3 42 -1.07455
  4 42 -1.62373
  5 42 -1.67105
  6 42 -1.23877
  7 42 -2.30653
  8 42 -0.593674
  9 42 2.15699
  10 42 1.51836
  11 42 -1.70753
  12 42 -0.466976
  13 42 -1.6807
  14 42 -1.23636
  15 42 -2.93685
  16 42 -0.39212
  17 42 2.97706
  18 42 0.51987
  19 42 -1.40499
  20 42 2.37305
9400 20 840
  1 42 3.70029
  2 42 2.26293
  3 42 -1.34084
  4 42 -0.920946
  5 42 -0.591356
  6 42 2.78197
  7 42 -2.72643
  8 42 -2.41493
  9 42 -2.31832
  10 42 -1.09119
  11 42 0.0699178
  12 42 -1.49201
  13 42 -0.951186
  14 42 0.29819
  15 42 0.0713166
  16 42 -0.0980623
  17 42 1.51591
  18 42 1.15433
  19 42 -4.00999
  20 42 2.97961
9500 20 840
  1 42 -1.4102
  2 42 2.02425
  3 42 1.61729
  4 42 0.470921
  5 42 -0.0420265
  6 42 2.75209
  7 42 -3.61531
  8 42 -0.751617
  9 42 -2.36606
  10 42 -5.21415
  11 42 1.08545
  12 42 0.293722
  13 42 -2.59619
  14 42 -0.579299
  15 42 0.0231277
  16 42 1.14231
  17 42 -1.2206
  18 42 0.847912
  19 42 -1.24279
  20 42 0.953446
9600 20 840
  1 42 0.254957
  2 42 -3.54932
  3 42 4.70032
  4 42 -1.52678
  5 42 -1.46607
  6 42 -1.68361
  7 42 -1.88595
  8 42 2.46737
  9 42 -2.05775
  10 42 -1.98921
  11 42 2.22413
  12 42 0.694261
  13 42 1.35259
  14 42 -2.29324
  15 42 -1.04767
  16 42 -0.551636
  17 42 0.758307
  18 42 0.727414
  19 42 3.96436
  20 42 -2.2369
9700 20 840
  1 42 2.09972
  2 42 -1.5094
  3 42 2.2672
  4 42 2.75596
  5 42 -0.785032
  6 42 -1.61653
  7 42 -1.81861
  8 42 -1.75771
  9 42 -0.461407
  10 42 4.33898
  11 42 -0.825611
  12 42 -2.12655
  13 42 -0.417165
  14 42 -2.34035
  15 42 0.990785
  16 42 -1.85426
  17 42 -0.165701
  18 42 -1.06568
  19 42 -2.42978
  20 42 -3.17488
9800 20 840
  1 42 -1.81366
  2 42 -3.3153
  3 42 2.98222
  4 42 -1.40332
  5 42 -1.23872
  6 42 2.02982
  7 42 -1.22196
  8 42 0.866407
  9 42 0.710146
  10 42 0.372179
  11 42 -0.0378273
  12 42 -3.09516
  13 42 1.99913
  14 42 -0.69212
  15 42 1.80483
  16 42 -1.1592
  17 42 0.639153
  18 42 -0.983953
  19 42 -0.560705
  20 42 0.451744
9900 20 840
  1 42 -0.726859
  2 42 -0.882911
  3 42 1.11011
  4 42 1.29649
  5 42 0.556512
  6 42 0.787007
  7 42 0.529135
  8 42 -1.26512
  9 42 1.63493
  10 42 -1.23313
  11 42 3.33007
  12 42 -1.20977
  13 42 1.15518
  14 42 0.441607
  15 42 -0.114802
  16 42 -3.80521
  17 42 -2.3001
  18 42 -2.27911
  19 42 0.409456
  20 42 -2.44557
10000 20 840
  1 42 -0.341081
  2 42 -0.813346
  3 42 -1.415
  4 42 -1.02728
  5 42 -3.05937
  6 42 1.3715
  7 42 0.351989
  8 42 1.94841
  9 42 1.56623
  10 42 -0.915387
  11 42 0.166018
  12 42 -1.88642
  13 42 0.403347
  14 42 1.7606
  15 42 -0.263181
  16 42 3.12444
  17 42 -2.73121
  18 42 -1.79195
  19 42 -3.25999
  20 42 0.689819
