# Fix print output for fix printTemp
0 309.99999999999994316
100 273.33364983189807162
200 313.85257800470071743
300 288.92235583249458841
400 320.91398310565870133
500 294.85554331755463409
600 320.91781202117465455
700 315.74532721708897043
800 310.38751595374918679
900 314.46188653530577994
1000 335.70656509593533201
1100 304.94470564844874616
1200 380.59541033941258092
1300 286.55096973975389574
1400 347.56977309851282598
1500 314.21309918701990682
1600 309.21303810262645584
1700 300.87510743790903689
1800 319.25410059997307144
1900 322.71078780017478493
2000 288.24244821839960196
2100 317.65930848229658068
2200 307.31805997689309606
2300 303.1318100316986488
2400 337.76435586077820972
2500 317.53408857651987773
2600 317.53350188802494358
2700 313.25867692381933693
2800 325.25996511141323708
2900 320.90327114643150708
3000 298.53701197697307634
3100 291.43472526608383077
3200 285.51059355492742498
3300 326.24112871620121723
3400 322.49324395926078068
3500 288.91640954774112515
3600 300.3617399371626675
3700 308.01965890259430125
3800 305.57602474273573989
3900 332.37504121880834873
4000 318.99333994492889133
4100 284.24772464461364052
4200 254.79694770117831126
4300 309.91682342204256884
4400 273.15579655168954787
4500 316.186985445883181
4600 326.54915488302708582
4700 303.37187924089226954
4800 287.2297008492042778
4900 295.24400163773327677
5000 282.68779269059888293
5100 335.66512492503454723
5200 290.31733610695374637
5300 292.12573809656294088
5400 319.51726120771587603
5500 302.19824173046913529
5600 300.13816005751016291
5700 304.20425703958017039
5800 309.71713159699521611
5900 293.29065933722824866
6000 305.24851614518399856
6100 301.60610258540015138
6200 298.74849664200223742
6300 285.93235306737437895
6400 322.86601350343573813
6500 294.83420585696654825
6600 319.82042519626645571
6700 287.94980922090292097
6800 326.10910121214385526
6900 280.07496217470963984
7000 321.97325352196804715
7100 280.7515373010542703
7200 309.77836824020351969
7300 312.61405733383372763
7400 306.34410209667049685
7500 301.06202681788766995
7600 304.9968141293254007
7700 311.35498025108927322
7800 309.63949752422922757
7900 300.06564236076565066
8000 300.10832673447868046
8100 310.80713766101843021
8200 305.20252852141027233
8300 318.66617656600465125
8400 320.825338507761046
8500 331.61171355197450339
8600 317.22211689797654799
8700 312.0911187750232898
8800 326.48215291807406402
8900 294.17280683612949588
9000 320.734816519842866
9100 286.90097150170288387
9200 310.6494600154118757
9300 325.34501833303528429
9400 330.85130712514740026
9500 327.86576051207890714
9600 315.08878042466358238
9700 305.89596498609824948
9800 303.51083270119795543
9900 322.48702620361444815
10000 311.19244658462855568
