# Fix print output for fix printTemp
0 310.00000000000017053
100 273.69881575211206837
200 313.40494236337025313
300 288.72213798815255359
400 320.0355088164824906
500 295.67865445560124726
600 320.1122425134385594
700 314.9860090290431458
800 310.50756469995394582
900 314.07936227012208974
1000 339.15140507116871049
1100 303.58200099650099446
1200 379.77488473688970316
1300 285.50566169664080007
1400 347.67567544177467198
1500 313.87435563166695829
1600 308.76535752754057285
1700 300.91769234428102209
1800 319.5527595732669397
1900 325.52522737963977306
2000 284.10083675984571983
2100 311.96628410200963799
2200 307.7481809087303759
2300 298.29692341991818694
2400 341.55498162558643571
2500 318.00819924716375908
2600 320.80440278067868576
2700 326.83128823116408057
2800 325.04965637249296151
2900 322.87713148302560739
3000 297.50862163905264879
3100 292.77382665759688507
3200 286.30378593754835492
3300 326.32330566150636741
3400 322.51500450058097158
3500 289.85754761734392559
3600 301.57200775006106142
3700 311.13925079766755744
3800 308.02606372943529323
3900 333.2751437460563011
4000 313.77199201734606504
4100 290.37882132321266226
4200 250.56801667479106754
4300 316.11849999771641251
4400 278.59141416021822124
4500 314.45620727618791079
4600 324.49524209040885125
4700 299.86861358347130135
4800 281.26375471111538218
4900 306.57190318069660862
5000 285.43229266474099859
5100 336.20728368154544796
5200 303.71080581684003619
5300 293.35601177784161564
5400 319.4076432571444002
5500 293.20813083844723224
5600 305.67755056707699168
5700 307.35407506100438013
5800 307.40379851042087012
5900 290.92105958493038997
6000 301.35138783086455305
6100 311.21342424498982382
6200 298.73470371022881409
6300 279.92834751480268096
6400 324.21542301879662773
6500 299.02828342148973206
6600 308.5879328303670377
6700 285.39741911776133065
6800 324.30566267047714746
6900 283.05176535389750825
7000 319.81203408810625888
7100 279.50732172450153712
7200 329.53537759301440246
7300 302.34826212887838892
7400 319.75663538646887218
7500 289.96644063957035087
7600 300.64958250673487328
7700 321.27347267856691815
7800 309.38455756449138789
7900 286.33182578708061783
8000 296.3558077493881342
8100 315.84897476165622265
8200 301.22481787339779657
8300 307.73004215425402208
8400 321.93314967793793357
8500 310.46628793915948563
8600 315.58650607423186329
8700 322.45949784130129956
8800 330.51873132093601271
8900 287.38674231626526989
9000 318.48344202424425475
9100 276.31394140002066706
9200 316.66908858017671946
9300 311.20778756358333794
9400 325.63008872874144117
9500 321.84651927301314345
9600 298.75256735675054642
9700 311.71448681627680344
9800 300.20854661931082319
9900 321.3796478533790264
10000 309.35231590550461078
10100 312.09339438508487774
10200 316.71075657535294567
10300 311.4863000096360679
10400 305.96366073509204853
10500 335.68996307753383235
10600 295.76542531170451866
10700 319.80997372024921788
10800 307.9712674206988936
10900 311.83874549528047737
11000 310.6671407509487608
11100 319.87333424093816348
11200 312.31347615158716735
11300 311.86841085951743935
11400 283.98818128828452245
11500 312.41666145977933411
11600 296.88020499115782513
11700 337.25251870478120964
11800 303.4995217983498037
11900 323.11630122860805159
12000 316.95903003749077698
12100 331.68171781015450961
12200 297.97051584921507583
12300 289.40195873888347933
12400 303.94656057513225278
12500 284.36725623001547092
12600 307.96179054089475358
12700 309.25098692460920802
12800 302.68407187236181244
12900 317.21462724766246311
13000 303.50880335621025097
13100 303.3552293754739253
13200 317.41685791937607064
13300 328.31687357478330114
13400 323.43363067778795994
13500 290.94461535517569928
13600 284.22601069859877043
13700 297.43796744631225693
13800 326.03998308008999629
13900 313.83572392316642663
14000 303.79281305312332506
14100 291.98210083779389379
14200 297.19555519627914464
14300 296.47761236204178203
14400 304.68072724357318748
14500 319.67133624723095409
14600 326.07571631459973105
14700 317.58444439781601432
14800 293.7705853458272145
14900 315.18859767656749682
15000 317.91959082036271411
15100 317.51688259138308013
15200 279.99843691639330245
15300 310.82539013492254298
15400 302.41166351754532116
15500 309.16999969842083829
15600 308.27199429898479366
15700 332.33735050594111726
15800 327.68445206377094792
15900 303.63219213985382794
16000 314.93992324280770845
16100 288.78875397457704821
16200 318.88751158692997478
16300 325.89022647351157502
16400 316.71531391397087418
16500 313.84321752654938109
16600 301.53432040709196826
16700 318.40600602574266986
16800 300.83780927450453646
16900 318.6561654651904405
17000 318.77113056967948523
17100 335.24233456449820778
17200 322.25188168483572326
17300 333.85868910885011474
17400 289.42829038933001584
17500 306.65374665597073545
17600 279.79240860240452093
17700 309.5532939082867756
17800 328.66523114837474395
17900 295.17605208916825177
18000 308.3145873139781088
18100 297.39904201103217929
18200 313.92562274783398379
18300 328.16369708253921544
18400 318.87829815517471843
18500 311.87728742366448387
18600 304.6491211228488396
18700 304.73506671002485291
18800 292.9593533966170753
18900 305.56277889675834558
19000 315.13781464488698703
19100 307.18317141196064313
19200 289.42395941505719748
19300 307.00580633924187168
19400 294.61206473379968429
19500 316.51325417184267508
19600 330.4441645978596398
19700 315.12463314547602522
19800 318.02085035817810876
19900 301.66277495109716256
20000 275.19418993032650178
20100 295.62948499874323716
20200 323.81928201057883143
20300 319.16139078354200365
20400 316.08253544692422565
20500 316.67528431917270382
20600 312.7313163611746063
20700 315.60930721518752762
20800 294.42139645554027538
20900 303.99981433511192108
21000 299.81725775267000245
21100 310.36182006146680123
21200 293.64911647573148912
21300 317.85609331045810677
21400 306.03691659609052067
21500 324.51612562071346701
21600 305.22171786376901537
21700 323.43977916816561446
21800 302.47861234927216856
21900 328.47002173680880333
22000 298.78128766201069766
22100 304.43099942843269901
22200 313.50273565343053406
22300 320.96813718698246021
22400 302.63051148263758705
22500 300.3051253130946634
22600 299.36371631777035418
22700 317.39861137146914416
22800 305.93006908064603522
22900 312.48460220471804405
23000 306.64381650268558133
23100 319.02206558280454374
23200 327.99230280392021086
23300 297.93722372710789159
23400 300.94623134481429361
23500 305.4349476331481128
23600 325.06869340800949431
23700 309.83904647082334805
23800 294.63671789270352974
23900 320.73923883221794995
24000 295.35255437584396532
24100 324.91121274898245019
24200 305.40779899906709716
24300 301.09808419457243645
24400 292.32777700684061983
24500 320.58332970851165555
24600 299.57552477686613202
24700 323.2735806467694033
24800 336.74959751226862181
24900 322.49961168650094123
25000 325.99912861140973064
25100 312.13823043881836838
25200 323.95408249822770586
25300 298.02073426723842431
25400 305.0558948284752887
25500 309.37467560151162616
25600 307.13011377598326135
25700 301.93638530686541799
25800 304.34252220304227876
25900 296.13055908752909318
26000 317.93255229173297494
26100 301.28075852602501072
26200 320.97997651782395678
26300 320.02689416692902569
26400 311.72867837149522074
26500 335.0806681438666601
26600 317.34081398813157193
26700 315.95512685427678434
26800 291.00068307955319824
26900 297.94807704832481932
27000 317.74139019375002135
27100 286.02592368044668092
27200 304.76672471864355884
27300 311.77301066161487597
27400 322.69295696863821377
27500 320.34214710767514589
27600 308.37705178359613001
27700 327.78040450860174815
27800 299.2891438862495761
27900 321.94902798734005955
28000 291.27512642363114992
28100 314.49269754349887762
28200 289.75587817856654738
28300 296.99472682069932716
28400 291.37451310996300435
28500 312.63447406159491493
28600 296.21412255005566294
28700 308.78334300191113471
28800 297.02816517104838567
28900 313.7886159719665784
29000 310.23386298323907795
29100 320.03369936895433057
29200 314.98550476074723292
29300 287.42907045648155417
29400 268.53327244611347169
29500 296.03905733902331576
29600 298.34908294770832526
29700 301.79077114163146689
29800 292.50971584453878904
29900 305.98846997202105058
30000 323.15989615842352123
30100 317.88234856354279145
30200 311.06127648095764471
30300 326.88392698337281672
30400 314.44059674230464907
30500 300.77864496599431732
30600 289.7760020397978451
30700 295.67302107194058181
30800 291.8906084010967561
30900 322.07771303197773705
31000 300.68142030983943869
31100 307.85237149084014163
31200 291.2747804937341698
31300 347.68620132662294964
31400 299.80920616435815873
31500 312.32438169520486326
31600 331.02816248238917751
31700 323.20706708920982919
31800 300.22960772095467519
31900 321.6377577446895657
32000 312.20094854505174453
32100 303.20871974302963281
32200 305.80251185881331821
32300 301.80437431153495709
32400 348.04519229363501154
32500 305.67367254688070943
32600 328.32915351257594239
32700 301.80034929989028569
32800 331.28092665974725151
32900 319.27872078602882766
33000 323.35453229651676565
33100 300.27655613656838796
33200 291.89010887756086277
33300 314.64942112135389607
33400 330.57833510195337112
33500 332.76622861404456444
33600 319.65658015830126715
33700 320.77925518951565209
33800 310.25696227540299788
33900 297.24611232082662582
34000 324.15760888798274664
34100 322.05321418675566747
34200 335.57673889630365238
34300 326.67494348099637591
34400 304.40978014372421967
34500 291.46170867715642316
34600 303.40743541966702423
34700 329.12660873815718787
34800 326.24080867434071251
34900 326.76517237269899852
35000 302.47080987785773232
35100 302.44211959721189942
35200 318.66115687619384289
35300 319.67923909343869582
35400 310.53819803405633593
35500 312.37171988019150604
35600 306.21121731264793198
35700 315.95929528568223077
35800 306.80417072722360672
35900 302.80764757751433081
36000 311.10565526389132174
36100 308.70950151777282144
36200 311.09431093582560379
36300 289.97931073733417406
36400 289.09296285414603744
36500 311.0283649286839136
36600 316.04285726963411207
36700 341.08282236095209328
36800 320.92068765520923534
36900 304.8990310085831652
37000 297.79617130192775676
37100 273.43339411625385083
37200 290.57883130344310985
37300 305.89546127700049283
37400 313.37639684302706655
37500 313.86301383102085083
37600 302.59133603056289985
37700 303.6775910088901469
37800 282.61302505168401922
37900 305.1326723495884039
38000 321.01128333438703066
38100 332.59869183892618594
38200 296.1846290127846828
38300 303.99019731994087579
38400 304.40913540293996675
38500 306.20879736848803532
38600 323.87258475396333779
38700 317.26516124206352742
38800 313.69776173609722036
38900 292.51963883609624872
39000 289.71396257243537775
39100 297.72190497038394597
39200 315.00063016019782935
39300 317.00418146283163878
39400 333.44876043307846203
39500 296.10361859881390956
39600 319.89576071100316312
39700 310.83734678885741687
39800 311.1139670856155135
39900 293.9725142088004759
40000 295.80268105405906454
40100 310.82349083305837212
40200 310.36085541056593229
40300 309.37318788254202673
40400 307.7259303060210982
40500 325.68373367567789956
40600 313.86293834410741965
40700 309.28589536344236421
40800 318.85233621742059995
40900 310.82876717672633049
41000 318.74122264943548544
41100 324.20177117570904102
41200 311.2406472084388156
41300 320.61829401062522038
41400 307.71173108097229942
41500 281.64287756365234827
41600 309.98199555023910534
41700 310.98925517790746653
41800 318.91012341301222932
41900 312.24880979636515121
42000 328.84627039677582161
42100 330.66721365192927351
42200 314.20907570971991163
42300 300.11376733776955916
42400 303.11174243312206045
42500 289.28089234474145997
42600 310.13896344928707549
42700 307.7245445168682636
42800 284.14220785737353481
42900 298.25995678929166388
43000 338.80806529526165605
43100 315.57702581089716887
43200 311.33159071277179919
43300 305.22871342289664653
43400 307.68985626695030078
43500 315.96581939748523382
43600 320.58824598192154554
43700 307.50668998354876749
43800 299.79598939769067556
43900 304.23681550120278416
44000 301.25541243415977988
44100 301.13786209246751469
44200 304.18309353072652357
44300 297.89187047117582097
44400 289.20316729241767462
44500 324.44906860918570146
44600 324.81584738869253215
44700 321.98476968079251037
44800 297.03106654970105183
44900 314.49804759484396754
45000 317.09139199609751358
45100 311.51545852768026634
45200 293.08454441326750839
45300 295.51841989754234419
45400 335.28739188202069954
45500 312.21352529336377302
45600 296.74614090042274483
45700 299.27460959134197083
45800 315.01588862989984818
45900 299.42157068285257537
46000 331.91778670118628725
46100 302.99647988865007164
46200 301.50693795591149637
46300 309.89208056746684861
46400 294.57227660092701171
46500 304.47513168638977277
46600 307.9511547802729865
46700 314.87100816085450106
46800 318.11501848982084084
46900 314.38920296480756633
47000 321.50090183431012747
47100 289.60682490410209766
47200 306.89216307293912678
47300 312.28553806089894351
47400 313.39080820091430724
47500 308.16415902012090555
47600 303.97376489406326527
47700 312.58474683758788615
47800 293.35125567431362015
47900 308.91291596715410606
48000 303.00822340213460393
48100 312.17009268270521716
48200 335.90668782168279449
48300 312.9908709075390334
48400 327.75796058524019827
48500 312.2509137965073478
48600 325.85789790971085722
48700 302.5695518496017371
48800 323.35430513209030323
48900 301.54476807679645844
49000 326.40320075814616985
49100 308.83276025881565374
49200 304.77068576867549154
49300 291.60323851676167806
49400 310.54158273836520721
49500 306.29579493802430079
49600 325.50461038212921494
49700 325.47070118760245805
49800 321.12384345253184392
49900 301.31661061785200673
50000 308.39482780370246928
50100 312.39580204442040667
50200 289.88576882909597998
50300 298.60105914244365977
50400 316.94723290940532934
50500 307.70081271504130882
50600 312.38734187131660747
50700 306.5629674556425357
50800 312.1532252218118515
50900 294.49039803093285173
51000 288.15951162932327634
51100 302.50247313219347234
51200 307.84396030598293237
51300 324.99410483801426608
51400 323.1874280061325635
51500 331.94059978625938356
51600 289.90109180905199082
51700 293.00804053676426975
51800 308.68137641519064118
51900 309.57092875487552419
52000 310.52387598877959363
52100 287.55126677205652186
52200 312.77784831282599498
52300 319.41750928998845893
52400 321.86068742078896321
52500 314.72239705086599315
52600 314.04171421615126292
52700 316.21526296093247765
52800 285.35445443037053792
52900 300.21258810999813704
53000 307.02717412616630099
53100 318.63210424149593791
53200 311.48382315410401588
53300 320.06174897833619752
53400 289.90442402897002694
53500 305.46746008054492449
53600 312.60996992572296449
53700 314.30336488878089085
53800 311.06532269294245907
53900 320.89945403262680657
54000 312.49664971131369384
54100 307.17411585509080396
54200 304.27920054026236585
54300 321.7470717477172002
54400 303.6478374925186472
54500 287.53375232116678717
54600 278.79421409760919914
54700 331.10182964127551486
54800 317.47087101644410723
54900 316.85870535314131757
55000 305.95301485843418732
55100 332.77056463770441042
55200 322.44872317863115541
55300 309.04039523615506369
55400 314.78757125273756401
55500 306.84531421184408373
55600 307.21381572177386943
55700 292.17825356359554689
55800 310.06726170450752988
55900 311.8830476381294261
56000 316.45247423661589892
56100 298.10939147122940085
56200 297.82293271836124404
56300 309.77099951834941294
56400 328.91546753003058257
56500 337.73887372036267607
56600 307.26630545973318931
56700 322.21121278483570904
56800 313.61353988040741569
56900 291.25090150355805463
57000 298.79988099265722212
57100 316.14190133671633021
57200 314.73274396124514851
57300 303.4346567401467496
57400 297.55472425738417996
57500 312.61248596998746052
57600 328.59116528771158983
57700 313.5053646472795208
57800 329.3243249198058038
57900 308.65264439798181684
58000 315.78350093758376715
58100 303.89761256039957971
58200 297.98222001678408333
58300 304.17802927485968212
58400 312.57841707086549832
58500 318.05367997503026345
58600 297.73820563159580388
58700 301.77290924193135879
58800 317.34129016965403025
58900 316.18766533662414986
59000 315.74072265725254738
59100 300.77364512532511753
59200 326.81823916640786365
59300 305.30268896085146935
59400 320.33790427963077718
59500 297.58594381754966207
59600 311.58629041795211378
59700 296.58455124254311386
59800 303.80059180218353276
59900 309.40284881914294601
60000 317.66229107376051388
60100 336.63789701716586933
60200 308.68902939963362542
60300 310.01530850143535645
60400 301.25854591766130852
60500 320.69755278910855623
60600 306.26225767812650247
60700 302.72950153254760153
60800 300.34443747176328543
60900 315.34662568779646108
61000 310.20075054634020262
61100 303.01513088904766846
61200 306.03959406554423595
61300 319.40821265950597763
61400 304.49232329930322294
61500 310.43348602356877564
61600 304.74029396981245554
61700 313.42544059894197517
61800 307.30293015139568524
61900 300.66747007989147278
62000 310.02227174410035104
62100 304.1591381642737133
62200 311.30361683753420721
62300 302.39237495605294725
62400 289.18771400589400855
62500 321.07688173300431345
62600 299.40510878000918638
62700 296.33334731294195308
62800 306.96617831534848619
62900 305.99171057646509553
63000 327.3567393608671523
63100 298.802826712774106
63200 328.55377272657983667
63300 323.53462866350309923
63400 302.46370140526755677
63500 299.25610977943290436
63600 298.10558194005045607
63700 328.12023583627234302
63800 320.06909751379743057
63900 320.91517062377079128
64000 298.29372255875580322
64100 293.96939085444967077
64200 302.8324170338771637
64300 315.42499642532283133
64400 329.06329621152434584
64500 299.58061367253077378
64600 312.71435261098525871
64700 300.75103909722372464
64800 314.2405752104215253
64900 301.41253196992425956
65000 324.68276133933864003
65100 304.12865175197975987
65200 316.09564393929832704
65300 309.66510540701949594
65400 325.09060941925361021
65500 299.22304758244195
65600 324.55149590801124759
65700 312.72362971653342356
65800 314.87744128124649023
65900 298.83865272998150431
66000 320.31183941158741391
66100 317.52226330608323224
66200 304.67721575026564551
66300 302.61879960980337501
66400 321.82460903433837984
66500 302.8483352376956077
66600 313.3528332132068499
66700 327.39437375850030776
66800 331.85483977380476972
66900 325.29416143659517502
67000 312.40816596814772765
67100 318.40836615486995242
67200 313.01527555628211985
67300 316.53561727233380907
67400 301.87936066556869719
67500 305.89715475502714526
67600 315.67134408023559899
67700 321.99573742552956901
67800 299.64399314456670709
67900 319.12059518597629904
68000 301.61051321466084119
68100 316.69994596217935623
68200 312.96840101615265439
68300 310.39737735243812722
68400 319.22211273642972174
68500 320.70387479524521268
68600 304.75354704078057466
68700 299.21743793084920071
68800 307.28410814077642499
68900 313.02372633296124604
69000 290.68058131825728196
69100 289.12962604103631747
69200 299.36740206227608496
69300 316.47301906429458995
69400 293.69805573434751977
69500 319.47557283992910016
69600 300.17823217583043061
69700 321.81090999423270205
69800 304.30512635711392022
69900 318.73699373407646362
70000 294.2429857664273527
70100 310.08244727626981785
70200 307.38621655178195624
70300 292.1055914129942721
70400 297.85419882090360488
70500 326.8228413227418514
70600 294.59891736954426733
70700 307.85907057931018471
70800 313.87492427825145569
70900 330.52560853354458459
71000 309.85674070012140646
71100 315.23533030603681482
71200 313.48945641460119305
71300 314.07854413988860642
71400 319.87183820561818948
71500 317.3133979321025322
71600 319.10887791518524637
71700 304.06014858989760796
71800 305.15849432901603677
71900 301.8958952223522374
72000 316.41852251195621193
72100 316.64896290674647616
72200 337.77863740142106508
72300 317.9711818900372009
72400 312.5038551147095518
72500 296.65516665142723696
72600 298.68761946966986898
72700 296.10415183186796639
72800 302.59186680566619998
72900 321.07198080529315121
73000 300.9679460697294644
73100 291.69807475144222053
73200 318.9249135261459287
73300 309.06385377713644402
73400 310.62680431093593825
73500 305.90419555623117276
73600 311.27678263987934315
73700 304.37499151138911202
73800 322.53794823773188227
73900 311.2434667441974625
74000 301.28249029300059192
74100 302.81402183636953396
74200 311.95038990747025309
74300 304.72143549937072748
74400 297.58728129205582036
74500 316.89757150661711194
74600 308.33712897094403615
74700 305.11527620614964462
74800 324.5212776836645503
74900 320.21456450371636038
75000 314.4953214674294486
75100 312.43861940980798408
75200 307.04044343427767672
75300 319.73688225242824501
75400 317.7772019539669941
75500 309.7366074419522306
75600 312.73824074574781662
75700 311.51319885042653368
75800 298.75716137109566262
75900 318.876905383976748
76000 315.48068760043889824
76100 310.15107022237435785
76200 295.21666182248998211
76300 318.96388440354536442
76400 295.62760484441940889
76500 307.01671109709548091
76600 306.96844453338741232
76700 321.38475340604662733
76800 306.49810393208935011
76900 302.75695504731015717
77000 307.34190564438904403
77100 332.81692608441636594
77200 305.77498079697102185
77300 313.35646233982674858
77400 297.85823599227973091
77500 299.90811941874596869
77600 303.61307935540560266
77700 318.33848650773484223
77800 333.8264240555756146
77900 309.80184121979044676
78000 286.3049755520345343
78100 298.79273415145172521
78200 300.70572423173604193
78300 317.788696459720029
78400 310.04954585704581405
78500 306.52662333178858489
78600 326.49209752701881371
78700 309.25488814267907856
78800 313.52926576624128074
78900 307.37517491494509159
79000 310.68521182931164049
79100 313.72369936250811406
79200 312.88964391833388845
79300 304.66050428237986125
79400 296.19103468327119799
79500 324.81532823199370341
79600 326.76359264556907647
79700 305.27030499928076779
79800 299.41248055527398719
79900 321.15177307426353082
80000 315.20505744166024442
80100 301.03366196554975431
80200 313.82987383170325302
80300 327.62571795632368321
80400 311.23165599335396792
80500 316.21495751188291479
80600 324.10040628741836599
80700 308.39812054837938149
80800 297.18586520218099167
80900 309.63584193148494705
81000 307.63391005727493166
81100 302.93742513591513443
81200 319.07789134810622045
81300 293.16906751316753343
81400 317.87709124212346978
81500 297.41586904565230043
81600 330.15281263251483779
81700 318.62672139666864268
81800 289.45683600604985486
81900 313.19538795333937742
82000 302.11193160473811758
82100 313.96078823542427472
82200 292.07047687066756225
82300 320.08610185137149529
82400 339.99173855602919048
82500 300.86064760247302274
82600 337.45953937684322455
82700 308.31646492527363534
82800 304.06583236861519026
82900 310.01652913279463064
83000 313.25947756469400929
83100 326.12245351275583971
83200 314.00875451261674698
83300 311.78477213995648754
83400 323.11730569108169675
83500 303.89204031792849037
83600 309.45124451108961239
83700 302.45954031462554212
83800 292.1128597444363777
83900 323.70577775545194754
84000 323.67729078449957569
84100 321.40727754582638909
84200 321.0821524281510051
84300 306.6163228653040278
84400 308.76115394346476251
84500 291.4438673795071395
84600 289.50843484767625569
84700 299.22202920910325474
84800 316.99856602566291031
84900 323.01104781360692186
85000 315.41993556543661725
85100 314.61951807419183069
85200 321.61738479093895648
85300 315.51262558518726564
85400 299.80771486667515546
85500 310.27959946229162824
85600 323.05714156436022222
85700 309.89664154573011956
85800 306.7387191366177035
85900 321.65152768656645321
86000 308.34594579804428349
86100 306.09775602038428133
86200 284.7007732601683756
86300 306.26701679987530724
86400 324.34855112473798044
86500 326.51261052674925622
86600 305.9883858279326887
86700 310.32803428889388897
86800 302.73853563651380227
86900 308.90697591485593421
87000 303.51348966746752467
87100 323.10762444015068695
87200 319.83219386696231368
87300 308.86409451805650406
87400 293.56374723612111666
87500 281.64525004732979596
87600 306.88680951843122102
87700 323.0715817605384359
87800 317.04247023248763071
87900 311.54424295573551262
88000 322.77480761380024887
88100 299.53832081507351859
88200 303.88035990514850937
88300 288.82808064979440132
88400 314.97565715501315253
88500 315.19079444408492918
88600 308.29662028676062846
88700 300.50089055600727761
88800 297.3060337707561871
88900 316.83868635933470159
89000 305.54524967127451873
89100 309.46436039764427051
89200 322.68252797427129508
89300 292.57682019503641868
89400 309.54075155409833542
89500 312.9913148524418034
89600 306.73593583322457334
89700 312.36842911601792139
89800 323.50116274149064566
89900 310.56750515967416959
90000 328.62533561967615015
90100 308.95406201781446498
90200 305.35468402915302022
90300 300.48717839404321239
90400 327.94282734979401539
90500 324.87165705705245955
90600 316.60077672080871025
90700 301.31020807950915241
90800 315.15982363981248682
90900 308.93956593179848369
91000 315.82975505209492439
91100 296.12514598522028564
91200 316.8096603431620224
91300 310.09809881743842652
91400 303.42030528722301597
91500 292.57127629060835261
91600 325.34161432106930079
91700 331.22357561829505812
91800 321.43985297122509337
91900 320.20577834917230575
92000 313.44511628172597284
92100 292.2289154616291853
92200 320.31760443641934444
92300 312.46720934518748436
92400 315.99996808045955277
92500 318.89226712361818272
92600 300.65273420510737878
92700 300.79641046724896114
92800 299.56487041425089046
92900 312.56485502943030497
93000 306.58074138636192174
93100 315.5922525896567663
93200 310.54210855169657179
93300 320.61112770001926719
93400 325.42468027427048582
93500 308.27602141278930503
93600 310.09145408163936963
93700 307.79555912636141102
93800 320.51305714090722176
93900 284.78784238493852854
94000 295.36515760081493909
94100 306.6982929450687152
94200 300.44098932432910942
94300 323.82340876506555105
94400 320.99441268131619154
94500 316.9514661384408214
94600 318.02901879592360501
94700 302.50034639284518789
94800 304.04538525711876673
94900 301.33446239257369825
95000 329.61384572024570616
95100 299.25922169269824735
95200 307.13568771418601955
95300 306.71620157750783164
95400 299.47954007518694652
95500 303.87501066553443252
95600 305.55394886693540002
95700 309.82916287673054967
95800 309.0812789705929049
95900 313.2167349828788474
96000 322.85344326075818344
96100 328.3574300065075704
96200 319.68714720803126283
96300 295.06484304067890889
96400 295.54597735269015857
96500 299.81766664416181811
96600 302.71877609719877
96700 288.01157064865225266
96800 319.89570430833202863
96900 321.73694601020082473
97000 334.34343818034096785
97100 303.82955488865775351
97200 308.35560544351568524
97300 319.42936688230417985
97400 318.21250272448520491
97500 302.24904693971859615
97600 295.25230627727665933
97700 293.43496472840485012
97800 307.17688094501767182
97900 303.9894747617308326
98000 307.23384010266079258
98100 299.96240964159881059
98200 308.57268115673701914
98300 304.51913325131897636
98400 312.13107117158455139
98500 317.91609094605166774
98600 336.4799551597690197
98700 308.01360135128675211
98800 304.06415857821656346
98900 317.08996928639606949
99000 299.7677638091770973
99100 285.60679201920316927
99200 306.27187401652861354
99300 303.14753409429653175
99400 315.3653763288083951
99500 313.83700077197812561
99600 309.07634310769316244
99700 332.60352889518662778
99800 307.40834872450398052
99900 304.03662631040594988
100000 303.38200858020468331
