# Fix print output for fix printTemp
0 310
100 273.69936414429923843
200 313.40472575621464557
300 288.72160516802648544
400 320.03490934957540048
500 295.67867707067887295
600 320.11200128884149763
700 314.98627286328047603
800 310.50756689685209722
900 314.07932668984955171
1000 339.15132114169495026
1100 303.58198607667497981
1200 379.77441270642088966
1300 285.50589750935728262
1400 347.67567558496938318
1500 313.87448283148648898
1600 308.76548830149954483
1700 300.91765861725639297
1800 319.55268505254377942
1900 325.52534047118808758
2000 284.10240122113884809
2100 311.96599328506192705
2200 307.74837519645626571
2300 298.2964068326468805
2400 341.55490807962075905
2500 318.00829655236526605
2600 320.80475939431653387
2700 326.83006238508392016
2800 325.04955708896125088
2900 322.87702393273320922
3000 297.50852119601705681
3100 292.77397118944725207
3200 286.30397970155360099
3300 326.32326754797662716
3400 322.51553619802558615
3500 289.85772664504958129
3600 301.57163410477170373
3700 311.13888570658008348
3800 308.02626811599219536
3900 333.2749810273106732
4000 313.77189609097331413
4100 290.37932724350821445
4200 250.56748598247742166
4300 316.11765020924491409
4400 278.59191329024855577
4500 314.45605540343836992
4600 324.49514908081590647
4700 299.86883920445359308
4800 281.26372623439664267
4900 306.57211170224275065
5000 285.43197970052716528
5100 336.20642197355817871
5200 303.70973919324006829
5300 293.35628943471544972
5400 319.40850153517084209
5500 293.2079662013030088
5600 305.67766203613689413
5700 307.35411841802755362
5800 307.40384035042421829
5900 290.92108752544424988
6000 301.3509447636830032
6100 311.21224911040400229
6200 298.73463825021860885
6300 279.92904333347496504
6400 324.21570731656254338
6500 299.02909462031283283
6600 308.58881169800861244
6700 285.39821440878222347
6800 324.30382433834722633
6900 283.05415340128433854
7000 319.810299578815318
7100 279.50247163367203029
7200 329.56594847676421978
7300 302.37532389600170291
7400 319.7296930728435882
7500 289.90577966039774083
7600 300.65458473720622123
7700 321.21243021776217574
7800 309.39026643549146911
7900 286.35351933859641349
8000 296.38444470991953494
8100 315.82975388326985922
8200 301.33080095981466684
8300 307.7513494429742309
8400 321.95964388824410207
8500 310.58010904478499015
8600 315.66299811929008001
8700 322.39124013249619338
8800 330.4992817520966355
8900 287.50771420227090402
9000 318.39663274209203792
9100 276.24179733829055294
9200 316.72034425594131335
9300 308.33881229093509546
9400 321.40551321053840184
9500 321.28132090106089436
9600 311.13308498116987266
9700 316.04454564127786398
9800 284.97977815116257716
9900 313.75452398200962989
10000 306.71378373465518052
