# Fix print output for fix printTemp
0 309.99999999999994316
100 272.11643153805601969
200 315.40666755079848826
300 291.01172639929859542
400 323.97404522493548029
500 293.53225372673750826
600 323.063973155659653
700 317.09790192631209038
800 311.35443177003207893
900 314.56692072777991598
1000 335.69793331157057992
1100 307.93504794147634129
1200 383.13207335862534819
1300 288.7864515281421518
1400 348.78597382616544564
1500 314.57030817545603441
1600 309.83059550145839012
1700 300.55470776116868592
1800 318.11275243452337236
1900 322.00772685125104999
2000 287.74388310076841435
2100 313.9116231601481104
2200 307.37330115602117075
2300 305.23090813460629533
2400 329.73151190364745844
2500 315.77054506882228679
2600 313.35316725309320418
2700 306.38289300778461666
2800 330.01242276621218252
2900 318.21232342493141232
3000 309.56870558840591912
3100 289.46182385121983316
3200 286.39392642398286171
3300 325.71758858588441399
3400 324.08224507979298323
3500 285.51861782911464616
3600 296.27766559045909389
3700 321.12107912000169563
3800 312.96682992342158514
3900 330.9706563822054477
4000 320.30353543967709129
4100 302.89865509931701126
4200 260.01243415868236752
4300 313.52023233684735715
4400 286.64822271504664286
4500 322.16122335595457571
4600 330.12559746086407131
4700 306.26248171090708183
4800 288.72300775751324409
4900 298.40424979479035983
5000 275.93644488744416776
5100 333.3370697104587066
5200 295.37152488484861124
5300 301.43586502814707728
5400 313.86621232565795481
5500 294.87145048979152762
5600 302.1054600726133117
5700 301.24398507401917868
5800 315.60352302403191516
5900 297.68988659458483426
6000 302.9105256207704997
6100 305.69489161324059978
6200 301.55998195220360003
6300 282.37319745700796148
6400 316.95362910501376064
6500 295.06158763178547133
6600 311.90591324294553033
6700 300.72778431480190875
6800 330.11539330579051921
6900 279.51526001894035289
7000 316.56455819087017289
7100 278.06264543473446338
7200 303.33532589344616781
7300 316.17503343380144543
7400 311.88866290804918435
7500 302.78037950664349864
7600 309.28867177063972349
7700 320.36099105585810776
7800 312.15635890581989997
7900 293.32214031493799666
8000 280.91771588690062345
8100 317.55978221480677348
8200 302.88299321089061777
8300 320.76018823859493523
8400 330.22221538704832255
8500 315.95094203259719734
8600 317.09088599097162842
8700 303.33047293630073682
8800 323.7799352551701304
8900 305.51657739544873493
9000 312.9727292511614678
9100 293.97616434452925205
9200 300.91629438901821914
9300 327.34900037806187356
9400 312.05826258525740968
9500 321.99358423628655146
9600 299.22910386159765039
9700 310.24481295094977895
9800 306.09531088339235794
9900 324.58046101965635444
10000 308.97259757987791318
