# Fix print output for fix printTemp
0 310.00000000000017053
100 274.06014898613460673
200 315.88253663483220635
300 289.22350181386400436
400 322.88297861112801002
500 292.0313500891336389
600 323.7021983262400795
700 319.27026428471430108
800 315.37523571446746473
900 311.84262961497955757
1000 337.22225983727065568
1100 311.93412050995658547
1200 383.04541823318913885
1300 292.05506840838535254
1400 353.33162774366707026
1500 314.36045999965318742
1600 310.01960740419207241
1700 300.25825739551186189
1800 316.73809104528629632
1900 310.55737646576642419
2000 298.7462494380876592
2100 303.47099900086902835
2200 306.54820774001188965
2300 299.72047336603981194
2400 327.46664946105755689
2500 319.26540500101452835
2600 309.90963127479028572
2700 311.66905089344516
2800 321.43992841813445693
2900 317.36736372561449571
3000 297.70109198881397106
3100 288.91493449658202053
3200 291.89425431074516837
3300 320.61340964531115105
3400 322.76821052359645137
3500 288.78628605900388493
3600 292.26431925854649307
3700 325.82575585280795849
3800 315.71547204393215225
3900 344.53547235991345588
4000 316.05394215467794083
4100 313.03638526061280345
4200 268.18205297993813474
4300 301.7566753074229382
4400 297.36850433525728477
4500 327.06324669118214388
4600 322.35650935397359262
4700 311.92867072434307829
4800 293.89748125229937159
4900 304.97300824090280003
5000 285.62165073758473
5100 332.95595148364702709
5200 318.07663761776791489
5300 300.5619646099290776
5400 304.39056441687279175
5500 302.35001479927802848
5600 299.45278384478865519
5700 290.3333660441523989
5800 307.3421514342716705
5900 313.71910202460929895
6000 311.1649814103608378
6100 307.17958833974535082
6200 302.46487434523538695
6300 283.82872767415807402
6400 319.80893316479563282
6500 295.46339710647987431
6600 344.67800252903430192
6700 314.98664835941104911
6800 312.56786528547394255
6900 281.1478530365941424
7000 311.10766738468231551
7100 289.07763906472757753
7200 309.27530755626111159
7300 320.01276742927717578
7400 317.40345968551770284
7500 300.21451315151563222
7600 306.54184822862481496
7700 318.65025202796857684
7800 313.15535119278416687
7900 309.91197338604195011
8000 282.70827129154281465
8100 322.01227083494455883
8200 295.57952955793052752
8300 306.65702157807828598
8400 357.59987041675066166
8500 325.48579442974016729
8600 316.4434940600989421
8700 288.56049897332508181
8800 324.84439392344557973
8900 302.87133372285933319
9000 302.32735329268217583
9100 303.13737788033336074
9200 307.15156031348334409
9300 333.00761205853547153
9400 305.0714185125625022
9500 326.66618022673208088
9600 303.11551468059582248
9700 314.34636784958490807
9800 310.55825566326251419
9900 326.40818759243796876
10000 301.85046945836995747
10100 302.97442859535215121
10200 310.78145334691350854
10300 333.54328250545415813
10400 295.63999646933655185
10500 306.26232362958302247
10600 306.41960194245797311
10700 318.4665962012621776
10800 285.02424157470017008
10900 314.98589602463931669
11000 318.25041512655377574
11100 311.86154648217916474
11200 326.52052136574150154
11300 314.56518579718056117
11400 293.1834220723155795
11500 298.21455846171858184
11600 277.4772325902260377
11700 323.14716393299215724
11800 305.89609704470285578
11900 304.15880168172037656
12000 319.92271923788877075
12100 312.87280634861610906
12200 302.79486129522234705
12300 309.81707691648995251
12400 318.25831390998325787
12500 293.54368486169471453
12600 280.82761301052903491
12700 307.68442291150768142
12800 292.47230143915101053
12900 311.58028440396390124
13000 311.69080571127034318
13100 313.11997209325056701
13200 311.28998922376194969
13300 305.07080334360949792
13400 320.99226605860013706
13500 312.07401547160782229
13600 291.74657789227109106
13700 310.42217260372353849
13800 298.54311032774774048
13900 302.82327006138660863
14000 288.30218089138486448
14100 322.08033735071262527
14200 297.85370512625382844
14300 310.60243970170455441
14400 313.35751761593803622
14500 321.35142512613424515
14600 312.69818043558882437
14700 298.07213586628984103
14800 321.86471379925148995
14900 303.45536714659232302
15000 313.83927801641681299
15100 308.13483989541754227
15200 306.34066784111945481
15300 289.07564047308790123
15400 284.65526737306811356
15500 313.38293072627203628
15600 296.51896135955428235
15700 298.34963365179191896
15800 310.17197492337487574
15900 304.47135594931086189
16000 301.90111837030912056
16100 308.47517063265394199
16200 297.42971625826487525
16300 303.24178637425472971
16400 315.66607706546193413
16500 307.96379662604186933
16600 296.67428544474745422
16700 291.70551743338648976
16800 319.62029489653917835
16900 308.78044325011097726
17000 308.28465189737710261
17100 306.4358541904683193
17200 303.71057931948479336
17300 296.70963089093561393
17400 299.85036743760639411
17500 302.80845777083982284
17600 309.69412525766847466
17700 313.14815139173657599
17800 313.5308751588070777
17900 318.52097517904496726
18000 316.13281287503662043
18100 294.42450549705017693
18200 282.20167647109821019
18300 301.8141065020078031
18400 294.91319058849899193
18500 323.3262895486317916
18600 327.64379882841797098
18700 302.37262879160931561
18800 292.68742452807094878
18900 328.45671066815526729
19000 303.59559565043895191
19100 299.57094953553365713
19200 303.16414580036888538
19300 318.45511737900687876
19400 318.35760516106250861
19500 287.18086006201411919
19600 300.15690129746332104
19700 309.34368133687411273
19800 319.7455782924370169
19900 295.07621359939628292
20000 289.46522236686035967
20100 317.95943030246849048
20200 303.47246916425569907
20300 312.25622142118936608
20400 328.83367382248900412
20500 341.98111674768654211
20600 296.21944628054330906
20700 313.11268597366705535
20800 280.72689927680397659
20900 316.79036491904662398
21000 301.15778695672042886
21100 311.51946559790479796
21200 323.045436427802656
21300 302.31701137750371799
21400 315.2412514641486041
21500 340.83709094856089905
21600 313.10809118673745388
21700 347.55915753746836572
21800 314.97364180518673038
21900 320.74381419054634534
22000 293.41370409060624524
22100 284.70808191726803216
22200 299.51473001604085766
22300 324.70307675172057316
22400 304.73232045832912718
22500 299.3178668021415092
22600 294.3271083208888399
22700 330.42554224904972671
22800 324.1820715099910899
22900 313.3269705329140038
23000 336.02304755879299591
23100 336.26146469539924055
23200 318.24917936917972838
23300 299.07391598941563871
23400 309.74160184661735684
23500 278.03891559682546131
23600 303.1072776106984179
23700 303.53262219238615671
23800 315.29727022878711296
23900 324.3960845675821929
24000 304.18684375401676334
24100 314.57275287891633297
24200 304.8851559163949787
24300 348.17595219737893331
24400 328.83934753400876616
24500 324.19366323909565608
24600 308.51445499390746363
24700 290.43620841005861166
24800 307.62258509737353052
24900 305.63845111455594861
25000 288.61017646497771239
25100 303.32494260329804092
25200 318.90359898754195456
25300 309.92285494946207791
25400 310.43763879327633504
25500 315.61329844060276173
25600 339.53885126474068556
25700 314.91507697459712745
25800 311.32971465936736877
25900 287.36130449759491512
26000 323.00517882185869212
26100 302.85582647845836846
26200 314.73766559298491075
26300 330.08164375906937948
26400 312.01539172077372086
26500 309.55118705568582982
26600 300.1231708248170662
26700 315.32430539637175571
26800 320.5167409821828528
26900 303.15206394660333444
27000 329.89083822809783442
27100 323.21749328027306092
27200 311.43571911657818418
27300 324.38214037757086317
27400 301.09921677488438263
27500 330.15480563450427098
27600 283.98624390524901173
27700 324.85268893216084507
27800 321.91470091907154938
27900 306.39212335577991553
28000 305.75569041909324142
28100 318.67868701824937716
28200 330.54529404586236296
28300 310.22070468537634724
28400 317.38941437392219314
28500 320.65423702813757245
28600 300.84158433552318002
28700 308.46784530353835407
28800 328.58218330669751595
28900 327.23054242170218231
29000 319.20244585634452505
29100 311.50766282586039324
29200 318.43478737851467031
29300 309.28337577288903049
29400 313.06060642385114079
29500 313.79994276996796998
29600 304.88325077222754089
29700 325.1432561387477449
29800 292.66425494348504799
29900 319.56908321768264614
30000 300.58520235011428667
30100 295.86581591332969765
30200 312.33276812789983978
30300 316.19201912414700928
30400 301.73044118971557737
30500 294.64971094324465639
30600 307.34171247895454826
30700 311.26870480599484381
30800 289.76460033619650858
30900 316.70626003412655791
31000 303.45838005889709166
31100 315.31691688503741489
31200 291.48653313749980498
31300 301.73957074358042973
31400 320.03694892953637918
31500 311.20572296849394434
31600 323.87874059035658547
31700 299.66107096333604431
31800 316.4407384505153118
31900 288.29657560399482463
32000 307.27221643084948255
32100 293.84440322079353791
32200 330.45132081749574127
32300 302.00967426890991874
32400 308.13737076224788325
32500 290.61770665184894824
32600 325.75167759578931737
32700 307.15708594735752968
32800 312.39254229913467498
32900 315.80861987357440057
33000 302.64774773259784979
33100 278.1330634967244464
33200 298.79725321731979193
33300 321.08638363792567816
33400 321.05349748269293286
33500 307.51712215134716644
33600 321.27518700405130403
33700 310.38272995859824732
33800 314.93516529682790406
33900 304.56459103823823398
34000 329.42603137640173827
34100 300.20210648747161031
34200 302.56733619110099198
34300 291.0369927806058854
34400 319.94357934508514063
34500 288.0667753267798048
34600 312.60082905014610333
34700 319.72119494405961859
34800 324.55084863866755995
34900 313.8245964825766805
35000 327.33960058956137118
35100 324.44871566375854854
35200 291.03526986212790462
35300 280.27970878123949205
35400 313.14641091454302568
35500 324.84388427021372081
35600 319.00134167726707801
35700 296.02898237001414827
35800 290.32804925536873952
35900 311.60079559186021925
36000 315.21540768959761181
36100 312.32473763672294353
36200 317.52440836539631164
36300 326.37265853192292298
36400 302.06984464606136953
36500 308.84291501893329723
36600 311.98173183498215622
36700 321.3606846195564799
36800 306.04915620765740414
36900 293.28659164259829595
37000 280.45911268069971811
37100 288.88529459004877253
37200 327.73676864764206584
37300 340.61669314488813143
37400 320.19551665408295094
37500 316.13234821188370915
37600 316.97206851520331838
37700 306.58590761556757798
37800 311.94461509706661673
37900 318.89291091674891732
38000 329.38658975529693862
38100 309.10604059413549294
38200 302.92689226878826503
38300 292.32034111007072852
38400 319.28829241158030072
38500 299.5488726897828542
38600 295.06120418554996832
38700 308.60157642343307316
38800 328.79046168652246251
38900 299.38176723970207149
39000 326.62799159741763333
39100 315.43079145570641231
39200 306.86819069780625568
39300 307.6673419261940694
39400 338.33140349326464502
39500 308.47104582311158083
39600 307.68964921827944181
39700 291.17811876732025667
39800 298.78480576866803631
39900 303.38622582484032364
40000 314.93420443091315519
40100 321.2419295861690216
40200 319.68780934697542762
40300 298.76391272761111395
40400 307.41653609753996079
40500 308.53536329379289782
40600 309.04581869882593992
40700 315.51519080512628079
40800 327.41777196642055969
40900 303.21201480783287252
41000 294.238499909669315
41100 312.56649342365147959
41200 333.86055845314712087
41300 302.25152772019737313
41400 305.78704010886741571
41500 303.99810819254207672
41600 302.85194725247612269
41700 300.2982090012017693
41800 310.35709374100127889
41900 320.15743257516237463
42000 298.89039021837027121
42100 314.30676187902804486
42200 312.62463922598237787
42300 324.3834946698388535
42400 327.42621972341163428
42500 299.74272331307673767
42600 306.1358928115097342
42700 317.07412330779305876
42800 316.09084227981566073
42900 307.32556142929036014
43000 302.93018101123374208
43100 301.38811042437333754
43200 312.9952802846709119
43300 314.75227849665094482
43400 298.54148438676764954
43500 308.65253397824432113
43600 307.00552588405605547
43700 292.90303418017083459
43800 292.70329967006199468
43900 301.36916131902057714
44000 320.49461507313668562
44100 304.94655839755404259
44200 296.66817088909954236
44300 306.00975979559939333
44400 292.06630792972566724
44500 313.30749464717791852
44600 311.2897289202818456
44700 299.93222240479281027
44800 329.73137402718265321
44900 310.46887481553420685
45000 304.75458192720134321
45100 288.26597593861657742
45200 307.61030767028768196
45300 295.38086651112132586
45400 284.95628857494432395
45500 291.1749507246287294
45600 315.83734894865938259
45700 329.04780060558829291
45800 315.534631133502387
45900 330.25813005755992435
46000 321.98556685667284682
46100 321.10180221287691893
46200 295.29873574100088263
46300 294.55233486400828724
46400 309.43363756644390605
46500 291.02172876007000468
46600 299.32407934629276269
46700 333.32648160706060025
46800 311.92481348413366504
46900 299.84080191059911158
47000 319.63624171484900671
47100 287.54618391650706144
47200 318.05568441525366552
47300 328.44015809983039844
47400 333.55312726511402843
47500 309.73214800753038389
47600 312.03812042354081768
47700 315.15061328115655215
47800 320.56956440620206195
47900 304.06125822319586405
48000 301.73460445347501491
48100 302.74053520458613775
48200 303.62007900362817736
48300 308.30461067622672999
48400 340.21122258893160506
48500 333.47983375868693656
48600 315.62251730178763864
48700 309.5954000006993283
48800 331.5010215424426292
48900 324.67853355904463797
49000 299.838000092530649
49100 312.3845696071674638
49200 291.44957704968174994
49300 318.40263224958260935
49400 304.09797323832162874
49500 303.58436497686761868
49600 319.65572250148977673
49700 321.48560639220090707
49800 317.47611162976374999
49900 301.92636557075650217
50000 325.1696937292422831
50100 315.07919477812293962
50200 314.28096880005267622
50300 302.29129812261237475
50400 324.41808292216649079
50500 307.23343100916270032
50600 306.27284559741548264
50700 312.45991998694950098
50800 303.53784918594584497
50900 311.21959998109912249
51000 287.06008515840420614
51100 316.40528408391628545
51200 324.29800852228453323
51300 314.24798992917845908
51400 306.76026310253081419
51500 302.60373410218386425
51600 293.9431186841694057
51700 293.69241861752715295
51800 313.8852117895766014
51900 300.54021578048883612
52000 308.86458426898548169
52100 324.82022709850156161
52200 334.14729727927658587
52300 303.12935362966140929
52400 316.83938579378377653
52500 332.19797892921718585
52600 311.80036658077489164
52700 302.86001582847944746
52800 282.20862087885802794
52900 320.78206312551367319
53000 300.29652947510447802
53100 308.32497705794429521
53200 292.9277349853183523
53300 320.0163717510174024
53400 319.05032938583070745
53500 316.6067912137385747
53600 309.88597962812582409
53700 303.84976816030541613
53800 311.15784021847525764
53900 302.17709163684116902
54000 321.6380232967017605
54100 311.29445187714111398
54200 303.37156189695315334
54300 301.28563394734050007
54400 304.84904437019770285
54500 314.42487435172040477
54600 304.23044192673955877
54700 304.51139329893373997
54800 299.935773417246196
54900 302.91039732653996452
55000 309.72817177643923969
55100 311.0824036154894543
55200 317.65649720000186562
55300 312.97970494760136262
55400 308.28154546301084338
55500 308.15252736818223411
55600 284.28771759271643305
55700 310.436597878732357
55800 320.25302860263087723
55900 327.64083374550813232
56000 298.43221455266018438
56100 301.31459942280508812
56200 319.23935091088264926
56300 294.43858730014773073
56400 294.1071891956150921
56500 329.52299157510884697
56600 322.35208008359080623
56700 342.90921747334942893
56800 294.88633379725706618
56900 302.65791509972655149
57000 305.19941014625783282
57100 315.69341212517838358
57200 302.85749584176437565
57300 294.5094320337739191
57400 312.4410947251535049
57500 300.15522880885271206
57600 307.75053103822182266
57700 323.09648682999784342
57800 340.41825173722889986
57900 326.69922380086865132
58000 310.81260494611848344
58100 306.15511843604343767
58200 307.72822455178413747
58300 293.14225321707965577
58400 297.73222751882292414
58500 315.47346053581611613
58600 325.62358065367521931
58700 312.08024895068160731
58800 297.8740923776547902
58900 316.74780373807448086
59000 313.55513376989728158
59100 321.88335828926773274
59200 322.64426105852891169
59300 308.48524841087754567
59400 303.24784534864051011
59500 336.1196024382246037
59600 304.0870363232066893
59700 317.65034901364759889
59800 299.1074364396023384
59900 305.51784698040194144
60000 293.98307352329135256
60100 297.12040869338068205
60200 306.49741552338736028
60300 314.29761866506777324
60400 330.85256945567039111
60500 320.16474000127368527
60600 316.83578488345438018
60700 306.35373930512298557
60800 293.46266601572756372
60900 295.37543700468722818
61000 322.69664868056025853
61100 317.06608369235198097
61200 307.01097569044355851
61300 302.92482484834914658
61400 305.7945266235247459
61500 298.9271276750221773
61600 297.90648201241572224
61700 324.40254242285351438
61800 310.64181542123378676
61900 318.96541618068727075
62000 301.33210339754458573
62100 318.10115049381084873
62200 293.14520032036153907
62300 305.64890150185271978
62400 312.13449416815672066
62500 320.61587677984255151
62600 311.56352333642666963
62700 288.73255909250212881
62800 293.53135418329696904
62900 308.16367491264117007
63000 312.58224573682815617
63100 298.78054925880894643
63200 317.1056970461619926
63300 322.0008131403991456
63400 322.83443479482326666
63500 310.70030428783985599
63600 303.11441734637963918
63700 310.68378569522474208
63800 318.31160840554480274
63900 306.11904947173655955
64000 301.03162459490260972
64100 298.90052200577724761
64200 315.97032642280265691
64300 308.44092106445009449
64400 335.44212091631368367
64500 310.54210894013624511
64600 316.07931469301672678
64700 288.67101542151561944
64800 320.34032641523384655
64900 307.05814548530946695
65000 312.73743739072375547
65100 307.85677648694451136
65200 319.27596225674011521
65300 323.06699005978254036
65400 315.09317130422505215
65500 304.08724525322895715
65600 290.29990982493859519
65700 312.51199545839051552
65800 304.6791826337126281
65900 312.20469288601776725
66000 302.98479864346057866
66100 316.0578529188057928
66200 327.51081963384348228
66300 314.38219670615086443
66400 306.87634078491282708
66500 306.81314870083758706
66600 300.19426256759334137
66700 302.86369142663045295
66800 304.29847790743542646
66900 312.5562303165894491
67000 335.06346727394367235
67100 310.36832382953656406
67200 325.10672534704423242
67300 299.15455167140987669
67400 303.70988796680126143
67500 318.54354444075454467
67600 297.66925128107908449
67700 327.30232945525074228
67800 320.02018485186169983
67900 327.20342184252132256
68000 300.76236381329408687
68100 289.3845741799872826
68200 312.64970611179148818
68300 308.53396823591538123
68400 305.56590915356275673
68500 298.05538044143509069
68600 326.43628956874340474
68700 315.45311546326655616
68800 314.07453624355986221
68900 335.94189548393279665
69000 321.71130073767125168
69100 321.47882016153698714
69200 293.40367446629494452
69300 295.47850339693138721
69400 300.32335384834112801
69500 303.62198201939321507
69600 309.83185688471110097
69700 307.71457341651284878
69800 328.34820667748567757
69900 315.10831926538884318
70000 305.86470605254589827
70100 314.03446199815920181
70200 312.96411543582900094
70300 306.7280673854315296
70400 315.94944451812443731
70500 307.78014423167564928
70600 304.93983403912034191
70700 301.33282676250394161
70800 314.07410040242325522
70900 280.08878536436134254
71000 305.0091979663843631
71100 310.83020280376223354
71200 299.46816682389220432
71300 291.07368533661656329
71400 312.03428183472215096
71500 309.59859169628396103
71600 316.18297666710475369
71700 307.5094495807658177
71800 303.70018922181253629
71900 307.06472834202526201
72000 298.4066871279844122
72100 296.07881326582622705
72200 296.26345907454810913
72300 327.45922875759185899
72400 296.26481139710961088
72500 305.36925714716250013
72600 300.94785634749109704
72700 319.80805659122466977
72800 298.53986266000862315
72900 313.326741799690069
73000 323.40221363679557953
73100 297.31370247186339384
73200 295.81663534598044407
73300 297.92417209152068835
73400 315.10919068645500829
73500 318.34381439855155804
73600 294.27408410799768035
73700 298.99828123144692427
73800 317.1082488940832036
73900 319.34593633707089566
74000 301.31970150778016659
74100 298.53568753122675616
74200 307.61654694985577407
74300 321.70179753753046725
74400 316.91899341171176729
74500 315.44986163122570133
74600 306.9399216943759825
74700 321.32890402139088337
74800 306.2682221104177529
74900 300.70780290321687289
75000 306.91741991251763011
75100 321.82968824669677588
75200 327.9171749819107049
75300 296.06903561626182864
75400 318.37081733640297898
75500 323.13502471969991348
75600 335.22039697600445152
75700 335.99546166746080189
75800 299.87079432183543304
75900 311.24548325834985008
76000 312.78244014558077879
76100 304.39873501162071534
76200 296.79879795836654921
76300 319.55043267541566365
76400 335.61858737037510991
76500 302.73077254149177406
76600 302.86027036568646054
76700 312.33319695095246971
76800 331.04107617986693413
76900 296.10307560508806546
77000 307.83044096296742964
77100 314.334104966653058
77200 323.65999865597348162
77300 320.04518358149152846
77400 323.57785905599439502
77500 297.57769649475858387
77600 310.92926755680514361
77700 299.40989189658046143
77800 303.52509205080332322
77900 288.24539385430051652
78000 314.42369760223954245
78100 315.47597080696823468
78200 330.15178359887738679
78300 308.14870756992536371
78400 313.49821792153295519
78500 323.41945536879018164
78600 319.51792376012036812
78700 274.16678078208661873
78800 302.67957369279224622
78900 309.23511139046331664
79000 320.41273076751349436
79100 294.69169299963084541
79200 317.35097079106213869
79300 301.92433180528701087
79400 303.83039583857629395
79500 314.3060853553704419
79600 313.84488573225360142
79700 311.29828937804370526
79800 311.85963805334819199
79900 305.53816178937893255
80000 324.85998600570604822
80100 302.74815941550230036
80200 317.01209338716006414
80300 307.46805157438780043
80400 319.07769109463430368
80500 292.85382713651773656
80600 326.141588262964774
80700 314.18950201160311053
80800 321.0914636836806153
80900 309.92519853878508229
81000 307.9588357307487172
81100 310.31290027500978113
81200 312.65489623596278079
81300 312.6706314931225279
81400 292.07402187084090883
81500 305.44406327292824699
81600 299.61460210437979867
81700 306.32990451880738192
81800 313.9781225492545218
81900 308.78035181298372436
82000 317.17627468345250463
82100 300.044600880178848
82200 317.58770271636251437
82300 321.37361685385508281
82400 319.87823381040192317
82500 299.61933690946483466
82600 295.63953488001186543
82700 294.14010491938353198
82800 307.77558373802190772
82900 300.84144541502189441
83000 308.68816235978607665
83100 305.71692505573656717
83200 332.42543205087270053
83300 318.99471217837583481
83400 327.5938091995050172
83500 317.18369640943370769
83600 317.16389322577492749
83700 314.32774092980866953
83800 312.41038045845141369
83900 293.31139371706183283
84000 318.70994721754220791
84100 296.54490926946289164
84200 305.78368513953296315
84300 278.04833905770550473
84400 314.61646267180879022
84500 302.99845038760804528
84600 308.0517786872508168
84700 325.64400809330220454
84800 326.17877909154435656
84900 321.0966327858922682
85000 312.90815297325013944
85100 318.69961103067299746
85200 303.09220311428509831
85300 304.07402076229658405
85400 304.22405193010212088
85500 295.28989941713035705
85600 308.13931884221312885
85700 307.2342899852282585
85800 320.64815885786259742
85900 311.30986841949493282
86000 318.19036695194677122
86100 312.38002875533561564
86200 329.38297536181329406
86300 316.93601153579976426
86400 313.61286172480561163
86500 289.81377070120521466
86600 308.2131718299128238
86700 316.93056430481510688
86800 317.7499305379614043
86900 315.81917538934692402
87000 315.92288632346446775
87100 300.90926660818411165
87200 303.75683631327365219
87300 335.93480293810563353
87400 331.82854518998618687
87500 314.49159015064390132
87600 307.6171613893355925
87700 312.45789926848948426
87800 310.11695500494494127
87900 304.58515364309153028
88000 293.15274187556815377
88100 316.09472336418559735
88200 302.91594999456987125
88300 318.76249319333260246
88400 306.49501002747490475
88500 312.30252507204789936
88600 310.0614683962971867
88700 303.87970039056818905
88800 300.58550250131946768
88900 306.43314085687080706
89000 288.71275094724438759
89100 320.01131574325552265
89200 303.07811264615725122
89300 307.64954139734345517
89400 306.38949676636298136
89500 323.22898231456372287
89600 317.75055731668436465
89700 302.01748565637961974
89800 301.6216912423860208
89900 314.45476875720555654
90000 313.66994880190526374
90100 311.74677665656815861
90200 318.44260407108271238
90300 315.90402064812388971
90400 299.98786065819092528
90500 300.81344840455665235
90600 304.27848630651772055
90700 320.21425816917474094
90800 318.66142655460765809
90900 310.6091604885393167
91000 304.43010724326637728
91100 279.57720271804345202
91200 295.51097708640099881
91300 311.79608023428022534
91400 315.59048245991886006
91500 329.65518921257120155
91600 293.53296020037731751
91700 324.70611904190326413
91800 293.54691021077042024
91900 296.45889453515252399
92000 317.04046404641928802
92100 320.90884076618954168
92200 307.89181073877807648
92300 306.8897613124157715
92400 304.13007399880575576
92500 304.05292861671927085
92600 316.86956445943746985
92700 303.23416304291833967
92800 313.43994796580392403
92900 296.32237622816307976
93000 322.40810725712509566
93100 306.15610033798679979
93200 314.53010037024137091
93300 303.91491445089138779
93400 331.04021131329852778
93500 312.28592059105568524
93600 309.90830438251134638
93700 313.29593707696130878
93800 305.31097910991701383
93900 312.71400755786277159
94000 306.96446448479332503
94100 309.99261349193000115
94200 290.85654150515904348
94300 302.99366904755493124
94400 309.66344151702315912
94500 312.95756222314020079
94600 317.99187036856432087
94700 325.13406932236040348
94800 309.66983342242872368
94900 301.81893342445727058
95000 318.24028799745025253
95100 312.64473526850036933
95200 319.63992536529434574
95300 318.62901198625809229
95400 315.50811243235744996
95500 295.88575103914541842
95600 296.25891072984353514
95700 318.52460988086846783
95800 313.20398541838147821
95900 304.21405539024613063
96000 323.24801279169685131
96100 329.47542206496945028
96200 301.0292404060301692
96300 292.05468046242322089
96400 309.49553903411901956
96500 299.18128545208458036
96600 308.7024427105247355
96700 323.70648129647884161
96800 318.84600866108092987
96900 309.39650586340434302
97000 303.9580088352863072
97100 310.648687405312387
97200 309.85876841977574259
97300 309.44118972755785535
97400 316.10735572162252538
97500 299.50402968322305242
97600 290.22396628360388604
97700 300.57246666588775952
97800 308.56551623508011062
97900 323.97855983141624847
98000 306.80363019610808806
98100 315.03514997390726649
98200 295.49457856505836162
98300 314.44575757512802738
98400 309.89523924180491576
98500 317.25659057893801673
98600 329.82868005545810774
98700 308.34086184135787789
98800 291.60456222847147956
98900 315.86956418741783637
99000 308.37651283766535926
99100 308.23188020166497836
99200 307.64923372225001685
99300 323.91205256948200031
99400 325.31540434352308466
99500 313.09284981644236723
99600 302.07025880757447567
99700 326.98450100340539848
99800 305.92332255654565643
99900 306.19979359034971367
100000 312.16405901519317467
