# Fix print output for fix printTemp
0 310
100 271.66401324048734978
200 316.3052586009849847
300 292.41163273899417163
400 325.55767710971639417
500 293.04148230334317304
600 324.21723948218129863
700 317.901438289077646
800 313.21200692830154821
900 313.80951540367328789
1000 343.15706690861992456
1100 310.72480225825262323
1200 384.04121128045835576
1300 290.27016537150632303
1400 350.80175029142469612
1500 314.42026130753919233
1600 309.87659085880477505
1700 301.46695508831953703
1800 317.20515212680851391
1900 311.35707637169099371
2000 294.7350857594491913
2100 306.68078200233776442
2200 307.71240742589213824
2300 303.26219380593943242
2400 328.28855072760285339
2500 317.04459230722630991
2600 310.06637302786242572
2700 309.44671890596140429
2800 325.55894246040935514
2900 315.09562862789130122
3000 312.13070667063948349
3100 290.09181854313231952
3200 289.85257351149101623
3300 322.1952708977706834
3400 323.29655084386030239
3500 286.0347655681293304
3600 294.05536978705742968
3700 324.42606349423590473
3800 314.33297800996655269
3900 323.60207263190272897
4000 318.43390774835131651
4100 299.99418243048097565
4200 266.41398913900042089
4300 306.41092828075227317
4400 291.01354944505590083
4500 324.09012997925782429
4600 327.62173784745272087
4700 307.05862252344030594
4800 292.7968955962066957
4900 303.06703637051202804
5000 281.88477783674682087
5100 334.6468654652794612
5200 304.27499674210656622
5300 306.54004904460981606
5400 311.92026288320306548
5500 297.4459066869347339
5600 297.24933925128743795
5700 300.30503564188802557
5800 310.57177411251694821
5900 303.8748431181169849
6000 312.58583077540544082
6100 322.4890716443028964
6200 309.82258799781556036
6300 286.2978599740774257
6400 318.44595341678473233
6500 289.72424422750549411
6600 335.84602681853027661
6700 313.60797374435043139
6800 314.35910522397193745
6900 281.75428263256054606
7000 317.61919805478794387
7100 284.99103941579352295
7200 307.43011719277177463
7300 316.22051231519662906
7400 312.86772318080141986
7500 295.16284576305793053
7600 302.95657329384192735
7700 320.23184735458272598
7800 319.9377044305228992
7900 296.14704182396349097
8000 276.105940622837295
8100 318.04235901874199044
8200 304.40218871812209045
8300 314.76710379375208504
8400 338.51437016105228395
8500 316.7364780670573623
8600 314.00594718797151472
8700 294.29165911543464063
8800 322.53682987262709503
8900 303.64720990492588726
9000 306.93554059659794575
9100 296.91881986445889652
9200 304.231591488978097
9300 326.44082845584500774
9400 301.72220611584947392
9500 326.05219976501621204
9600 299.48774749527387939
9700 311.04577974689010489
9800 321.37316647073606646
9900 317.48548709323665662
10000 305.71121074883859592
