# Fix print output for fix printTemp
0 310.00000000000017053
100 273.3347309554687854
200 320.22435189014714751
300 300.11942115674690967
400 321.64377132894190936
500 303.35183469215490959
600 315.81712952917132498
700 316.73152188324854706
800 315.23323915788631666
900 304.52394932681085038
1000 345.6662190983607843
1100 280.79570503317813746
1200 358.15615483112213724
1300 305.07179364999149129
1400 340.85902920296103957
1500 311.632508616487371
1600 312.36533248135117447
1700 301.49761554331291791
1800 322.13931259384168015
1900 311.87195514706979793
2000 304.28438731469719869
2100 298.98404067761481429
2200 320.8966443749679911
2300 280.6395455922439055
2400 346.54364825602476685
2500 306.28379928014243205
2600 325.0257187995221102
2700 311.7747329653047359
2800 325.72016866234696408
2900 314.20734817165680397
3000 302.28164113788130862
3100 286.63302017953577661
3200 287.25555911829650313
3300 308.76047153717087212
3400 328.38530696346242621
3500 290.66421073447588697
3600 317.46182381804561601
3700 300.21353580072576506
3800 308.56062744048409741
3900 303.04758800498251503
4000 298.15692580371887743
4100 295.86339229871475709
4200 271.78452149466664878
4300 328.26279437634440228
4400 277.00012759920451799
4500 306.01925312327256279
4600 330.74593334915749665
4700 304.00445918212841434
4800 294.85302764534350217
4900 295.17403000449161254
5000 307.90653240870886975
5100 356.56457270683017668
5200 298.56943703752693864
5300 310.66608277691119611
5400 303.36982951333925485
5500 295.71360743528504145
5600 320.50376197278762902
5700 298.26557451794997178
5800 319.92797105563113291
5900 269.79581045158101915
6000 318.85497317123093808
6100 313.68136656834269616
6200 303.55801042759424035
6300 304.29112394293849775
6400 313.05685151811809419
6500 313.99561475978464387
6600 290.35715236153077967
6700 272.70399975796055969
6800 308.54035232425576396
6900 284.53615498115271976
7000 350.19927017317769469
7100 283.53035344322148603
7200 350.50934386220149008
7300 314.01927687208001316
7400 339.48959918264677071
7500 285.54322590469956822
7600 305.36558212429275727
7700 312.84347309173284657
7800 311.20509356338817497
7900 309.49335907890275621
8000 329.11919639439003049
8100 296.51975936801966327
8200 291.46420227927143287
8300 288.1026112658337297
8400 337.45672480596186915
8500 319.99819294290773541
8600 347.1114094710631548
8700 314.65381427215896792
8800 309.09593581357182757
8900 301.35972381993832414
9000 310.54031956248491042
9100 298.99183375249231176
9200 335.51781141857486546
9300 305.92787434456528217
9400 338.04572214859564383
9500 294.4548077653441851
9600 312.67726522002567435
9700 313.18886066165219972
9800 337.7200388171825125
9900 315.66626528323473622
10000 316.06961928753946722
10100 323.74824173908984903
10200 326.97973918091201995
10300 306.66550610775800578
10400 334.55070825587819172
10500 305.94741481038357733
10600 341.271921770421784
10700 324.71448301382781665
10800 310.19666457686383865
10900 298.1789969583737161
11000 301.52195773921391719
11100 288.22986908650523219
11200 308.3279636772688832
11300 335.60079914992400063
11400 296.16219217952857434
11500 282.57598969784208975
11600 298.42412409018959352
11700 313.19908487683301246
11800 314.13120211886382549
11900 343.35729497557485956
12000 301.10611613139451492
12100 290.96012689993210643
12200 299.33987496403159412
12300 315.99342827992035154
12400 317.60688867196051888
12500 306.36987488795659829
12600 323.77885107127315223
12700 285.09566840359775597
12800 302.48221204182033262
12900 293.452870471256972
13000 333.47310871787112774
13100 319.77527282831903221
13200 293.95339222416549774
13300 291.59578329863296631
13400 300.67759637079649337
13500 321.85127067907518494
13600 298.40358501539856206
13700 325.4792462216926765
13800 299.76852472759617285
13900 295.41852467003434413
14000 306.72737841425464467
14100 306.253218107786779
14200 313.87900237483842147
14300 323.88962707866994606
14400 307.00491054261226509
14500 286.20842957145072205
14600 305.3503467269871976
14700 317.53109888445339948
14800 302.80771784126392276
14900 294.7728259911727946
15000 326.24802951236029003
15100 308.22833263429799899
15200 310.67060952261255125
15300 313.43100053020850737
15400 281.11456645993860093
15500 331.35963872942858188
15600 319.40294407027863599
15700 331.33934802298529121
15800 316.63577195382487162
15900 307.28236853877945123
16000 305.33871704175493278
16100 286.75401004048256937
16200 315.02242413174832336
16300 304.18694029302434956
16400 320.54768997576286438
16500 309.84251457462318058
16600 324.27173591725966162
16700 297.25670651095032326
16800 322.06280444417330955
16900 312.23248972794294787
17000 308.80269143796220987
17100 298.74151847400406723
17200 333.51913740714275036
17300 293.30659094450572866
17400 320.69346787698395929
17500 315.06615242706988056
17600 317.18800637032626355
17700 316.10525443945573443
17800 309.33138652483938813
17900 331.1628349913942202
18000 343.77420941444705704
18100 307.20908208353262125
18200 318.7346842203407391
18300 313.18851485647752497
18400 319.3953606417723563
18500 307.81837412086497352
18600 298.90089761262646562
18700 328.42747102221119349
18800 301.47607922267206959
18900 315.76981776702842808
19000 325.42365896323678953
19100 324.06034483469881025
19200 316.29634052750441242
19300 321.98745038714326938
19400 296.09383232208051595
19500 291.53068718390301228
19600 303.66243057559313456
19700 305.4828571082893518
19800 315.05285063002702373
19900 313.65577703115945951
20000 326.64610886280809154
20100 306.90293907035464827
20200 310.42767896423538332
20300 333.44065338874787585
20400 327.17589984656393653
20500 311.21109271331272339
20600 301.53167327627767236
20700 298.40181843226804403
20800 295.21684472253372178
20900 322.63926507211215267
21000 298.64695530351434627
21100 336.75273874097246107
21200 303.97388271307062269
21300 303.97365410723722334
21400 281.245789468853161
21500 330.53164266889388045
21600 308.90810249037446056
21700 299.84595199354760098
21800 298.2150603732237073
21900 303.73972061704205316
22000 299.42467857800710362
22100 321.108839173961087
22200 286.8492105735430755
22300 306.8842394550699737
22400 292.05231497293675602
22500 298.42369208416130277
22600 307.98606256331606801
22700 320.63518381836161097
22800 321.00832476133871296
22900 315.65343110830792739
23000 309.07893461095022758
23100 303.24186003228396658
23200 306.14332241029660509
23300 300.48858566336764397
23400 297.64622450232059236
23500 311.58702718042133029
23600 319.10188741826539172
23700 314.70759562133156351
23800 304.34159856497092278
23900 287.96117331241634929
24000 303.9483168720846038
24100 307.81456887087784935
24200 325.09031698098965535
24300 307.64851800537041981
24400 304.85379032160528823
24500 338.92559563803416722
24600 277.36221244549801668
24700 306.47574288995963343
24800 315.05046698202068001
24900 297.99971566281965352
25000 300.06153195958665947
25100 303.02878919461056739
25200 320.67046901246430934
25300 305.58262097961221571
25400 334.03667126884914751
25500 309.48249097215961001
25600 292.42451381847308767
25700 303.83906780535329517
25800 314.53196674090816032
25900 320.61559862731405701
26000 332.98376810130991998
26100 307.80959306890241578
26200 317.29357713691467779
26300 298.49252924001825704
26400 310.6364952437167517
26500 307.73119915814754677
26600 316.31793268022209986
26700 305.00214663501299128
26800 289.48214757474300995
26900 304.96365580135835671
27000 305.64532841814138919
27100 297.46923741501564109
27200 324.98657634815663187
27300 305.81496444625628328
27400 316.14850527928621204
27500 305.55643205978066135
27600 312.12672261934142171
27700 316.24465287157039484
27800 307.31513065079479929
27900 314.41985217764505478
28000 311.19245300852458058
28100 319.94015309420683479
28200 299.88930523565016983
28300 305.86582564130566197
28400 303.75914369575485807
28500 322.28875497337520528
28600 312.67310121164945258
28700 314.19134973653240195
28800 305.2804512661786589
28900 320.55966547253092358
29000 310.93670109033314475
29100 320.50744874070460355
29200 307.44691477932616408
29300 314.22365682212489446
29400 326.87315259592338634
29500 326.36107103085123526
29600 294.59746753812811448
29700 321.65349300382257525
29800 328.23864948854122758
29900 303.39864257983322204
30000 297.3615246337416238
30100 313.67438694961185774
30200 309.40344730491921155
30300 310.10136412935861472
30400 324.64988653501171711
30500 338.49784750151661683
30600 339.14233945904265966
30700 309.29409207281196359
30800 320.65867462406265531
30900 307.31269232757904319
31000 316.56440957131974301
31100 317.1910845176996645
31200 304.40944979856482178
31300 321.74054653016304428
31400 304.64486319909474332
31500 333.01639643702867488
31600 306.77742930439075053
31700 304.17151649008826553
31800 311.8120700957073268
31900 317.44922769463664736
32000 301.75903240608573697
32100 309.0632246319441947
32200 322.12843559199586707
32300 322.68849675419698997
32400 298.48604987004739542
32500 307.07229148574992905
32600 301.76344775178802138
32700 300.09949900277359802
32800 318.45231142317913964
32900 299.52377203847413512
33000 339.96667811286528149
33100 305.47107150368105977
33200 320.9750525211132981
33300 298.23031281430911577
33400 313.13167575902087947
33500 311.57705431534498075
33600 286.27895554455591309
33700 300.15663957900926562
33800 304.62584539310040554
33900 296.97985311608539405
34000 324.69572336289570558
34100 303.84472868255738831
34200 307.40901614851338763
34300 305.45418575498149494
34400 313.44346493960966882
34500 329.61822958913273851
34600 318.38208819140891137
34700 313.62834327658811162
34800 329.0045161959762936
34900 296.52165026296114547
35000 300.62008758368881445
35100 296.844571188553914
35200 292.75789252607154367
35300 296.94844867218847639
35400 312.93530931284874441
35500 316.68979049485147925
35600 300.81983194863448716
35700 318.72608265008494755
35800 315.83512579653023522
35900 318.17365527411089943
36000 321.34463556191326461
36100 306.85962266011131305
36200 297.43701237028011519
36300 298.14746760390352165
36400 304.79480183939369908
36500 305.14949620894572035
36600 323.01001290227515028
36700 310.52473819475255823
36800 314.79359932588221227
36900 294.88574814990812456
37000 311.1991833877052045
37100 314.12069627507065661
37200 306.03312360569327666
37300 312.78908480574204987
37400 315.67913052023914133
37500 299.75237019012297424
37600 293.10800011003806276
37700 289.8609105351749804
37800 320.99039291292450571
37900 320.43510132141210534
38000 296.02709009053813816
38100 297.49876368457739773
38200 313.69998219907563453
38300 337.96954467509362985
38400 311.9189807443270297
38500 309.20455730501555536
38600 304.80805940887279348
38700 289.68239243677857075
38800 320.36632038731363536
38900 296.12871726546620721
39000 292.48060337775547168
39100 332.64068446676998292
39200 321.30000221557378381
39300 306.59576600729064921
39400 301.74742102706494506
39500 318.24996046496573854
39600 310.82940237851943266
39700 293.78100750205004488
39800 316.29842512531541843
39900 310.22487742779412656
40000 313.40534963818356573
40100 301.64646821196890869
40200 302.4843047820216384
40300 314.15509030767452714
40400 325.38536769854874819
40500 293.08779438503546544
40600 293.07917232024476561
40700 314.31707321490313234
40800 327.27800433788792134
40900 313.11921420845385455
41000 331.13111093725791534
41100 304.4787547568967625
41200 293.51170368259812449
41300 302.0004180574660495
41400 292.84561409293155521
41500 317.12816501497525223
41600 313.45463154571967834
41700 323.47520092668099778
41800 312.1232340947802868
41900 309.71408262611231521
42000 324.10366447611539797
42100 312.58187344920406758
42200 308.72034485678790361
42300 300.46412791359551875
42400 308.79593720078719343
42500 322.71590497264941177
42600 289.28599057285225626
42700 306.7774852129019223
42800 325.79773022037858254
42900 308.45786780934611215
43000 315.26859191933277771
43100 308.44067514711673539
43200 329.85548987425249834
43300 297.22231918878640045
43400 333.8300020821787939
43500 303.78379302865369027
43600 323.13597229794009991
43700 296.23502127422358399
43800 307.07892071954773883
43900 291.63957540779205146
44000 298.44590769474916669
44100 294.5583677969931955
44200 308.83920761624818851
44300 287.95981923686201753
44400 313.3672030712001515
44500 311.86518935453676704
44600 326.34145538221110883
44700 294.65375056837774537
44800 305.81866810988708494
44900 317.43168423136728507
45000 285.80722023807561527
45100 322.4151049269691498
45200 319.96721965700965029
45300 331.51268723333890875
45400 304.10425102724207136
45500 294.36982164312462373
45600 311.70397682520518856
45700 309.60187430669105879
45800 325.24642744509259273
45900 315.41200249211277651
46000 307.3064804016233893
46100 316.52811448422625062
46200 314.44555989721550304
46300 326.22719925348445713
46400 321.36661684870125555
46500 320.95621901944247156
46600 303.54495077901998457
46700 293.63633896160490622
46800 312.46387978477542902
46900 308.529713363341898
47000 315.32090181644957738
47100 325.59576420720122769
47200 312.05609882698064439
47300 310.15930981512315157
47400 302.64613353438818422
47500 304.6235049548608913
47600 316.72819702569557876
47700 316.24976031368890972
47800 335.59263295972959895
47900 313.61193499898132586
48000 309.48215712405925615
48100 309.69412478262313471
48200 297.83477104775465705
48300 300.85639556942936679
48400 316.55793994821351589
48500 334.59871441014149696
48600 297.83223238371760999
48700 306.6451761436645711
48800 320.04253506854797706
48900 301.62130046577215126
49000 319.6846279207736643
49100 283.75570522458355072
49200 319.6921554198347053
49300 314.80399733990390132
49400 303.84474620658068034
49500 320.90249422188088602
49600 317.3801927698556824
49700 317.69100421556021274
49800 305.96303788834842408
49900 282.0534584444511097
50000 311.40723132531007877
50100 312.45393715369510801
50200 326.76851228712826014
50300 280.79597747937503982
50400 319.22477541934051715
50500 318.36615246515981426
50600 311.11991879548253337
50700 311.99419441372992878
50800 306.11176584856417549
50900 301.81504884020148438
51000 299.44942478801931429
51100 301.30306548818475676
51200 306.86067653756691698
51300 296.753624543686783
51400 340.08614316814509948
51500 295.43894276888960349
51600 309.34324333392726203
51700 305.94681226874473623
51800 323.46719251214386759
51900 304.61996057962642226
52000 294.37062011204125156
52100 328.34176995060624904
52200 311.59513657011689247
52300 312.23683955221434871
52400 316.92483715425402124
52500 309.48569525976120076
52600 309.65436648386270235
52700 283.83106163818547429
52800 310.35477112170497094
52900 304.08525381771801221
53000 288.62521745256117356
53100 301.46272404744200912
53200 313.43392501497095282
53300 302.06189570704447078
53400 324.53993297788753125
53500 303.90961841588841708
53600 300.31664909600698365
53700 315.0463392258467934
53800 334.4895289105315328
53900 303.9856069100180207
54000 300.11169806923959413
54100 314.26839489854199883
54200 301.27541895439952668
54300 309.99283416701217675
54400 305.06146766332727793
54500 308.76093201715326586
54600 317.28329585857125039
54700 305.00697301451788235
54800 303.17777187229887659
54900 300.40017020556899752
55000 329.51802938685779054
55100 313.80420078274573825
55200 303.54901310098551903
55300 314.35898074516586576
55400 284.20597827315668837
55500 304.3646876135788375
55600 291.79325170362653807
55700 310.56503317992763868
55800 328.57225190017760497
55900 306.8511083876048815
56000 287.59795567953858608
56100 300.60044377976237229
56200 308.75384965145241267
56300 314.16885739022876578
56400 309.33388170928390082
56500 321.02841923379730815
56600 315.14616371701515618
56700 310.84110787402289588
56800 305.87919255697102017
56900 300.37512648109645852
57000 315.3654789799903142
57100 330.46914917402284573
57200 313.13972644923626376
57300 300.75170972435216754
57400 320.70747149645188756
57500 311.08287689524553343
57600 298.60225569040153459
57700 310.98682577675384664
57800 304.89133758421752418
57900 315.80832603405980308
58000 303.73497977743852516
58100 291.44047993704640476
58200 314.44072265022941792
58300 327.83326960615613643
58400 311.98366071900056795
58500 303.50954505226627589
58600 332.88430132054077148
58700 312.27256480955031748
58800 307.61297487590127275
58900 312.30548162354773467
59000 317.86913058985584257
59100 327.13813730919184763
59200 315.90804003692568358
59300 316.74245161498492962
59400 325.71076942206570948
59500 306.14095956274695709
59600 311.59767984122316875
59700 291.92162437170395606
59800 318.57710489439620005
59900 321.25590835440078763
60000 320.0066828691082037
60100 314.16633676555932198
60200 322.14113717192765307
60300 304.96965729014488033
60400 303.6951967932026264
60500 289.03833275261786184
60600 312.34663821009320372
60700 332.10726233812272312
60800 332.29442476395286121
60900 301.63616425662331721
61000 320.83943544858715313
61100 327.62133464434515417
61200 313.44119808618165735
61300 297.51532678028235068
61400 318.58409433817621448
61500 314.21383191545692171
61600 296.05635627608302229
61700 299.45105592901069258
61800 328.09711797392543531
61900 320.0107108048012492
62000 329.1619992454807857
62100 324.00816953099752027
62200 299.97576853276882503
62300 287.37767006618821597
62400 325.17479326606547829
62500 321.53383580214517679
62600 313.44323919739559869
62700 315.11667290782105511
62800 290.97686307922379001
62900 295.47532315699299943
63000 301.56106151993651565
63100 314.0009920052709731
63200 285.35425482622122217
63300 305.92800160138222054
63400 305.1938265667317296
63500 317.83917212645542349
63600 308.80888346781927112
63700 312.89114427606023128
63800 320.26799037315902297
63900 298.38097308080307357
64000 306.55498256059314599
64100 297.04213472201183777
64200 308.23577329264463742
64300 313.06698135233511948
64400 332.69919951101428524
64500 321.10162252064429822
64600 314.71160483473505565
64700 315.06459447912834548
64800 304.88338446986318786
64900 302.09035995622764403
65000 309.30300685667316429
65100 330.11527431036705593
65200 323.39715535651629352
65300 313.69434680277549887
65400 300.86842399896880806
65500 303.74804154080936769
65600 293.26413110710876708
65700 314.1412229548498658
65800 310.58425791747646372
65900 297.4290347272255417
66000 307.35129173488076049
66100 313.97113059852125616
66200 305.14423658563310937
66300 307.74946503056565916
66400 317.88379202324864536
66500 314.34103443828576019
66600 282.87106762213261391
66700 299.30939180416771705
66800 315.96097409062633687
66900 316.38156269284735345
67000 310.32703994995898711
67100 318.88950303410189235
67200 314.9675366465364732
67300 313.30683992611545818
67400 324.33645068965580549
67500 300.86812593321621989
67600 315.65617896306969214
67700 305.06775497001791564
67800 295.12726568662156978
67900 279.96323796905738845
68000 313.74720238869934974
68100 308.61219401444685673
68200 313.26937175720127016
68300 287.49986546507039975
68400 307.9641338887113875
68500 304.21278817335485201
68600 299.3529226692697307
68700 312.20263914234880076
68800 327.27660387804593256
68900 318.8214985378124311
69000 299.49527477558541477
69100 300.48102504558261217
69200 310.91669269506212459
69300 309.73178447403034852
69400 327.93944668292454026
69500 314.9094721473500158
69600 307.67809908368883498
69700 308.0870650038877443
69800 320.71380476848838725
69900 313.54333885609059962
70000 310.96642764659901559
70100 307.92983536663820132
70200 310.39216962333807714
70300 306.42089007045774451
70400 301.08881451530965023
70500 310.9738238451457164
70600 318.40051353693547753
70700 305.46186674146491669
70800 307.3525308401528946
70900 305.68428816880714294
71000 315.57066251806338641
71100 287.97638055897334652
71200 309.16814582693791635
71300 323.80507224685163692
71400 328.50283340719261105
71500 306.52061212554281155
71600 324.9681101370741203
71700 319.95023876988625489
71800 304.76871248873607101
71900 301.024377559464142
72000 328.8324050296324117
72100 305.04066177228702372
72200 305.92850910010059806
72300 319.40230997826029125
72400 317.73538266172414524
72500 316.65566302338697824
72600 312.85573083139144046
72700 323.89929694360483836
72800 297.37132100671482249
72900 308.40674477803179343
73000 302.35022495928166109
73100 308.15443781674440515
73200 310.80963066221158897
73300 307.8571730178703092
73400 311.77405014204174449
73500 300.38468638458368787
73600 303.15623680703333775
73700 333.64472638893829526
73800 319.62362730438837843
73900 309.92034958506258135
74000 313.08314489823345639
74100 308.67282648769082698
74200 293.04376860524536141
74300 321.14074452971743767
74400 325.86767745297095189
74500 315.10907911137820747
74600 292.82952425693639498
74700 292.98421589155941547
74800 294.51478020522222323
74900 304.65396617688043079
75000 326.79049887627513726
75100 301.17175542401469102
75200 311.88534055904176512
75300 301.39052193044943806
75400 324.49489573664084219
75500 310.77685081598991701
75600 305.81719104959950073
75700 297.48824495612353758
75800 310.49275859020480084
75900 313.86558582316666843
76000 305.33992222571339425
76100 320.33709081289589449
76200 314.67306327735792593
76300 322.25898492567677067
76400 309.58477608023628136
76500 310.85715642657834223
76600 334.89166458947039473
76700 318.5625734689562023
76800 319.31394882274082647
76900 311.22529096381907721
77000 309.3454442099441053
77100 308.39585629137894784
77200 305.82390241407472331
77300 318.9099312284484995
77400 305.76730282970493136
77500 299.98709844966509763
77600 324.37943813112616454
77700 324.53201762824386378
77800 317.85607742200733128
77900 315.50083460166320037
78000 312.99206152792140756
78100 296.10169257464593784
78200 304.60174474796741606
78300 301.28981208898085242
78400 307.69039716996485367
78500 293.27415267720147085
78600 324.26975240311759308
78700 321.74509969618225114
78800 333.58231187559050568
78900 320.36390901936130149
79000 315.63875284131887611
79100 306.44701083294972932
79200 313.64081105110233239
79300 317.12673597005402826
79400 311.91453326220647568
79500 329.89623483668100334
79600 297.01551639775425429
79700 293.96204768250152028
79800 303.48804852112226627
79900 314.44470624917420309
80000 321.84464306150715629
80100 308.77621203153591978
80200 314.88596102235618446
80300 319.00830010258994207
80400 300.29038543819535789
80500 313.74061069776985278
80600 319.45464863178648329
80700 294.07417756956169796
80800 290.19827506317125199
80900 301.39830236024823762
81000 327.19816021288005459
81100 315.20688901249786795
81200 312.85285734687357717
81300 313.817994671721749
81400 303.47350082725245102
81500 305.13971563613989701
81600 321.45280273010098426
81700 313.82356208666237762
81800 314.77664272818873314
81900 302.80381679597513767
82000 300.27096861852669463
82100 280.94791546326518983
82200 307.21427031460848411
82300 316.54488648993611832
82400 324.01614760965412643
82500 298.7593657082850882
82600 314.38205873202781504
82700 321.80662749037907133
82800 306.77659900749711142
82900 332.65413097307998669
83000 324.9441068309114371
83100 311.9381979462427239
83200 276.13500675558884723
83300 294.39585962016190024
83400 317.26802458371031435
83500 316.03941008426369308
83600 320.21826933700276641
83700 300.98755570926545033
83800 315.54520767831712647
83900 314.52783464491847099
84000 308.24108158666678037
84100 311.87302687760950448
84200 318.13571046849466484
84300 317.48227922407107826
84400 317.65703703623114507
84500 302.06653889121287193
84600 324.57216306031256181
84700 298.17614549890078024
84800 320.72255059582067815
84900 302.81926290752329578
85000 301.44243820030965253
85100 316.39370644607816985
85200 324.75473152914889852
85300 321.33602840456177319
85400 300.12059190961906552
85500 312.330033230129402
85600 320.3839624110406703
85700 296.15213931929469027
85800 302.95006017712245239
85900 310.14463857662912005
86000 314.29574469866014397
86100 312.54570825610255724
86200 318.25629571267222673
86300 316.82329536227905464
86400 303.59076786519000279
86500 289.48635661474401104
86600 313.98976997036515968
86700 317.69125321295911135
86800 313.27395488250169819
86900 323.28538466209101898
87000 294.83473791933829489
87100 285.44858827343369967
87200 292.14407150727521412
87300 326.45345843373252137
87400 312.69715649741766583
87500 294.76541548742051191
87600 318.43529046711142882
87700 296.88044301740319497
87800 300.1403874549291686
87900 317.70538243878428375
88000 314.09669501208588827
88100 302.59085773360470739
88200 313.36195568951961832
88300 302.42690000645609416
88400 308.21611973350064773
88500 323.93760052778162617
88600 332.0740031612277221
88700 295.66819813242511827
88800 304.63916985926573489
88900 323.84824729244417085
89000 312.64847438886664577
89100 314.10703127538732815
89200 321.4353330003557403
89300 309.61213262689000203
89400 317.33023558752711324
89500 336.0038188754380144
89600 330.45162499089929042
89700 304.89075156132298616
89800 302.28324100447622413
89900 316.05117661725955713
90000 300.6069963345152587
90100 317.48395226432216987
90200 322.84493680027321716
90300 320.38201531745181683
90400 319.97454317952292513
90500 309.0067937529877895
90600 320.54561895773304059
90700 317.07500913252653163
90800 314.19005244589584436
90900 322.42426063548953152
91000 310.62273162624626366
91100 308.7389022978641151
91200 315.35207615749800425
91300 308.65647503909207217
91400 313.19727561138358851
91500 299.23235081551575831
91600 319.52384376117021247
91700 296.82468155731044135
91800 317.83958786412290465
91900 321.14940744378634463
92000 314.88055514599210483
92100 310.61870197726278775
92200 307.59463436999493524
92300 313.97187320532094645
92400 292.12500395190181735
92500 297.77126254193507293
92600 300.42867103767451908
92700 304.24515054047230933
92800 307.41639120012206376
92900 316.32485372818490532
93000 307.2429314315963893
93100 304.61532034074997455
93200 316.24383117055259618
93300 299.078766500378606
93400 317.96046360226955585
93500 313.67823154150454457
93600 311.85599718552577997
93700 307.17778285915926517
93800 298.61376251167314422
93900 300.90674274381899522
94000 303.47430151002890852
94100 311.72551335164280317
94200 321.93078090004917158
94300 320.16989494040387854
94400 314.0366500686354243
94500 297.76957663790170727
94600 314.93446033127969486
94700 322.29152538164959196
94800 321.64799234601696298
94900 306.39225276120947683
95000 300.43602398865499481
95100 286.99329369027225312
95200 294.38118590088430437
95300 321.8272696837894955
95400 324.00447710833600468
95500 314.33816612799682844
95600 309.58467248199946198
95700 320.27245534282923245
95800 291.92405546958019613
95900 319.47414423413187023
96000 301.08978311248739601
96100 300.96434824293442034
96200 299.99312668374528812
96300 295.49876448634609005
96400 307.33586726043739645
96500 308.67662510456392511
96600 300.43034753464922915
96700 328.97810074802254121
96800 308.70510098258262133
96900 313.46975380453000071
97000 294.90095644194400393
97100 319.68783182788013164
97200 311.22627068411253504
97300 290.82433810352176806
97400 317.73912145400493046
97500 326.89406513305141289
97600 298.3179027364067224
97700 308.1743115185518036
97800 304.54079690358133803
97900 303.81029591708386306
98000 314.24383076420730276
98100 324.06616167817151108
98200 323.35917808613993429
98300 307.86540229438884353
98400 313.93335140805316996
98500 293.17615989314055014
98600 305.58960952765664842
98700 310.24874621052452994
98800 306.89658568244306025
98900 312.45370858684043469
99000 315.50749962537457805
99100 306.34757144883820956
99200 305.02794449465466187
99300 325.3062092353142134
99400 292.59520514839550742
99500 303.87998247161226573
99600 300.96073952210514335
99700 303.01265200424001023
99800 313.3524421650058116
99900 311.68794788560393272
100000 299.54917777579038329
