# Fix print output for fix printTemp
0 310.00000000000017053
100 265.29624139270094929
200 330.55390792693793856
300 304.87352933049959347
400 316.26333302598931141
500 289.49531357529644993
600 331.52129127012028675
700 331.39334237802205507
800 324.69381454109566221
900 317.74881983534038454
1000 330.99997960451622703
1100 315.79157614654462805
1200 377.26719640564260771
1300 313.00713616770082126
1400 353.67052912091253347
1500 317.96382173097299528
1600 319.89116654174341647
1700 286.84585185721152811
1800 314.81628956858077117
1900 304.63157558639886702
2000 305.32898763516715235
2100 304.39239435598625505
2200 305.55104170656761653
2300 308.29989628303667359
2400 332.05413922720924802
2500 325.71137292848061406
2600 298.94207828813836159
2700 325.59989291026192859
2800 320.16212174780565647
2900 312.00290178273172614
3000 315.84485463684205797
3100 298.81437273931067011
3200 291.45175390771652246
3300 328.58010307335098332
3400 331.36230122787918617
3500 289.61887691843435277
3600 277.32298639054721434
3700 313.51648021260973564
3800 310.53896676564801282
3900 319.02146647120559919
4000 320.64686758499169628
4100 323.74025145825470418
4200 270.57873337148083692
4300 304.11865821003823385
4400 279.52541083452535986
4500 326.23968536074266922
4600 290.21551392956610016
4700 323.73471167114490754
4800 289.39858191648926322
4900 312.8363702541446969
5000 281.83102453729100034
5100 314.30587708669787617
5200 332.30533164115098543
5300 310.58827853952908526
5400 304.5457666381381614
5500 305.56036461453612674
5600 306.26740452810633997
5700 302.59983514067118904
5800 314.30391554971083679
5900 314.35957815068263699
6000 306.31405582099364437
6100 311.35211847700816179
6200 308.51199450641757949
6300 310.33920239242621619
6400 329.28134637974426369
6500 310.99247772524330458
6600 321.92367101031743459
6700 311.41228382748448666
6800 310.93740080113832391
6900 312.00319768073279647
7000 301.64892942983402691
7100 304.75174104907461015
7200 297.44554184388289286
7300 326.54855103288917917
7400 312.49912960342265933
7500 312.6453372718905257
7600 316.69289250543783965
7700 331.94873064520430717
7800 294.66446265073551558
7900 305.39563166760467539
8000 304.75793301215895781
8100 329.78602727839364661
8200 284.52719478965519784
8300 317.17498020462380737
8400 345.6122186051889571
8500 317.47033869263105998
8600 348.76652186989741722
8700 303.92182614092706672
8800 317.71038153612829547
8900 316.58511819163635437
9000 300.65372801163243821
9100 320.27562762559421117
9200 324.75417143350421156
9300 323.6576909776690627
9400 293.94859846810072668
9500 323.55510733814918467
9600 299.55245719436453555
9700 341.67904173043712035
9800 339.91328571528913471
9900 321.47285179921755116
10000 318.66717288365293825
10100 313.43086665988278128
10200 296.40611919678821096
10300 299.44301399118234031
10400 319.40521580288435644
10500 333.94848402099933082
10600 292.84850370979080481
10700 334.12163393763330532
10800 286.52570484451763377
10900 325.42750314384448984
11000 317.946234168723322
11100 315.61070568530834635
11200 315.72701734840404697
11300 328.24510984013630832
11400 291.53488496454599499
11500 318.16656067342796632
11600 319.00079403936075551
11700 329.78218194636087901
11800 302.94403622292622913
11900 305.49995309817006728
12000 313.07400587645224732
12100 312.60986186658658426
12200 324.89962401692275762
12300 313.31905280524892987
12400 314.93645872847451983
12500 338.75847392610307907
12600 318.79813727004381008
12700 289.81554888899955813
12800 335.66717381354413874
12900 298.89878749811634862
13000 312.94251548325786416
13100 341.56849319061313963
13200 317.46171677362912078
13300 292.24745038143828424
13400 308.54900842584510201
13500 314.24776885126169645
13600 305.86188366938495165
13700 324.96773569764326339
13800 337.95479333653878484
13900 281.28806422154030997
14000 310.21636848202723513
14100 303.4949587886686686
14200 293.78790615381927864
14300 335.96669287255389236
14400 344.88320746922335047
14500 318.99430273472739827
14600 308.41601410903325586
14700 291.33761882472470006
14800 284.71869949335365391
14900 328.05834410034253779
15000 333.56866172021403827
15100 304.38918628574924696
15200 282.9842515752819736
15300 337.33636826990800728
15400 310.67720576979326097
15500 306.45843660231452077
15600 315.44613429748289946
15700 331.54551888220260025
15800 313.29470163720435494
15900 303.40691707562837109
16000 305.04184230411925682
16100 310.46172701258888083
16200 330.52984167320300912
16300 292.11348616630374408
16400 287.42828772174817686
16500 304.06877128053139359
16600 309.48226501338302796
16700 311.44463659914924847
16800 316.29921095745538651
16900 319.99691208735544024
17000 305.41658986395634656
17100 330.59731264207300683
17200 312.97320471054592872
17300 298.62367746800282475
17400 277.28561848633353293
17500 328.3548064216213902
17600 288.14337167166036124
17700 317.61422287571190282
17800 309.11944541668304964
17900 286.90544038381648306
18000 307.19015848867934437
18100 316.23779496449418502
18200 309.22823949604497784
18300 336.39119713495517772
18400 325.10598159706444221
18500 308.79382433043701894
18600 291.57955419417152143
18700 297.45372846862306915
18800 297.24857653283675063
18900 290.68578394243894536
19000 321.0212188102693176
19100 312.29131204776797404
19200 300.57595076364896158
19300 310.80048543950221074
19400 322.57053738782394703
19500 304.13488777703031474
19600 336.88199376821478381
19700 300.03498307848155946
19800 305.60412437356768578
19900 315.15769156403524676
20000 304.21952313439288673
20100 316.94111966770668687
20200 310.48712402403879196
20300 286.57379996145999712
20400 281.25256511427465966
20500 339.50538782081792988
20600 311.19115026879308061
20700 307.79666821370284424
20800 290.68545151110419056
20900 332.13997492713946258
21000 322.10781402978909682
21100 304.51052469443902737
21200 324.57801283785397573
21300 314.48508136986197314
21400 305.85086032115992793
21500 300.19007299992614435
21600 291.88572187453252127
21700 327.84129860871962592
21800 294.57890852188273811
21900 315.79437252695862526
22000 334.10949321503630927
22100 314.25858193120762962
22200 308.25238043547221878
22300 306.69199605605967918
22400 313.98696853198327972
22500 308.22776161323611177
22600 321.31362442135434776
22700 296.90263151134905684
22800 301.14007204020668951
22900 299.51583146388412615
23000 311.73657597435584421
23100 296.67623196896641957
23200 290.71640007791859261
23300 287.68392600571991125
23400 321.88270968354123625
23500 351.73563589412964348
23600 303.48925220201959974
23700 336.16571662555946887
23800 309.48003757038333106
23900 322.44393973246502583
24000 305.37189278468383691
24100 323.85152980551362134
24200 327.79491011810017653
24300 317.94034542430597412
24400 315.65859663435543325
24500 305.27828478023440084
24600 326.04123013888244031
24700 313.61071606814550705
24800 334.36771151161906346
24900 286.2887012743049695
25000 325.98779086654900539
25100 298.49546694803115088
25200 320.95315844822164308
25300 328.55515055624891829
25400 317.24973048767486716
25500 304.81826534059757705
25600 297.59156879809870588
25700 283.69984854039989841
25800 316.25859574754105097
25900 314.09334556109013192
26000 317.77826237392332587
26100 308.05717817584229579
26200 298.74626103601320892
26300 283.75424028814899202
26400 318.01140314105208518
26500 313.22925406510097446
26600 324.73419464426211789
26700 299.97744208539705824
26800 332.42736533250530329
26900 330.45188073362874093
27000 298.87504817740949647
27100 292.50609619209365064
27200 290.90623857592942159
27300 286.26720551461193054
27400 298.36109500667180328
27500 305.34383603406092789
27600 329.09407269916090399
27700 319.10340492300753112
27800 315.89731570304093111
27900 317.77545940705022076
28000 319.73369971595855077
28100 309.78233835182089706
28200 323.656254493253698
28300 299.16885111778617556
28400 299.60468668678959148
28500 301.44990413930196382
28600 312.48728836975965351
28700 303.43766677296252965
28800 313.60589542431176824
28900 309.71444992392167705
29000 303.42347315261616814
29100 310.33831720256335984
29200 308.7745956961064735
29300 324.9958031202162374
29400 321.15983368649051499
29500 298.94053066987964939
29600 281.32435401855798318
29700 310.99380155795012115
29800 299.94617275974457016
29900 300.62884476747285589
30000 314.85259657202738026
30100 288.97447100920379626
30200 312.42470216619193479
30300 332.4126972937903588
30400 311.08549023549466028
30500 318.18652580518329387
30600 329.9389784012076916
30700 308.69863646143687674
30800 303.51329998009310884
30900 324.48114034429551111
31000 316.24168390790282501
31100 310.12999439996184492
31200 339.48444867253812163
31300 290.79439320304180683
31400 302.76591311537799811
31500 307.36867670934174157
31600 323.50085736457623398
31700 305.41400859181214855
31800 314.39347111982522165
31900 321.80909960065798714
32000 298.09038657467630173
32100 320.99551429855893048
32200 309.32720867248065133
32300 288.84544208323188741
32400 321.18814551695726323
32500 316.36945184767006367
32600 307.32723775305163372
32700 299.05478388472852203
32800 292.68376808737059491
32900 306.3488355068568012
33000 318.91705760696629568
33100 307.56014950995006529
33200 310.29257135299519632
33300 318.19381203525392721
33400 326.93117204992182678
33500 312.3394404398890174
33600 316.32188964601482439
33700 326.36344791961960254
33800 304.85665634591322259
33900 308.9976696521345616
34000 295.78442179963695935
34100 311.46968978980800102
34200 301.86886463507119061
34300 308.44028341290754724
34400 317.34436619156224424
34500 334.44004603078781201
34600 309.96176466062513555
34700 297.43905225704997974
34800 299.72431558316418432
34900 298.08190724767081292
35000 329.15609760593548572
35100 308.11686268097878383
35200 326.50106895485419045
35300 307.30201772624468504
35400 326.14805831555230498
35500 285.86438811113470138
35600 296.15223631035746621
35700 304.83385045201703178
35800 310.21373877953692499
35900 310.62428259458658886
36000 310.95826710225065881
36100 298.32083866999886368
36200 318.1811837923877988
36300 306.82602729169576605
36400 321.84239741393179202
36500 315.08457683958090456
36600 320.16256762037329509
36700 306.97878077217472992
36800 309.94073189384778289
36900 308.29484490550169085
37000 327.98684292563797271
37100 305.26826530928155989
37200 302.52581972339851291
37300 328.39181461813359419
37400 301.81925604755321046
37500 303.94536421989619157
37600 301.65783746317737268
37700 322.75921642555209701
37800 319.10304774443358156
37900 297.89013681308847481
38000 310.04004013887691826
38100 305.95353844706056634
38200 306.9027481633803518
38300 297.09124885398028937
38400 299.6223594273341746
38500 304.74502019221944238
38600 316.65047625180079649
38700 304.68999626673615921
38800 312.83257707718041729
38900 305.88672856084849627
39000 334.44922943212310429
39100 309.89716399841819339
39200 315.04676640774204088
39300 312.62157793704733422
39400 318.83713961103990187
39500 302.14149063092025926
39600 308.45794192743898066
39700 325.88717187652400753
39800 296.89055447501374374
39900 318.15100935179231101
40000 286.6896644579286999
40100 331.1947930914762992
40200 299.11323571359810103
40300 329.16893160068093493
40400 316.38992083073486583
40500 323.99393608439743275
40600 299.31549391055636988
40700 315.25963201308030648
40800 290.83413646933809105
40900 307.31433762916134356
41000 317.01032273562606179
41100 316.92276449217291656
41200 306.77553401372597364
41300 300.08737396591595825
41400 315.17487244505718991
41500 294.86179913171093858
41600 304.54669391958753977
41700 290.05583998007671198
41800 316.8246595198413047
41900 297.61100789038624725
42000 314.84826181035299442
42100 307.72551450029197895
42200 305.70002355516464831
42300 312.11456395841895528
42400 308.06726649117098304
42500 311.69578714818436538
42600 306.27047532729625345
42700 305.16517141705185168
42800 309.84518619907356651
42900 328.88635987898908297
43000 304.57779743950305829
43100 348.41503269724711345
43200 288.68245611802308304
43300 298.25217010974711229
43400 314.68113912022283785
43500 334.70350250806779968
43600 303.76912986325106658
43700 326.29681179242243161
43800 300.8677483158052155
43900 290.16034494231229246
44000 290.52804775266230308
44100 310.67004330318593475
44200 293.80204063009028914
44300 304.60273521488767301
44400 316.61326266096295967
44500 273.64758690509620465
44600 317.1141515761366918
44700 315.31872315448254085
44800 313.04604305406081721
44900 311.52434829675092942
45000 310.14850292314974922
45100 293.52248263231257397
45200 308.4076878894153424
45300 315.34375711855511781
45400 302.83257789768583734
45500 288.88135217934433285
45600 290.65893843368542093
45700 291.82916353316323921
45800 322.71244921430928798
45900 308.2856617561129724
46000 303.23918229007858827
46100 333.4210857240925634
46200 312.06007636125110594
46300 328.11317880155058901
46400 309.5683773295231731
46500 327.33426140035265917
46600 272.87753262577899704
46700 302.74457763808027266
46800 285.26716842808235697
46900 313.00428131161504552
47000 310.19553355216072532
47100 330.09758633181741061
47200 294.57237638261062784
47300 309.39321961513320502
47400 319.44732988790207173
47500 317.37782483688067714
47600 317.79197544126697039
47700 316.12063047112144432
47800 322.28557446936611086
47900 307.73843312369046998
48000 305.8229870220977773
48100 304.95978080290785783
48200 306.25765823496112716
48300 314.84937274926676309
48400 301.81786242597581804
48500 320.95596362073490582
48600 309.29214571818948798
48700 328.91781347939297575
48800 319.69930119159892001
48900 336.48570783133476425
49000 320.14935475176548607
49100 299.75756061348505455
49200 308.80368375014688809
49300 314.26214264513288299
49400 317.60045042028957596
49500 302.26637095513683562
49600 287.5776118730503299
49700 315.58978176066085553
49800 314.36265657218234537
49900 342.5299309599326989
50000 287.99634776378610468
50100 317.62216271200048823
50200 322.70687249879023284
50300 324.51891723748053664
50400 287.53397361853535585
50500 310.81511751458532444
50600 305.41077735950580063
50700 302.5007641658941111
50800 311.36059502526114784
50900 299.23397528977085358
51000 312.56269394951038976
51100 314.17915283409615768
51200 318.6840852583815149
51300 315.37738148490075218
51400 308.34507630006970658
51500 307.84576115824353337
51600 309.92236997251143293
51700 316.44105358117997184
51800 299.01140402477363978
51900 307.33336723295735737
52000 292.48995594752665284
52100 306.26349576936746644
52200 304.09419696005977585
52300 322.99285401352892677
52400 314.56112759403623613
52500 292.2481701083914345
52600 311.35619182143705075
52700 312.04179193710081108
52800 309.16414741447238157
52900 302.79025367433229121
53000 302.08804280070688719
53100 300.05452183330226035
53200 288.81690329452806054
53300 285.48802316227835263
53400 303.21903588096228077
53500 324.67224658519984359
53600 317.74436632602265718
53700 297.73028268803119545
53800 297.02907227404665491
53900 291.98275260961287358
54000 305.84967927475162242
54100 323.65721640768947509
54200 306.02076166070730778
54300 299.66038404096644854
54400 316.60931565965017853
54500 320.57277290626996091
54600 332.10889881778547306
54700 307.24622583800965003
54800 314.37884226337371274
54900 305.49051622806882733
55000 294.80120079254533039
55100 300.58063857041901201
55200 315.89420364520015028
55300 327.78975952574563735
55400 319.58651532812632468
55500 303.90406984381559141
55600 319.83000018049443725
55700 321.92795349516762826
55800 331.39326687899347235
55900 313.08022639493498218
56000 301.48921624085454596
56100 312.41414166319219703
56200 318.24145630137013541
56300 316.66281908003298895
56400 316.9222739622865106
56500 301.5643658353441765
56600 285.02572669880248668
56700 300.66772960226541045
56800 313.90003952121196562
56900 330.92963026324031262
57000 309.62250972748722688
57100 326.08754378412419328
57200 320.8647052717217889
57300 310.86044831225109419
57400 300.49587992502506495
57500 306.54787532684497364
57600 327.26901640333613841
57700 294.92851009351460334
57800 312.50044405101493794
57900 298.521128545422755
58000 310.57729128515615002
58100 314.88369581248321083
58200 319.97585482499243881
58300 320.55746360882517365
58400 320.55679560390791494
58500 310.74295405478363818
58600 316.01942201870508597
58700 316.18229968199847235
58800 320.67366353861467587
58900 314.27695990134469639
59000 308.88464644152878691
59100 300.76268175228562995
59200 305.5191408381652991
59300 306.16436754335313708
59400 298.84673520063859087
59500 297.5897674506118733
59600 314.74548659014124041
59700 325.10016735028438006
59800 311.62028495971122766
59900 314.74767979755375791
60000 305.04747062833456539
60100 297.99527512170141108
60200 306.14036592287112626
60300 315.28411235205965113
60400 312.67778182159105427
60500 300.30290326198206685
60600 334.4890855783914958
60700 306.58359051430517184
60800 300.39817307714912431
60900 305.50889995991502701
61000 316.04266901448022509
61100 308.52346952980991546
61200 336.52626874157078873
61300 292.99863603427144199
61400 318.80654311048357386
61500 291.27226794035595958
61600 327.55139048067337626
61700 290.71026387975706484
61800 303.49040275714406789
61900 306.31917218808473535
62000 318.10751266798337156
62100 308.74972876162576085
62200 303.15435989412469553
62300 319.12600474616169777
62400 308.16619931151069522
62500 308.48002928901661335
62600 298.95700380562306009
62700 301.99560964590023104
62800 306.30316271424698016
62900 308.452485512058729
63000 300.01667415277023565
63100 300.66189138661951574
63200 307.05732268970382393
63300 321.42091666981906428
63400 302.99250875795263482
63500 298.40921810055635888
63600 325.77731851042796052
63700 304.72193113099120865
63800 315.842955503501571
63900 304.93574909381317184
64000 306.46200786958809203
64100 296.11717145036629972
64200 311.15994010420808991
64300 300.1254794029513846
64400 314.44019878776384758
64500 324.65387743366750328
64600 325.05149287944425396
64700 300.98812148216603646
64800 318.56730217066927935
64900 310.71407184612263563
65000 300.32972399663873375
65100 308.33560544833181893
65200 305.81981993268044562
65300 305.19086562282802788
65400 313.79528325631491725
65500 300.05301715803955176
65600 300.35655777215913531
65700 321.04942304171652268
65800 307.69252238948985223
65900 313.32689513221299649
66000 330.14535901431224829
66100 300.5743698801209689
66200 289.98719332259963721
66300 313.71447933910832262
66400 309.63255866193634347
66500 303.1490099611243636
66600 321.03110397392634923
66700 323.21268774731458961
66800 305.82358205330154988
66900 309.71534474143817306
67000 328.6798355338850115
67100 296.22075816425825678
67200 343.64276627603356928
67300 314.78843704527895397
67400 327.48793695127449155
67500 310.21845950738457987
67600 307.97823785315483747
67700 292.19101415746195016
67800 296.85269649443404205
67900 302.79178551991839186
68000 320.88324272954554317
68100 316.16873023088788841
68200 315.32924551980551087
68300 301.41852966970861871
68400 312.50329154811083754
68500 308.71072858396854599
68600 293.16803211699561871
68700 300.23563697586746457
68800 314.21539360836527521
68900 296.88110351460801439
69000 309.779427274162515
69100 301.24901998409370663
69200 287.27500163278756418
69300 299.29244636185404715
69400 304.73014257472090094
69500 310.91098115245608824
69600 309.1502066307240284
69700 305.50107695009262443
69800 320.00274701738317162
69900 320.95624682174604914
70000 317.03263726945260714
70100 291.72642934326961495
70200 297.17030697450900334
70300 317.84475025353771116
70400 320.34559144286282617
70500 289.60060761961614162
70600 306.12425654456529855
70700 311.66648185566623397
70800 315.46623087965224386
70900 295.71114521261733898
71000 288.86141448407914822
71100 315.29818092142278374
71200 330.02908780812617806
71300 322.75182889611966175
71400 308.23426911130775352
71500 293.67577528558115318
71600 308.66638055158693987
71700 311.6358483619824824
71800 296.46997578974077214
71900 318.7389794945728454
72000 301.0219660224670406
72100 317.19881532296130899
72200 320.21588178806047154
72300 307.1550293251302719
72400 315.36217852960135133
72500 312.72674627662854618
72600 310.8010419908286508
72700 302.29687246810328816
72800 319.07189404271548483
72900 328.28852447300306494
73000 316.2404367665288305
73100 313.23837132210167056
73200 301.10910143032901942
73300 303.20491384632344989
73400 319.46822923169207797
73500 312.34498595103030993
73600 318.50210161522255703
73700 318.29291703461609586
73800 323.65796314841037429
73900 299.13084908661278405
74000 321.62461554258135266
74100 312.72567610411306305
74200 320.21656555573861169
74300 310.41319445045297698
74400 304.69635706948832876
74500 303.82146815400818696
74600 321.53354654004562008
74700 322.51243424348012923
74800 298.32021503784028482
74900 298.98683600678339189
75000 312.59986315812682278
75100 304.61561451727652639
75200 296.44618382878502416
75300 299.78267162384975109
75400 304.83756680184586685
75500 317.74131933404623851
75600 316.52173526823338534
75700 293.0588455928278222
75800 317.71214938660943972
75900 315.4547817894937225
76000 281.46479530211837528
76100 302.05654318642729095
76200 303.98860632760562339
76300 311.89962845759038146
76400 296.98270599064107955
76500 317.12392741799283158
76600 305.44991739982805257
76700 316.02148601165418995
76800 312.93120998039398728
76900 292.59195009980345503
77000 313.88832256900332141
77100 317.25093835289192157
77200 300.59815324843430062
77300 297.06910730105795437
77400 320.72906947841278225
77500 300.25726764220547693
77600 300.00273731082842232
77700 295.84885938022517848
77800 294.38040390259180867
77900 313.0828493630073126
78000 319.35069432200816664
78100 310.23854624881607833
78200 301.88236609008089317
78300 331.11880605161553603
78400 294.47929282735606193
78500 290.52554900424649986
78600 290.08946480654208244
78700 312.02398432656508476
78800 300.81798184293444365
78900 309.57568024115221306
79000 302.11353137582443651
79100 313.99377389163089447
79200 310.61872002883183086
79300 318.29686511327213339
79400 306.25164134265855864
79500 337.98766970054839476
79600 309.59140077773918165
79700 309.06186642656689401
79800 301.45482205512314522
79900 308.36082242596592096
80000 317.24416553083881354
80100 306.62094986335341673
80200 277.03054475553892644
80300 309.263061585288483
80400 300.79086762130827992
80500 312.56447642748105409
80600 300.33092311603104463
80700 318.82285269704402708
80800 311.68538497324146874
80900 284.66146802171641639
81000 305.07297340940067443
81100 309.65887789069688552
81200 315.17960530969082811
81300 301.78144067959357244
81400 303.56652008987214231
81500 309.7169155986956639
81600 297.52825148300354385
81700 314.59053709139129751
81800 310.64424162569974897
81900 313.64884529552404047
82000 292.0267204501463425
82100 320.93656452827423209
82200 312.44198326342365135
82300 314.27689041419802152
82400 320.27570555863809432
82500 308.98338277644688787
82600 308.15007515307547692
82700 319.61570065642604277
82800 318.00566293973162146
82900 340.18136002801566065
83000 299.44136361211707253
83100 312.16758195124839403
83200 319.29577017044613285
83300 300.14117207667379716
83400 309.21402204235914724
83500 320.77030136887987055
83600 323.88342095298446566
83700 286.90493069375776258
83800 295.08954613195987804
83900 302.20190383507747356
84000 323.71048903489406712
84100 318.17502622881431762
84200 314.98122132684875396
84300 302.75594750106807851
84400 311.59246615619417753
84500 321.63656718676207902
84600 293.85042945300750716
84700 311.07334825126969235
84800 303.22861937617932426
84900 325.46964628069633818
85000 318.79700283517229309
85100 307.82889546589603924
85200 285.3156122234393024
85300 307.61686613517946398
85400 302.87659468768634952
85500 307.69285225463448796
85600 329.43312074412824586
85700 336.52025399417584595
85800 293.02577198336871334
85900 319.42468394684703981
86000 328.70744980045918737
86100 291.86392968808195292
86200 303.74558452109982909
86300 326.91905087207834413
86400 307.21862233253807517
86500 303.72336522625585076
86600 301.03530023149141925
86700 306.74199498848520307
86800 308.58316068354116624
86900 313.56054953699464249
87000 290.53555729604016733
87100 315.82344307142676598
87200 306.76467032599629192
87300 304.55333758313332737
87400 301.42478974257119262
87500 300.63775578222015383
87600 302.91259628660026237
87700 296.52634351948114499
87800 299.26773595561951424
87900 297.60613776294593436
88000 309.3315131157252722
88100 330.72499561356033837
88200 295.58951295037235241
88300 308.61979714813026021
88400 317.74971369081714556
88500 313.17371113061295773
88600 294.49101153839222889
88700 315.70498149423025325
88800 307.90541929996629733
88900 341.83404711200211068
89000 321.37511180220548113
89100 307.30793318007567905
89200 310.98285268799179448
89300 307.3808290777768093
89400 315.53856700607201446
89500 313.57827324877348474
89600 318.49460886530664538
89700 309.52783532973631964
89800 315.10948830195457049
89900 308.00978228224107625
90000 303.89949654591680428
90100 307.47392129342495082
90200 305.85786996217308342
90300 300.35033331879390062
90400 300.01182423657769505
90500 313.63410855431595792
90600 307.54404888255163542
90700 326.49258490157490087
90800 308.74749755796653972
90900 315.87121590919639402
91000 309.30608407377292224
91100 319.38178063806310547
91200 322.07500953633348217
91300 314.78194470318760523
91400 308.79216283516456087
91500 308.55579416311599061
91600 305.05879686264557904
91700 316.52881604222824308
91800 303.04037764492738916
91900 311.49348298475433694
92000 331.24846124373760858
92100 299.36033202251843477
92200 316.71291865282688605
92300 321.32374889708796672
92400 320.03693197214801103
92500 308.05456229456257233
92600 309.8787416068555558
92700 312.97538905850211677
92800 314.43510413819109317
92900 290.89646847814969988
93000 304.92522971701174583
93100 298.71548139524907128
93200 306.43540968873776364
93300 322.9321746331249301
93400 322.54759583460997874
93500 302.003169848725463
93600 314.2421333475085703
93700 299.33016004978492219
93800 310.60466729722276114
93900 289.26766984694927487
94000 319.80475155683637922
94100 325.84587459023993006
94200 297.40801710863019025
94300 306.92767303389018707
94400 295.9719290321771723
94500 304.47303480919623553
94600 296.04599044769190641
94700 310.09998768070329334
94800 321.19359620380816978
94900 318.05338510184748202
95000 310.81936769285567834
95100 303.28076225418402601
95200 302.0914824787603834
95300 313.1554017555835685
95400 302.11798839293118135
95500 330.1192320778670819
95600 311.08298066994291275
95700 301.56395426496732171
95800 301.0885435011079494
95900 306.67723138643140146
96000 305.96556135342302696
96100 290.99688975686160575
96200 303.8632078654130737
96300 311.67404068017947338
96400 317.4518184329586461
96500 303.73926437395135736
96600 307.81683663932511763
96700 317.50756783249039472
96800 311.24312081157631837
96900 301.88532204704040396
97000 292.95571418962839516
97100 309.32380510145537755
97200 311.1793171763074497
97300 303.24649631592041032
97400 314.32089504488988041
97500 315.70958907369811186
97600 321.91744804796331891
97700 310.46082241839121707
97800 315.18696985978505154
97900 309.49557156264478408
98000 310.58484653636116946
98100 305.85485205940960896
98200 324.69319918229552968
98300 285.97727080064947813
98400 306.44908838244242588
98500 314.89420481571460186
98600 305.8659641850261437
98700 310.54498605756327834
98800 333.58349209033042371
98900 325.88175467548813913
99000 315.12529648337397248
99100 305.14657858040709471
99200 313.83635321179002631
99300 309.4756770610009653
99400 312.81456876662895183
99500 307.50762098893198981
99600 305.50472973711566738
99700 301.08034241600518044
99800 312.07840827028547892
99900 301.02337299878780641
100000 323.8201483037445314
