# Fix print output for fix printTemp
0 310
100 271.66047813609787909
200 314.64015653010812912
300 293.47310463533949587
400 322.03832637504405056
500 299.19988671594200014
600 318.66978394206648773
700 311.55700576505381605
800 312.55845777300578447
900 315.03034367248426406
1000 340.62698787111173715
1100 297.05667760555240875
1200 379.81847318861883878
1300 279.02217858600442923
1400 349.6475945373315426
1500 314.47134801674741311
1600 308.98793579165652545
1700 301.10864033755416358
1800 318.71768559831957646
1900 301.45946995880655095
2000 296.55391295301922128
2100 314.90296299747399189
2200 314.79503700016567791
2300 292.95309377948530027
2400 345.3605651586782983
2500 310.82045798224021382
2600 333.78631191669978762
2700 315.34692992048866245
2800 325.98824405633945389
2900 316.08568863051885955
3000 299.37154104770155527
3100 288.8567456480334954
3200 290.37974284835883054
3300 321.6395545768291413
3400 326.60783657613626474
3500 287.64370905116822996
3600 310.85212501275157138
3700 305.33914641856881644
3800 309.71900401754078302
3900 311.39283917443282235
4000 302.71611874157480315
4100 288.55767070154956855
4200 252.56986281455650101
4300 318.44301859164437474
4400 270.64372398660873387
4500 306.33013165797962074
4600 333.4573433377934748
4700 294.98974724878274856
4800 280.81515186784054094
4900 306.40151233949740117
5000 292.77462176865657284
5100 343.52235371775162776
5200 281.51418331310117082
5300 305.5594762563682707
5400 301.07927254270686035
5500 298.98940796944890508
5600 311.34801844102952373
5700 301.70356239047293911
5800 309.15100821247608565
5900 287.40337025937770932
6000 309.32087662027117858
6100 323.40235703621715402
6200 292.38309112093241993
6300 300.92570505051958207
6400 326.35043275814473418
6500 308.28972363086234054
6600 308.87037069848963711
6700 282.39812453616804078
6800 317.30816507173665286
6900 277.30338199752179662
7000 330.7281344208672067
7100 282.41994413503931582
7200 327.57403082275635597
7300 299.37379988185767843
7400 334.07460977801667923
7500 286.45185707607078029
7600 299.031328799154835
7700 309.25309708024371957
7800 304.40209041481722352
7900 288.19705766000726044
8000 315.02341802501933898
8100 311.77541266352159255
8200 295.95081091011593344
8300 290.40254518972045616
8400 318.2619992678492622
8500 319.58871601284056396
8600 329.70920607132694613
8700 296.5259828606151018
8800 328.20944527271961988
8900 308.71326171843099928
9000 309.0895059591222207
9100 282.33184699658744421
9200 334.32597752087190202
9300 300.44545555939322412
9400 325.9622750505619706
9500 306.98351561032899326
9600 321.8913988224901459
9700 324.25241707795947832
9800 327.75808338544419485
9900 312.92942588797353665
10000 325.61321197545584027
