# Fix print output for fix printTemp
0 310.00000000000017053
100 272.56291036567802166
200 318.77155133544806631
300 299.33243434832399998
400 322.42818933398734771
500 302.7298347027959835
600 316.57943600041159016
700 315.09920927182992045
800 314.63839961161977499
900 305.78272356964367873
1000 344.79761902700181508
1100 286.68354994610007225
1200 360.1651316815429027
1300 296.83298613566080348
1400 342.2900978166353525
1500 312.05613797047760727
1600 307.92127360889162446
1700 301.5436110462568422
1800 315.96026829827945903
1900 304.01401019367017398
2000 304.31651476520681854
2100 311.11383559211191141
2200 318.02985312831924603
2300 297.59597215619220378
2400 349.98369641235780136
2500 309.64619778533034378
2600 330.11157517199097811
2700 313.4967667059249834
2800 328.20052171485247072
2900 317.71497419029532239
3000 298.48355895859123166
3100 288.94122295715504833
3200 285.15260325193855806
3300 307.02460344071698728
3400 323.35206311391709733
3500 286.76539840854644581
3600 317.88987772150716182
3700 297.12083288285521121
3800 309.9191607363987373
3900 301.9400939354206912
4000 296.31794466580083736
4100 289.568343200827087
4200 270.47506311889054587
4300 328.70232807914158002
4400 271.7428854348064533
4500 308.09632667582934573
4600 330.94416884785874799
4700 299.14509142804223529
4800 274.57079466134860013
4900 308.91186760585878801
5000 305.98934971708683861
5100 348.71705646141617763
5200 294.04839591698606682
5300 306.88379376437325163
5400 303.55672345158353664
5500 295.2746888843190618
5600 316.94340231762919302
5700 301.69710566147631425
5800 318.18517644603605277
5900 269.85339081087215618
6000 317.47566644640608047
6100 317.2970895520228396
6200 297.55944548697368646
6300 310.04190266750276805
6400 321.54342730299845243
6500 315.07391864729072495
6600 293.93699802657073405
6700 276.24315269184648969
6800 308.17375354634043561
6900 284.31715458782298356
7000 346.61483707281178113
7100 284.91159619692660954
7200 347.18751716554140785
7300 308.15400853441815343
7400 344.75798630674984224
7500 292.82363269958716501
7600 309.74303517866985658
7700 308.36867873952706987
7800 308.06122147328483152
7900 298.34541695904749758
8000 335.57485545989885622
8100 292.28743263016457377
8200 287.47928400552103767
8300 291.62313139904296122
8400 336.61204575197427857
8500 318.61394789409825989
8600 344.88434879955519818
8700 323.12199766357525732
8800 307.90188420266639469
8900 294.52109389856616417
9000 314.27748196383470258
9100 291.65760175245588925
9200 337.70415865913327025
9300 307.80451925619848907
9400 336.33370721155813499
9500 291.51476476255021453
9600 304.86496446856284592
9700 323.40046639623597002
9800 336.7933401534411928
9900 309.22323969406369315
10000 325.26292756855048083
10100 329.08831248182178797
10200 334.82464063958650513
10300 284.76975518923097752
10400 345.20120591248871733
10500 315.20316307645146026
10600 336.35758725499670163
10700 327.57409307154159706
10800 305.61569082847324808
10900 295.52561363756194623
11000 312.91281180788053007
11100 304.71409702892799487
11200 295.21262062781323721
11300 336.33815355442379769
11400 302.94728770860314171
11500 294.53380979441408272
11600 295.44894662444136202
11700 319.59606877780481682
11800 309.10774963341157218
11900 339.36988546135734168
12000 305.11903298938699436
12100 278.35280532375605844
12200 298.73172344568166636
12300 314.85726291892791551
12400 321.3686595039284839
12500 301.04331594970938113
12600 324.41694883551991779
12700 278.82567853287679327
12800 299.98565249386894038
12900 316.60729424409095145
13000 323.11961242876645883
13100 326.50016337189919113
13200 298.55314428078332867
13300 309.47395281210174289
13400 306.30655070560925424
13500 324.65930037277581732
13600 295.10929361360672374
13700 315.28098873316343997
13800 322.51342685466363491
13900 292.55396507488586622
14000 292.04893769284740301
14100 306.54133138088332089
14200 312.88260286841466495
14300 319.12262754182881963
14400 309.69783663415648789
14500 291.21145923618820461
14600 301.56103381270060027
14700 323.97002815877641524
14800 312.22370695854749556
14900 298.81099690580862216
15000 329.95073099608157463
15100 325.37286719481710406
15200 308.37379156108477218
15300 311.30190370985980053
15400 297.97558498946227701
15500 323.73167368924492848
15600 308.22900499842450017
15700 329.37362915380623463
15800 323.53668169073483796
15900 299.63416386648509615
16000 309.33282969942280261
16100 278.42256617516147799
16200 327.92286693396795272
16300 301.36695934883209702
16400 340.71823847414401598
16500 316.10678905580135734
16600 311.72996223539769289
16700 302.84915977215575822
16800 328.90108009552085377
16900 289.62122534210391223
17000 303.25379812561112658
17100 313.86181341089428543
17200 329.19871306719363702
17300 283.06074244571800591
17400 316.49260513927788452
17500 306.18413263399156676
17600 314.77749386885125205
17700 298.69243021429593909
17800 320.34393961269864803
17900 334.90731215646161445
18000 340.77078540561456066
18100 310.86861396256165335
18200 303.54668098448877345
18300 307.1968460715139031
18400 316.29431913520858188
18500 301.23888484516567132
18600 303.142395794335755
18700 329.05596784353110706
18800 303.96230356919818405
18900 319.60151996335082458
19000 324.77490301152187158
19100 315.21473482929582133
19200 320.89910653804918184
19300 313.41394737888583677
19400 311.29205189618272698
19500 293.76601620230087519
19600 309.81570021368605694
19700 304.8551391963216588
19800 307.446134343346273
19900 300.24390674691613867
20000 311.599426912184299
20100 305.77935694034977132
20200 322.67319897785642979
20300 320.02981666236519231
20400 322.8406896294071089
20500 323.45301532054372728
20600 314.1291402064267686
20700 311.2804935392566108
20800 314.46462374545234297
20900 311.07098926357571145
21000 285.80686729514610533
21100 333.59954092679345194
21200 297.47939172401601127
21300 307.11580447756597323
21400 291.8681546928284547
21500 334.10609779908656947
21600 320.64927031455505357
21700 308.21051294096758966
21800 301.74756182170096963
21900 283.12812500484216116
22000 306.69083365845887101
22100 308.61205524372684295
22200 283.37084910492609424
22300 315.66670870163414975
22400 301.79646983038850294
22500 314.87809051393998061
22600 304.01952804838339262
22700 317.60076263069061042
22800 305.77244267097535158
22900 296.58795735173470121
23000 315.56972060952330139
23100 296.41395871885754332
23200 317.29076250675956317
23300 316.33789023891665693
23400 286.71433138763262605
23500 289.72923774798732666
23600 342.9850731014666394
23700 322.47824054961131424
23800 300.33342965254837509
23900 281.70900175368251439
24000 319.35830531830288237
24100 319.38851907136881891
24200 338.25924087478989577
24300 315.26556373757301799
24400 317.06986887606052505
24500 321.14559654917030684
24600 284.91474174938821307
24700 279.16061076575272182
24800 308.32867509431559938
24900 306.9323943602420286
25000 315.7751028067250445
25100 316.82510162055530145
25200 303.94868774639445519
25300 303.6421815223417866
25400 325.33917710661575029
25500 322.50709007800975314
25600 300.0051019569355617
25700 303.60615408230472667
25800 326.8754750639110398
25900 309.45101255353574743
26000 324.54528862994374094
26100 310.30609356062484494
26200 313.70961156695335603
26300 290.15825828667124142
26400 289.29172310931198808
26500 311.51363598750742767
26600 336.77305027653960678
26700 302.45458529000256931
26800 307.21717428061572264
26900 300.68153938135145609
27000 315.88544989064814672
27100 292.61458562757684376
27200 321.94911396371702494
27300 309.45905039280512483
27400 311.91908149265054817
27500 301.35412507601182597
27600 307.04682945382018033
27700 312.04614251726485463
27800 300.73315905763257661
27900 309.20144433366272096
28000 320.05539268957755894
28100 319.22624768473446011
28200 288.2854480795246559
28300 298.92094756023470836
28400 309.35654986667145749
28500 319.86181568337053704
28600 317.47539873414905287
28700 342.59639981064407266
28800 305.58714006129639529
28900 303.05225856925864036
29000 312.67161079567119941
29100 320.95293188603579893
29200 327.83559241654143079
29300 313.94886395504323673
29400 322.85425180236131837
29500 315.06817944203163506
29600 326.50121297735739745
29700 318.71542206937681385
29800 320.62351897838118475
29900 331.67970452626605038
30000 295.2252583938690691
30100 303.86820500679021961
30200 303.36791183861748777
30300 302.97200977069769579
30400 323.68165133601542038
30500 334.33547705426605035
30600 331.01106176709907913
30700 306.32977868933102172
30800 316.85696726192730921
30900 328.60771714020620493
31000 311.46359106004950945
31100 308.99543301221592628
31200 309.73311051895979062
31300 336.35923296601504262
31400 313.23188185123996163
31500 308.58864498935326992
31600 305.79455218214388879
31700 297.64954797525854246
31800 300.45875139529880471
31900 299.65166556978869039
32000 309.92591841492156846
32100 307.44164524945148287
32200 311.44377501873975689
32300 318.44691065648413542
32400 318.58255073852876649
32500 293.05695809251511719
32600 294.13378366428185018
32700 281.75552488272438723
32800 318.26083440335480645
32900 293.18851274564849518
33000 334.19712258277735373
33100 313.45974068381855204
33200 303.26255328257377641
33300 287.33009332527569768
33400 311.83869052359500529
33500 317.15644079409327105
33600 294.71704465078647672
33700 307.84899535238218959
33800 329.16796113891348341
33900 303.42159086307390226
34000 318.62533557039250809
34100 293.94949687364635338
34200 313.18735151179799914
34300 291.50466260721248091
34400 315.3009506543667726
34500 308.92777493614698869
34600 298.09113986476489799
34700 321.86411554607309427
34800 302.63315039955273278
34900 312.91686093686735148
35000 300.61862692818317555
35100 303.01127154632268912
35200 301.1192918888824579
35300 290.4659658646202729
35400 305.53615492587982772
35500 313.13068830834635037
35600 299.7099268619239183
35700 312.42559522077374368
35800 316.42034978516204546
35900 328.23931457811033852
36000 313.78759973954106499
36100 293.7184490736473208
36200 327.67206314429120084
36300 294.18628483597052536
36400 302.70391669104083121
36500 295.81976325879179512
36600 327.21148823473043876
36700 320.44600984497657237
36800 316.17587425499840492
36900 285.53046703976900744
37000 305.48573653336751477
37100 322.15431589560711245
37200 303.53226939461313805
37300 333.764124746103505
37400 302.4058307028402055
37500 284.12221375352106634
37600 308.11332431469094217
37700 306.99387985548906954
37800 317.81991658412272272
37900 307.66988387857736598
38000 319.26175954563967707
38100 308.33232139550079864
38200 311.91994944535770173
38300 350.76398049619757558
38400 305.65250273558160643
38500 298.77747267380044605
38600 313.13978307851130012
38700 308.66188124362594181
38800 303.90143654762658798
38900 302.43887845215795096
39000 319.68831134318799059
39100 324.22956123563557185
39200 307.2656575742204268
39300 311.71036475361671592
39400 310.54023021368448099
39500 327.19848946727660177
39600 301.26147168400086684
39700 295.06195450361246913
39800 319.70730310554444031
39900 295.02072829882945371
40000 315.67729423455301685
40100 285.78791598785932138
40200 296.16000078954078845
40300 300.57404244737625731
40400 292.53746600486630314
40500 307.95161575073444737
40600 306.41606781979993457
40700 310.96103864920587512
40800 310.52047842110130205
40900 311.96385390028990514
41000 337.03889367488358175
41100 301.23883011135001198
41200 315.83003264540639066
41300 293.42703395975445346
41400 299.24291999929494068
41500 316.00424225455128635
41600 311.91572924437900838
41700 313.87765860120623529
41800 303.78510391772732646
41900 310.46831546709722716
42000 300.77027807009966409
42100 307.47714687965662961
42200 323.17590577653061246
42300 314.87418739611274532
42400 300.2431150470769694
42500 288.87660193217107008
42600 299.28340886004178856
42700 312.04623184638415978
42800 302.76027498761385459
42900 296.9022740443750763
43000 313.22353678244394359
43100 294.67280797286468896
43200 316.11334825786587999
43300 307.4273928932040576
43400 328.05194885041055386
43500 294.34658690377943913
43600 321.07774251600557136
43700 315.86718165435604533
43800 323.78991004794653463
43900 309.42126196205293809
44000 305.10290001193004628
44100 312.15755693504945611
44200 303.46411423663022333
44300 330.86888950948684851
44400 322.4066610771317869
44500 309.84874973160134459
44600 311.77342308666163717
44700 316.60891344216332755
44800 333.43561644906066022
44900 308.39268740742056707
45000 297.07706746117594321
45100 319.41889749766454543
45200 321.65785203498569444
45300 311.47161188206212046
45400 306.37502598504261186
45500 314.21441909999123254
45600 304.90639870937440037
45700 300.56493774482396475
45800 301.30530086472401763
45900 322.41657832321612887
46000 310.68644735845754212
46100 318.15622053431519589
46200 310.40893958934429975
46300 311.73838900152657061
46400 316.19223124181786488
46500 333.26451174584548198
46600 339.01015103788751048
46700 307.55470446593557199
46800 310.94014486158897626
46900 287.84494546793024483
47000 310.93038677728048924
47100 316.63986728256429615
47200 321.69455867124099768
47300 305.08931529158746798
47400 305.25906696937937568
47500 290.77041926246573667
47600 295.12568957049734308
47700 334.94863858554674607
47800 311.90692038133306596
47900 295.88274655793901502
48000 308.94679334679835847
48100 320.28477776900621166
48200 285.28701716595571725
48300 304.2629974492235192
48400 338.39672315834815208
48500 314.79997964812696409
48600 298.01477580187787453
48700 315.92497276470425049
48800 316.90355399763853939
48900 324.65782129384461996
49000 334.40101944354671559
49100 299.60624354307003614
49200 292.67905313775071363
49300 296.58279242447400748
49400 314.41497308244089481
49500 328.09709522449622909
49600 332.81734856592925098
49700 318.15363327308267571
49800 311.38964570275192045
49900 307.21549229675400738
50000 294.98822990070277683
50100 309.13653461121771215
50200 346.90156278847138083
50300 307.27190632917069024
50400 299.75770155884640644
50500 284.49199881058939354
50600 296.1951489011669878
50700 292.11536358302078042
50800 306.5790004521796277
50900 314.84592610234108179
51000 327.77948493393103035
51100 305.85470638043852887
51200 304.25941094799145503
51300 309.48131212383111688
51400 311.224974068728784
51500 313.77115593241217084
51600 312.07135044753289321
51700 334.04682002150065045
51800 301.07144640086789877
51900 289.47817374099025756
52000 307.87876504854460791
52100 306.05138223040086132
52200 301.34779009169164965
52300 320.90920230496953991
52400 315.85042761280760715
52500 293.40538079910925262
52600 304.47788843304005013
52700 300.74998923296988096
52800 310.40450866283481446
52900 304.68853587798770377
53000 305.49395301165270666
53100 298.43762966773743983
53200 282.47501367556196783
53300 304.37137753679985508
53400 310.37967446090203794
53500 314.63506076976517534
53600 295.64970957221589742
53700 302.43247989405250564
53800 319.45712326812918036
53900 305.23097885829935194
54000 316.23732023928397439
54100 333.41092452073309005
54200 312.22304182920777293
54300 292.57386393690700288
54400 294.93786126992728214
54500 324.62777061568954196
54600 332.10367618967984527
54700 324.45501149106729599
54800 296.02233187553503058
54900 309.64635060963433943
55000 323.62430548888357862
55100 319.36988805258386037
55200 299.72492594077579042
55300 342.60713531608871563
55400 310.55267080365302945
55500 298.11683954446772304
55600 298.04335566546819791
55700 313.47600239482221696
55800 319.93532352240310956
55900 318.00858974548515334
56000 315.33320764796042113
56100 294.72734677270449311
56200 311.65365700125346393
56300 333.59865948648081257
56400 310.46024664684603067
56500 307.61062825629358031
56600 318.98835311488710431
56700 322.76579044607080959
56800 316.17176920110597393
56900 316.83689823711438294
57000 320.10783107482160403
57100 321.14851649660903377
57200 296.59105033841200338
57300 313.68930804016326874
57400 333.38870824023570094
57500 326.17987103440145802
57600 292.87549235641807854
57700 287.59449358979435374
57800 313.22002154915867322
57900 291.51979608556951007
58000 316.05503842405192927
58100 312.53992163581261821
58200 321.13365195233819804
58300 305.93137759457914626
58400 315.20215265008715733
58500 311.98196163309097528
58600 310.42764558276445541
58700 314.5911217946487568
58800 303.30593156500839314
58900 323.46037240348078967
59000 311.33518330982929001
59100 323.20008293837548763
59200 314.96524602845136087
59300 280.33823527612014459
59400 309.88627953472479248
59500 311.51419643802751125
59600 325.58664900357672423
59700 313.13622743599268006
59800 304.2956846423018078
59900 309.92442835928011391
60000 323.67457175607097497
60100 316.35771287707780175
60200 328.24646062540813318
60300 314.23797996087279216
60400 304.42362335445949384
60500 291.73569724209789911
60600 291.8049080952340546
60700 304.93594450240294691
60800 305.12029051696720217
60900 315.11154794268185242
61000 319.30280928938844909
61100 311.18830072627747541
61200 285.83955163630554352
61300 305.35949827240710874
61400 315.45018444797676693
61500 317.45675981211519456
61600 308.09751427276222557
61700 312.70035194118185018
61800 322.76582601677051798
61900 318.08791902770008164
62000 289.66466643402350201
62100 318.64534870326684768
62200 296.56928187664328789
62300 306.55431709237950599
62400 304.647073599999203
62500 328.59058638694313004
62600 304.57835172868340123
62700 318.61920979972012447
62800 318.25069430058675835
62900 306.54779115077246843
63000 297.56580881707418484
63100 300.92665218220986389
63200 305.26113982350358356
63300 307.51602627977371185
63400 319.68537419030894853
63500 312.0724726655428185
63600 320.77603722410651699
63700 303.30477918088195111
63800 322.9060742192528437
63900 301.10324412980855868
64000 309.57729282456870123
64100 318.4263068329609041
64200 304.35483628452442417
64300 325.5300175343818978
64400 312.8487473246862578
64500 312.6250281068657273
64600 303.42186373535241728
64700 305.42450066698967248
64800 319.90161924881277855
64900 287.7963607338437555
65000 298.74548973185670775
65100 315.99573328345451273
65200 315.39600261457604802
65300 299.84666864158401722
65400 320.1703527259591624
65500 328.01830192038693212
65600 286.71560933054331599
65700 289.74765902955391539
65800 305.90930509935930104
65900 306.16424898652957154
66000 313.13987191873007987
66100 297.96043920011391037
66200 302.55287676169075439
66300 306.90868625917033796
66400 318.44009229564085217
66500 317.62928643313932753
66600 308.17370524634395679
66700 291.95999111848010443
66800 319.23849866245416251
66900 319.31648562741833075
67000 327.90210741584860443
67100 302.43379251120558138
67200 300.86753732765680525
67300 292.12906594667680338
67400 311.27247465474357568
67500 320.53444894996391668
67600 335.24125284941595737
67700 316.95394781113640192
67800 296.66731353127306647
67900 296.27554030265105212
68000 317.56955252382016397
68100 315.83913782909559131
68200 320.22613435568723617
68300 298.91008794095756684
68400 297.97495470883154667
68500 283.09153470967294197
68600 294.05470123397162752
68700 317.60376183838411634
68800 325.55685499638718738
68900 320.2530679214141287
69000 307.91442917763032483
69100 310.69628731273138555
69200 317.03516949301496197
69300 325.54264354351960264
69400 303.52483131864477173
69500 297.76665942684979882
69600 304.07830144865295097
69700 326.92734461422963932
69800 303.65757494890817725
69900 306.70780710290631532
70000 295.86219745917844648
70100 328.02398173008702997
70200 307.87045148511958814
70300 318.36634922269064418
70400 320.36242953012157386
70500 304.31327985115535739
70600 315.07893972118256443
70700 295.57497138184339747
70800 316.91535997015228077
70900 306.41762036424171356
71000 298.41831463150191439
71100 316.34706475556447458
71200 279.97483078751577068
71300 321.75261751678533528
71400 312.41087595686030909
71500 324.81467329055863047
71600 302.01764278072283787
71700 311.64646406435662129
71800 292.76527675788582883
71900 307.20771059046484197
72000 316.50910447436643835
72100 329.90312871101247083
72200 303.83975851345621777
72300 317.15537152350975703
72400 314.23980341454620202
72500 311.13176646292492933
72600 311.3597373118236078
72700 308.15733005804241884
72800 325.35475084471312357
72900 314.99391328444528426
73000 305.18589754889768528
73100 291.07423686903024418
73200 311.47521277904678527
73300 325.88532864361246766
73400 290.19887603006560539
73500 305.41927269166149017
73600 309.69670140304373263
73700 313.08483176091505129
73800 320.12008117415336983
73900 319.70100819824051541
74000 319.04942206100804469
74100 308.39417816656236937
74200 316.21154680718223062
74300 305.63739064786113886
74400 304.36714141692698377
74500 320.07298827332863311
74600 332.36187718352903175
74700 312.08428032660276585
74800 321.20139919075597845
74900 320.51658149637830775
75000 309.37054743068267726
75100 314.9899467103480788
75200 319.18363132453362141
75300 339.28348107989035043
75400 320.17171091947153627
75500 321.20971945183424623
75600 326.87156558467415834
75700 319.66230818558233295
75800 313.77571859951331135
75900 293.42469795229595775
76000 310.09589238337537154
76100 322.90045313530271187
76200 323.47014574896661543
76300 293.34041607012858321
76400 302.87779355787228042
76500 310.9216095073231827
76600 321.31111941355339923
76700 312.64087116352436624
76800 315.42647057806397015
76900 326.19234872193499086
77000 299.08123179973006245
77100 303.32841432558603856
77200 304.49222437508905159
77300 307.48290415987565893
77400 327.93007173332347293
77500 303.25371942667806024
77600 303.64570713542872227
77700 309.63818737434166906
77800 331.06343575373711019
77900 311.50932668976093964
78000 276.1640810424613619
78100 301.45011456062621846
78200 320.61824379420664854
78300 325.82314133997260797
78400 293.13220738737504689
78500 303.69827723277080622
78600 299.23410889129979751
78700 306.40179263554307454
78800 288.01943384704435402
78900 309.75523861327428676
79000 303.42698021006822273
79100 298.49404982889166149
79200 287.18703819907170782
79300 322.36585913942354864
79400 321.52878975214099455
79500 318.04598712634322055
79600 299.24402219488325727
79700 294.04814000139123209
79800 308.82012961248676675
79900 312.92667911324139141
80000 326.18373259308623346
80100 315.33459597807234331
80200 305.86980071877422915
80300 309.5690480794877999
80400 300.18359557978931207
80500 319.47393367805824482
80600 317.0544616925678838
80700 329.48518973508180352
80800 280.8634306013482842
80900 299.36627320849532907
81000 306.97740627557254811
81100 322.8521071846133168
81200 314.813918591443894
81300 310.23505117971564005
81400 294.25745251182058837
81500 291.81985308275017132
81600 298.96845656320834905
81700 314.32662895859476748
81800 308.86624206556257377
81900 305.14535475437554624
82000 310.02512737645167817
82100 299.85995833644108188
82200 292.57676892348126785
82300 313.74422350180537933
82400 282.70063164292758984
82500 321.18281327288781313
82600 319.86690353177317547
82700 308.71234752461805328
82800 299.32623691660683107
82900 302.74813864186921819
83000 310.99830256731155487
83100 303.79995439145551472
83200 323.3308445859121889
83300 328.80764403772906235
83400 308.92116311139471918
83500 300.87592497238188116
83600 295.11943029023171903
83700 302.42030603964246893
83800 298.79054398555933858
83900 326.38091444371809757
84000 298.44170367088418061
84100 298.78467719721447793
84200 317.14012491160673335
84300 294.17634410903656317
84400 317.65480224641299856
84500 315.83275209807305828
84600 314.030276516655249
84700 310.21413428073225305
84800 296.05636055908325943
84900 308.41738550633391469
85000 308.46717912090554137
85100 315.25521787896792603
85200 316.6882720147073087
85300 290.93582956271376361
85400 330.24672915366676307
85500 309.37833474242398779
85600 307.26106859874414567
85700 312.05859366249154618
85800 321.2008016396758876
85900 319.74138350662065022
86000 306.03068936980957915
86100 315.04148018616018589
86200 320.12966893272704283
86300 316.15504542688302081
86400 331.63125040772280272
86500 284.25394552798286441
86600 312.02161742646745779
86700 308.3079461711198519
86800 339.26582462236979154
86900 310.74062092444410155
87000 317.10496583866307674
87100 317.84859184535179111
87200 316.06816235484501476
87300 300.34448120313578556
87400 301.10773577690122238
87500 315.91011067479053054
87600 321.71602689128184238
87700 300.01733598873977371
87800 308.22750312401126394
87900 333.6721740833079366
88000 326.38922182014778173
88100 318.60737415829004249
88200 293.06776648283243958
88300 310.66564051544821723
88400 303.43582398251885479
88500 315.6091728027473664
88600 309.82476734396772144
88700 299.79350616162304277
88800 330.26762869118482513
88900 313.09099923315000069
89000 290.64654549001591022
89100 317.75548175851037058
89200 303.61025632824396325
89300 305.69947643454401032
89400 287.81017644283139134
89500 328.92339189583407233
89600 329.39384066217490954
89700 317.44964516615544881
89800 302.16499763884030472
89900 294.65789406924369587
90000 301.53182266498265562
90100 305.26780557332165245
90200 306.9762952874038433
90300 309.91164175902758871
90400 310.49538019442456971
90500 330.31113507052555178
90600 292.08932463218587827
90700 320.78688051360353484
90800 309.69107179630816518
90900 307.0113495252533653
91000 302.39329389279140514
91100 308.47981484215779346
91200 303.00568712381414116
91300 311.3347223595609421
91400 308.97370877648847909
91500 310.3350159573189444
91600 294.50133764222283617
91700 303.08952620723704285
91800 306.87275494117511698
91900 322.38337360633846629
92000 299.02980035408660342
92100 303.70233503829814481
92200 308.42115244006873809
92300 298.36390185807363196
92400 336.35310743368376052
92500 304.19455799737363577
92600 304.35206547537990218
92700 289.82299306934453398
92800 313.78411717317919738
92900 316.02494344949587912
93000 307.86699493501879488
93100 319.11524274694772885
93200 323.64887421380728938
93300 319.79152647726544956
93400 312.49559255307008243
93500 304.88382866901349644
93600 320.42315615017935215
93700 290.20930044942144832
93800 323.28037372164419594
93900 302.41120429964854566
94000 309.19054812531658172
94100 296.89791134588648447
94200 315.20140647065790063
94300 315.76437884999995731
94400 318.64491679759788667
94500 307.93872264144386008
94600 313.59029685594964576
94700 321.16037151593826593
94800 322.37621785410999564
94900 309.33813140213976567
95000 306.43877351617970817
95100 311.28424912096994603
95200 314.09660791243732092
95300 309.04871774748357893
95400 311.59610407902550833
95500 303.04986720253879184
95600 317.16076641923075385
95700 316.89253712622206649
95800 296.63872887993414906
95900 306.5306080287534769
96000 310.97919548589300121
96100 306.98101178920580878
96200 312.71366450389132297
96300 314.24154251713480335
96400 312.66125727680184809
96500 298.81623546011297776
96600 290.88714142668840168
96700 310.98366786224750058
96800 317.85151664853503917
96900 314.0841724651282334
97000 304.2701268681773854
97100 309.43418139836285263
97200 295.92508450604793779
97300 307.92790963612850419
97400 311.09164157968928066
97500 306.84502680378062678
97600 312.32904922762736533
97700 304.98411350089372718
97800 311.59001199302781515
97900 299.98882194834226311
98000 298.83058636742805447
98100 321.94601389280711601
98200 305.96645785767253756
98300 306.00013082216815974
98400 305.76339795606929783
98500 317.63817985282173595
98600 296.21230168414388118
98700 304.02933637762663466
98800 300.55025718212675656
98900 309.64409778468473178
99000 315.04756565403783952
99100 293.83255139532792555
99200 300.55678453650904203
99300 293.15896262465577138
99400 317.86044592919245133
99500 290.68800819252851397
99600 312.08147267602839747
99700 322.26451260205408289
99800 320.75676249170470555
99900 294.71109977010098646
100000 313.55285543846730434
