# Fix print output for fix printTemp
0 309.99999999999994316
100 272.72918548241921144
200 314.55495972295108231
300 289.75260308538543086
400 322.31899807167928884
500 294.12794661589816769
600 321.92840477360266505
700 316.39005494967352661
800 310.56387230010835765
900 314.69437852506257514
1000 335.26224558153472799
1100 306.71528352808377349
1200 381.77835275637755785
1300 287.58503419668011247
1400 347.8358170613342395
1500 314.6239897845083533
1600 309.58099741306330088
1700 300.57790979794515351
1800 318.77754086525578714
1900 322.5859213067541873
2000 284.29474415564686751
2100 317.92258474088066578
2200 307.12567292010623987
2300 305.62299344835287229
2400 333.12519828889600149
2500 316.91160380979192723
2600 315.58410999927235707
2700 300.8603657032676324
2800 327.91059624304403997
2900 318.98367320428792482
3000 303.3877217739307639
3100 286.43943753890499693
3200 285.69543302920499173
3300 325.85869019360774246
3400 324.05473806805542836
3500 287.19437967879611051
3600 299.40760102016054134
3700 309.15759330367393432
3800 308.53285030810997114
3900 333.56893283396584593
4000 321.09569134420263481
4100 299.38954213441274987
4200 258.03887503657193747
4300 311.12015303400232824
4400 275.68217642959439218
4500 319.25720828062549117
4600 329.97660670626220281
4700 304.97646118608952293
4800 287.65539185756324514
4900 301.5593229856411881
5000 280.43716876960633044
5100 333.97173069197958739
5200 297.61546483129137641
5300 294.07692310028056681
5400 318.28089697445130923
5500 296.47404174507971675
5600 301.17445298436172152
5700 300.7495823243234554
5800 318.69847745246272552
5900 295.29037373768352381
6000 303.34461613609488495
6100 308.75715945142047758
6200 309.48737395163669817
6300 282.82738178435948839
6400 321.64351637830844766
6500 293.62455027106381067
6600 319.8474297789853722
6700 298.10103325523874673
6800 316.87005611851714093
6900 287.92062030808301643
7000 318.26955907299151249
7100 278.38441533586620835
7200 316.28898167908397454
7300 318.27213636612367509
7400 309.30836652520417829
7500 297.24640486990489308
7600 297.25493329936875853
7700 319.45164809992496657
7800 310.05663184152808753
7900 299.09389281478155453
8000 284.696415758395176
8100 308.99518930880850576
8200 310.18655220315247334
8300 312.13374906563399236
8400 321.58998858922308273
8500 325.50832177651847132
8600 311.13066922980675599
8700 300.89347938596887388
8800 306.84628949780920948
8900 292.35477263627245748
9000 319.3672990583762612
9100 281.26449255587448306
9200 313.49243490267753032
9300 337.40601032114864211
9400 320.81164683289449613
9500 323.88530024781482552
9600 299.86901763936765519
9700 305.4495117368346655
9800 308.13877660076946086
9900 317.12061229750787561
10000 309.25846022370740229
