# Fix print output for fix printTemp
0 310
100 277.08026697075808897
200 316.21685597270294465
300 287.00149352020321203
400 320.67703172480923968
500 291.07172604282408201
600 323.64557287771083338
700 322.28739028313901827
800 319.28462375725604261
900 306.83316852526911589
1000 331.5900574465007935
1100 310.78923847761336674
1200 381.28235475508279251
1300 295.43791499582670212
1400 355.10523794966479727
1500 312.66384463603850463
1600 314.01530661353257301
1700 295.68399706182589171
1800 316.5178269023550115
1900 293.44514225355095505
2000 305.05930581237441857
2100 300.05641933607381588
2200 302.72833138352052629
2300 299.54828471119014921
2400 325.45281665361409296
2500 322.27546921961356929
2600 308.34450319241216221
2700 314.33942677137071087
2800 318.05593492694191582
2900 317.48074739365381447
3000 311.63834827324711796
3100 298.47906446024444449
3200 294.74243399391366438
3300 323.05044897166857254
3400 328.56420460914029036
3500 287.257097399567499
3600 289.36222553441132277
3700 330.57427768264807355
3800 321.25916254035013253
3900 326.52284741579336469
4000 323.32586882550333485
4100 322.0257074225019096
4200 282.64308931419861892
4300 292.96402164184019057
4400 306.60314149575737019
4500 325.77730890079357096
4600 324.06642085562475586
4700 313.06997227455792654
4800 313.73449032324282371
4900 311.06078386844194483
5000 287.47238021024122645
5100 320.38660727926935579
5200 323.09966829882034745
5300 309.9291017593691322
5400 308.64958585012249159
5500 318.98958914557346134
5600 312.65688996119638432
5700 306.69539788483660914
5800 321.53131369100901793
5900 319.84097695618061152
6000 306.37405520943156034
6100 293.94034630035150713
6200 312.51079113037803836
6300 296.41866696653664803
6400 323.07797583986121026
6500 303.19869197129600025
6600 325.25586304200112409
6700 322.32547903603710893
6800 308.51020075262158571
6900 294.59542643151314678
7000 328.73206141109199052
7100 288.87835827838790692
7200 306.72190952090534211
7300 317.83373625384029992
7400 312.16938903710541808
7500 305.44053974452464217
7600 309.65449965440757296
7700 337.77737371750100692
7800 299.30026422524406371
7900 294.0901183466052089
8000 294.63065811346035616
8100 319.94363545806328375
8200 292.40471362844499481
8300 315.35539108275997933
8400 367.7560526261665359
8500 322.77666252777061118
8600 334.06122202075528094
8700 291.39292980525237908
8800 312.96153789508929322
8900 306.91061226645558691
9000 294.22035134156618597
9100 311.18105114491606855
9200 308.38400824502275555
9300 330.3171993029868645
9400 305.68615843333003568
9500 312.33720281597220492
9600 300.00304098519040963
9700 330.71566689451901766
9800 334.59092472741207303
9900 318.89851830286823997
10000 298.72769510233888468
