# Fix print output for fix printTemp
0 310.00000000000017053
100 269.76663307319739715
200 322.02180445618449767
300 304.92831690889363472
400 332.72028544773121439
500 293.3877145558649886
600 330.13837441095796521
700 322.22644847996713224
800 321.18833048393867102
900 311.86067684958800328
1000 348.05024943434995066
1100 318.88818735393795123
1200 385.56704374015163239
1300 302.84279318190249342
1400 353.54315381508467908
1500 314.07231430445222031
1600 317.61254679399576162
1700 292.32756500748627104
1800 315.0895614653653638
1900 290.97084797529174693
2000 308.29615864021798188
2100 302.6666645889793017
2200 308.02773812040015855
2300 300.96967380451201279
2400 322.7805034875315755
2500 320.5732786244716408
2600 298.43725974617495922
2700 339.77483310719759402
2800 307.78893800065537789
2900 311.71027803027988057
3000 283.92786569924334117
3100 299.22524937822106494
3200 297.08118189551765909
3300 326.02971708338844792
3400 332.9102857007297871
3500 277.36852668059970028
3600 285.90198341692536133
3700 320.8195398745286866
3800 320.40338004422653739
3900 317.09968058852774675
4000 313.49839869708000606
4100 328.60863580788748095
4200 279.06258669271323924
4300 307.28470470331819797
4400 297.50259695490905187
4500 335.58340486366608957
4600 292.50274987204505805
4700 313.54087501295907714
4800 301.26502550840973527
4900 317.22186918609622808
5000 290.29447339690136687
5100 322.26159067513390255
5200 334.12492013649563205
5300 293.08757679451332478
5400 293.57870667718833602
5500 304.59115175310296308
5600 307.99714799751069449
5700 299.64377896522216815
5800 320.67721197162455837
5900 319.9702336174472066
6000 310.43799487977503304
6100 284.20876982495053653
6200 308.51933528439963084
6300 306.18100787877892799
6400 325.13655557943224039
6500 305.9905087496035776
6600 322.09290364114741578
6700 313.74483915490372965
6800 304.82081194368731758
6900 301.75850768481905106
7000 315.60968034886866462
7100 301.01418269809664707
7200 306.82075048960700769
7300 314.4311637529217478
7400 316.44109887569760531
7500 307.32266220244241595
7600 312.04527641909839986
7700 352.50418355101538737
7800 308.66779769594052141
7900 302.86525286065534601
8000 307.02787580504582365
8100 315.02337623733535565
8200 289.26597947779089282
8300 319.02746896000002153
8400 344.81133494875336964
8500 329.46160549768904957
8600 343.67284673085390523
8700 291.47743580104548755
8800 320.06277317188050802
8900 316.00332304660889804
9000 299.01041837594175377
9100 309.01983534184421387
9200 312.30345055567516965
9300 306.68950654552628521
9400 307.90929728350920414
9500 315.1816057055273177
9600 284.36645943386531599
9700 348.15420905764102599
9800 334.46752071946821161
9900 324.44879347298149241
10000 318.50729224449725052
10100 316.87779102376697438
10200 282.64667631499276013
10300 287.81871290988897272
10400 335.74255108600181075
10500 314.4009499017064968
10600 292.64242163499233129
10700 334.11548081157457091
10800 288.18903408499289753
10900 327.96001187579906855
11000 326.82523354849689667
11100 318.83031755793524553
11200 297.11214075076071595
11300 319.64627830936848341
11400 299.30671061743043992
11500 325.32218508201498253
11600 309.75897928251521307
11700 326.36631668329368949
11800 302.13412481547385369
11900 305.62478965473468406
12000 302.72450013200744934
12100 320.57621658542416299
12200 325.21026237676636583
12300 309.10265554394658238
12400 321.72677528601730046
12500 332.7737652040013927
12600 319.90558185922998291
12700 282.42772971589010922
12800 312.68559708337090797
12900 304.74331437531589017
13000 310.32710363912923412
13100 338.16851509748437365
13200 315.45240355563726098
13300 307.67788628264810313
13400 320.99721215026045229
13500 308.86340422451763743
13600 304.91149524519533998
13700 316.65490591399674258
13800 311.59332043605547824
13900 296.54456686676849131
14000 297.72356403987549811
14100 307.92713556770883088
14200 308.23798585343143941
14300 336.71605010665120972
14400 334.41930926415113845
14500 326.59195694408015243
14600 314.23122832040223784
14700 281.37030603308818399
14800 296.04623997622252318
14900 309.67522368886852746
15000 321.30341321986895764
15100 314.77787629099452715
15200 296.88057036847720838
15300 328.41551936566543191
15400 297.177081142430211
15500 311.95258249535481809
15600 312.15802505967752722
15700 298.54037269623432849
15800 316.91210374656691329
15900 305.87204082878707823
16000 314.85895960484378975
16100 303.17703456887596758
16200 320.23241197076907838
16300 302.2613162226402892
16400 293.67701444163668612
16500 296.62796681956041311
16600 299.35513778506282279
16700 312.33927425361622454
16800 300.10984649396408486
16900 318.95837770994319271
17000 301.76399366480302433
17100 332.9230913911600851
17200 305.28842933030944096
17300 297.40901671864179434
17400 275.72334678000100894
17500 311.39906088165389519
17600 308.92048201263543206
17700 329.63699177927361461
17800 299.11630847991852988
17900 327.28388483683255572
18000 285.4586785644641509
18100 314.12552325695139643
18200 311.83179137708816597
18300 331.52854475893229846
18400 310.57192433130694553
18500 301.92718383373539837
18600 303.93100271258970224
18700 312.01139723635941436
18800 300.06200324447775074
18900 323.25713122588791748
19000 306.16694019277070993
19100 302.43228367819563118
19200 300.30904431314104386
19300 306.10792031884972175
19400 316.97180775934367603
19500 303.95653719129001047
19600 312.06922591264134326
19700 309.22074889564072464
19800 290.701312342034214
19900 322.20248542300436156
20000 296.67612507325463866
20100 314.34547763488097871
20200 277.15299899638210945
20300 291.92565651131172899
20400 293.85459450670651904
20500 340.68482373089835846
20600 294.71591121027626059
20700 296.6257082129213245
20800 294.12842092368953217
20900 342.99214344792869724
21000 305.29527429521903059
21100 303.79010162722573796
21200 321.62090739655377547
21300 294.24768399649184403
21400 310.41072674155560662
21500 289.8338562992827292
21600 295.57664831336018096
21700 316.47859967904093992
21800 300.24881587822062556
21900 330.85915498513799093
22000 324.5022043169136623
22100 307.66364325074084718
22200 305.90031270079691694
22300 303.81247593231785231
22400 325.02177675745247143
22500 291.50053509247612737
22600 329.5100729345167565
22700 314.36886091369990481
22800 304.99447162882989915
22900 320.14365527969687264
23000 318.02433876399925339
23100 294.422355343832578
23200 299.18716831831852687
23300 291.49826713740901596
23400 324.15607023234133521
23500 328.22755766106547526
23600 302.17096733645917084
23700 316.71201612815042381
23800 317.93450694657252598
23900 322.99086058275815958
24000 291.39582699542967248
24100 310.95851657802853651
24200 295.02451466622613907
24300 318.35111579490313716
24400 329.48931726012568788
24500 301.66132981008911429
24600 316.22427085788820023
24700 303.0895928327048523
24800 323.51524791535905479
24900 304.9083953583535731
25000 317.19563605936411932
25100 293.08989553075093681
25200 331.68502963566214703
25300 327.17402871677580833
25400 311.3823856022762584
25500 304.24132939381229335
25600 311.00084751525912452
25700 305.36497126810075997
25800 306.29997091629388706
25900 311.74946726044703382
26000 319.48249186157318036
26100 306.09379240498958552
26200 318.97203211633370756
26300 299.57705290304500068
26400 312.49502245985365789
26500 334.13142708525879243
26600 303.60638982281187737
26700 306.74063481438270173
26800 316.72134425016412251
26900 305.07162693199148862
27000 299.8649712722291838
27100 299.75309545105056941
27200 303.77183443798651297
27300 310.49839635019378647
27400 289.31636415600183909
27500 318.17121690984276938
27600 318.41587026789591164
27700 317.05177660243202808
27800 308.44562203205305195
27900 301.65027093089435084
28000 296.05814255841153226
28100 301.53748628088510486
28200 309.42016440225586393
28300 294.1131704521481538
28400 291.35775394962467999
28500 298.53571185032069479
28600 314.64669698720928182
28700 312.13520065279857363
28800 315.77119354917516603
28900 303.37971405260361735
29000 298.7567211769229516
29100 298.68209339016743797
29200 310.5246182618367925
29300 315.99136675374103334
29400 302.5793417642128702
29500 292.60467689565820137
29600 307.03762341075258746
29700 294.46510553492527151
29800 299.34587389796394064
29900 296.83535571475886172
30000 307.84384209628643703
30100 301.50447541103636695
30200 307.5059694843989746
30300 324.76391192679216147
30400 318.61474785278659283
30500 303.78522785257769101
30600 315.8144389171433204
30700 306.01672768405779834
30800 293.95034773930433403
30900 299.39464477617019611
31000 311.81266883591922578
31100 301.8181994981173375
31200 303.47740034596574787
31300 302.14175113614896873
31400 317.87721833907949076
31500 280.6923300212133654
31600 316.99273218528242069
31700 303.09054047443765967
31800 305.98868752766350099
31900 312.27231301154336052
32000 327.26133258084018962
32100 300.39323467610324769
32200 305.85566117171612177
32300 289.29614608318360069
32400 311.27778718177552264
32500 303.92299625068676505
32600 312.37289388466820128
32700 294.10429657047467344
32800 297.44391560098034688
32900 311.79765446276491048
33000 323.39036114231060992
33100 308.53086356645758315
33200 297.24748923570427905
33300 314.97109442748160291
33400 324.4526665614893659
33500 304.89966057591544768
33600 301.89706063667330227
33700 309.74826536722241599
33800 313.49096410362761844
33900 300.40576150326756988
34000 289.42519041468653995
34100 296.75152832820936055
34200 310.91268705578460185
34300 315.80447254451200934
34400 324.66409713111863766
34500 316.83333792311884736
34600 309.21235395197390972
34700 311.68684270032809991
34800 324.02931640781037004
34900 290.28408613531479432
35000 321.38483369784870547
35100 302.46546778487294205
35200 303.40511499166262865
35300 292.9070883292094436
35400 324.21653254831119284
35500 311.69045420322868267
35600 299.73268433304360769
35700 290.51115787995348683
35800 326.48384337957071466
35900 301.2720590096654405
36000 329.6491806939833964
36100 314.35111135467388976
36200 316.63446648395211014
36300 312.41138266298787585
36400 306.13751212795995116
36500 312.12684177885051895
36600 300.08466133060767334
36700 298.25969764379686922
36800 299.48946237343864141
36900 327.82558184318497752
37000 325.87266366404304563
37100 303.46007686427384442
37200 324.52237898296436924
37300 296.40712419498839836
37400 299.17159726476012338
37500 301.33919755273433339
37600 319.80122723615426139
37700 309.01543629965931359
37800 316.14286522149211578
37900 287.35446627444918022
38000 316.26731978754958163
38100 310.93562502587536756
38200 306.36452395291172479
38300 288.33206616628717711
38400 303.7161365732520153
38500 297.8836370697709981
38600 333.83053978414039875
38700 321.19963908333443214
38800 331.80136068611210476
38900 306.1941416994390579
39000 327.13916511549768984
39100 295.48101823259924004
39200 316.27557671810308193
39300 287.6879792104280682
39400 316.34523653302608182
39500 294.87790366701233324
39600 310.86685845275502516
39700 289.46813120044743073
39800 316.48512039405619589
39900 334.48313874438662197
40000 336.19905175964714772
40100 314.94030159144506342
40200 318.42958327729655821
40300 317.71093510858679565
40400 298.17537223835000759
40500 296.97832376948105093
40600 311.60621642557083533
40700 305.27319781807784693
40800 294.39406071046528268
40900 299.49282074468436576
41000 338.26281989011965834
41100 304.81985578759622513
41200 312.81282862433783976
41300 305.09959976781988189
41400 329.98475454983906729
41500 318.53699036809143763
41600 306.48127378703827617
41700 296.50468850133614751
41800 325.11078864702079727
41900 308.66826330744584084
42000 310.55642399092198502
42100 311.58117008448152774
42200 300.04819700621197853
42300 320.45874952687313453
42400 315.39774036733291496
42500 305.22152872675292201
42600 291.70097758895985862
42700 299.6037328917935838
42800 325.24349259764005637
42900 321.53710415217437912
43000 301.80032419028435697
43100 331.43969180463511748
43200 308.8872096276242587
43300 310.76973388114765839
43400 302.66023254529295627
43500 301.27166577829672178
43600 304.5619994104563375
43700 315.97267029221524126
43800 303.26559383760150013
43900 319.50933913383937579
44000 322.45751526325591385
44100 286.8694765015699204
44200 303.35655898879639381
44300 315.02684956196310395
44400 321.23108880091291439
44500 286.27130259233655352
44600 297.46878325198110815
44700 312.08271173035507218
44800 316.73948841397054821
44900 308.10833169328253689
45000 289.97518846945547466
45100 299.41904163155294327
45200 313.96857835293116068
45300 318.16988394235096393
45400 284.02471660484155791
45500 321.25717015918183961
45600 308.21480980234184699
45700 295.71461354660004872
45800 330.75098689340944702
45900 321.14601330781158595
46000 293.5421200305714251
46100 316.24524071192251995
46200 305.50451263226784704
46300 312.82575839041709287
46400 309.73589282530627997
46500 317.47409662936468067
46600 297.45325132565307058
46700 314.05733047124999757
46800 309.83379706731449232
46900 317.81895131130409027
47000 309.36256726093205316
47100 306.64937217683109338
47200 317.84635185254478529
47300 300.73791327689269792
47400 320.97994648571517473
47500 312.32813186623678803
47600 319.5816635441976814
47700 318.6468329492725502
47800 298.79094857387235606
47900 310.31721145562880793
48000 330.17536974589791043
48100 298.28691261708621596
48200 322.06096086829415981
48300 309.14567604064501438
48400 303.59807411069562022
48500 324.02243504003354246
48600 324.33019036813425373
48700 338.93296735885223825
48800 335.70540441628008921
48900 324.70688975510574892
49000 293.28739550517303769
49100 300.61072980830169854
49200 309.72807468945364917
49300 318.56533954849601287
49400 323.75098502665815658
49500 317.77136377211428453
49600 317.44205120990278601
49700 309.53533467752362185
49800 329.09883888178660527
49900 324.48690699115104508
50000 315.23444915626623697
50100 315.8521982434311326
50200 308.02667297095206322
50300 327.15142978096417892
50400 314.29138360833729848
50500 311.08908527474653738
50600 312.04530100387938774
50700 329.17732199821847416
50800 303.12132600686817341
50900 307.27437939434889813
51000 324.34745058118431871
51100 308.01928503725645214
51200 319.35628635990138946
51300 321.57250697592195365
51400 318.66210918585846912
51500 326.30813844783097011
51600 316.02083848254540044
51700 314.47645794736115477
51800 284.43616327600619798
51900 298.03166945589799752
52000 300.62540128474233825
52100 307.23095263623474693
52200 319.65016903754656141
52300 316.12251277594305066
52400 299.90091661485206487
52500 315.13405225352812522
52600 307.42396341957953609
52700 318.68629255974497028
52800 288.48558653444621314
52900 314.01924655416570431
53000 300.92307074541599832
53100 307.05594916906420622
53200 320.72495634272689813
53300 305.21893824663459327
53400 296.72935943033763806
53500 290.08547757332064521
53600 298.77694706356777488
53700 304.85615250002530274
53800 304.55131886098422456
53900 303.27674894771968184
54000 295.79717622990676773
54100 315.90536619980326805
54200 292.70782112439559342
54300 313.32103509960427346
54400 319.07760842745540231
54500 309.62055130831737415
54600 293.44519555746597916
54700 306.30636633375291922
54800 312.18479338814381663
54900 299.18433035363585759
55000 317.8571865011217028
55100 311.65506092877257061
55200 302.61726909626713677
55300 313.38765321801713526
55400 311.70581682620445463
55500 320.2406140006626174
55600 327.54574109822505079
55700 313.61049372235777355
55800 309.76657058587863958
55900 306.03661778705003371
56000 315.9468506289433094
56100 308.16964475051071304
56200 303.25427204529938763
56300 325.73960042858573161
56400 314.62313463976755656
56500 319.87087445966693622
56600 292.98469534918154977
56700 309.68296129327535482
56800 321.05141859686841599
56900 316.07204131113684298
57000 315.76790546547954364
57100 324.91712807424966059
57200 295.69226047872950858
57300 316.07002837391945604
57400 319.3445539180181072
57500 318.2258553401513268
57600 302.80693202674109443
57700 326.05962712798344683
57800 322.78668859115657597
57900 305.94965820226633468
58000 327.12882141578779738
58100 328.0947992117532408
58200 322.0147146100840132
58300 315.41539505511121888
58400 331.99300912888389803
58500 307.60140207745860152
58600 315.68327864669748806
58700 309.83155844087741571
58800 293.69840397133481247
58900 335.25754308201794629
59000 305.58776709045031339
59100 321.33506209852544089
59200 323.1487761229619764
59300 323.65344390093611082
59400 285.3891279753197523
59500 321.12004179443812291
59600 322.76869608837523629
59700 326.99289375908051625
59800 300.42069665130054545
59900 330.76090588033201811
60000 305.38269386466708966
60100 309.31141423822759862
60200 286.42397872645130974
60300 303.47177351759938801
60400 299.95235327126641778
60500 321.84416173378639314
60600 312.52396340512291317
60700 313.90895657724882994
60800 338.01528737348820641
60900 326.70012674621665383
61000 306.08259073516404669
61100 325.776267982759407
61200 279.40988057016244284
61300 300.96924071432988512
61400 320.25629999595753361
61500 320.50754187666387907
61600 285.66558069908415973
61700 290.26244619836950278
61800 299.86481653127918889
61900 313.27951621675157412
62000 314.50978499604889294
62100 317.41660775324754695
62200 305.95483650433283174
62300 310.76077753344486609
62400 290.29449916609343063
62500 312.15961553781522753
62600 314.32249520093711226
62700 311.889711811917266
62800 305.70172353670733401
62900 317.45637372744192817
63000 311.67434579453413335
63100 304.38610888977268587
63200 294.13294613340110573
63300 326.61040006390675217
63400 301.95422268791071474
63500 307.76373856173006516
63600 320.65005037422565692
63700 311.8783115289397756
63800 324.28771108810650503
63900 314.17784781652164838
64000 315.28759599911103351
64100 300.18385718425264486
64200 317.99327757553874108
64300 296.14448737312801541
64400 300.28776909090856861
64500 294.32663155184570769
64600 300.23490614844598667
64700 310.70792614601231207
64800 331.96766697655243661
64900 318.48524195133313697
65000 283.10277705070603815
65100 300.24852831656403396
65200 318.3681144364904867
65300 311.23921817148311675
65400 318.21183043799072721
65500 313.5989087665877264
65600 300.77569032955449302
65700 330.54077547196749265
65800 318.45911423296058729
65900 297.57278739442057258
66000 320.32868215031339787
66100 303.68039536883986784
66200 309.01231475851506048
66300 303.7240764479521431
66400 308.05417247784561141
66500 318.52111501787197767
66600 311.91899745254482923
66700 310.00335985892928647
66800 310.58840455260917679
66900 304.33454951695824775
67000 328.42333154159666719
67100 288.21764878744551197
67200 303.49877840366087867
67300 312.86669495170366417
67400 317.68480850588787234
67500 303.82328236180995873
67600 312.91656538768017981
67700 292.72826754956264494
67800 310.65355021646985278
67900 300.71907879788739137
68000 306.53457333890980863
68100 314.91217337396432185
68200 319.17307083335543894
68300 304.08727321001811106
68400 300.91225419506275784
68500 326.60364946939205311
68600 298.68076049925736015
68700 307.35447316714129329
68800 298.05220694484739852
68900 314.30026271861208897
69000 290.26045563127070182
69100 308.86709793047543826
69200 325.16655773485894088
69300 300.10271842735824066
69400 319.41361188001656046
69500 295.88402416951765872
69600 294.35227698351422987
69700 302.97557414910932039
69800 310.0723182607444528
69900 300.26895781087984005
70000 303.59709609285459919
70100 289.2215270978944659
70200 300.34613314847211996
70300 303.61708175477656368
70400 319.60534673866175126
70500 296.83422424399140027
70600 339.41443215955331425
70700 312.45008506212582233
70800 308.97433529124958795
70900 298.43043852612561295
71000 305.31293286128578757
71100 309.99359452417360217
71200 302.75470660704689863
71300 305.28992145073544862
71400 307.66832399377346974
71500 303.93191271234627493
71600 301.73681913581208391
71700 290.12015176415502538
71800 302.58746176469668399
71900 316.63609910759367949
72000 302.1302323632696698
72100 303.64898160036256058
72200 312.61249527995408926
72300 303.63436609706400304
72400 316.33654041794591194
72500 301.14153882589158684
72600 299.38643371995067355
72700 289.48918682422913662
72800 308.94803499872693919
72900 295.92595916219835317
73000 309.76213096904484701
73100 311.05055330776963274
73200 318.39244162420465045
73300 319.3876240927840513
73400 322.79069601437333858
73500 306.16707587247253741
73600 319.98912948177286353
73700 297.59126507042338972
73800 314.50745268024553525
73900 295.84041017338859092
74000 309.79774224444366837
74100 307.49959300311468269
74200 312.67103974860157223
74300 316.30860320718915091
74400 321.27013895606324922
74500 310.96850131846429122
74600 327.37483825642516422
74700 305.85905373624200365
74800 308.51112909112180205
74900 314.06072126279474332
75000 323.11065428907539854
75100 318.51832164217205445
75200 312.1449352740863219
75300 312.77065185905001954
75400 297.6410106902503685
75500 309.7529842730953078
75600 308.83586410887056672
75700 329.08140757373098495
75800 323.19285921864900502
75900 291.22421359676735619
76000 310.12617187213896841
76100 316.22465012520660821
76200 309.3487636028805241
76300 308.61283405404640234
76400 317.5070817972401187
76500 309.775294077034971
76600 297.47376182778998555
76700 309.50545399844861549
76800 301.13769291441820997
76900 306.01291980112506508
77000 318.10030279984994195
77100 302.17854925442964031
77200 302.09941185847162615
77300 296.9923229583150146
77400 310.71889929453982404
77500 305.10042464151166541
77600 307.56010040022499652
77700 319.19867879827654633
77800 296.06187120616834818
77900 298.35709839663985576
78000 317.75731435039131156
78100 308.67429411155433172
78200 311.52737458841392026
78300 292.42894542100805211
78400 306.13801545966185813
78500 293.46113331864358997
78600 297.3093384328534512
78700 301.20407199348966287
78800 303.60708261746071912
78900 304.22561945005548978
79000 306.56976173731720792
79100 308.32619301188674399
79200 323.31256983341216937
79300 294.3792114476167967
79400 300.88386881015651397
79500 286.24126170726276541
79600 303.43066695218141149
79700 306.60381200189880246
79800 298.94972118817184992
79900 281.04950013634510242
80000 303.16330498082595568
80100 323.99563949378341476
80200 320.54263345692692155
80300 286.37655509536205045
80400 320.53482849634298191
80500 297.86280522575503937
80600 295.25737237589538609
80700 298.91060092344696386
80800 302.12630789269434217
80900 311.47766181543943276
81000 307.11116379963181089
81100 306.61981509385088884
81200 286.35397798092651556
81300 306.0052590088395732
81400 311.92995392691324241
81500 314.90537199973715587
81600 319.04173801072545302
81700 318.30202992870670187
81800 308.02282671500887545
81900 308.33445312496917268
82000 310.93453427555795088
82100 314.29008443072183354
82200 304.64514067115027274
82300 314.49399837545553282
82400 299.46798391769453929
82500 307.75700027044740636
82600 316.79809928776916195
82700 312.83705262428725291
82800 311.98150337080483041
82900 311.6237473007203107
83000 325.52175976469101215
83100 327.70983011598633539
83200 304.22438729824045822
83300 300.56950195319632257
83400 333.62843185230497056
83500 335.04753248341393146
83600 302.51034397836417611
83700 298.76719172867171892
83800 307.91700307937969683
83900 299.22076152937245297
84000 316.59152888269431969
84100 302.68425115173386075
84200 325.97866446514046856
84300 314.44172611468172818
84400 315.97651790774852998
84500 323.08085240343399391
84600 304.54811561632351413
84700 319.53476362805196231
84800 326.33608398702796194
84900 330.6833523402863193
85000 304.16776404604320305
85100 294.6043620210778613
85200 329.10265665222487996
85300 309.23558287900596042
85400 316.9919606649204411
85500 315.9711437001923855
85600 305.71571164802685416
85700 312.00157410510706768
85800 328.44096814320948852
85900 324.15896627612863767
86000 309.52162076058561979
86100 307.06107383248604492
86200 315.34915530420033747
86300 290.80401803042838083
86400 312.89173083749443549
86500 298.15414071433923482
86600 311.80431331183797283
86700 315.34294394648571824
86800 317.90352781587125719
86900 301.52145705037492007
87000 301.55562522952862992
87100 305.19865490213010162
87200 306.34984517918434221
87300 302.53983824552733495
87400 333.01892660130005197
87500 317.22694060698364638
87600 301.15607368415629708
87700 301.22706246404095509
87800 289.99048395985545312
87900 318.1652939752523821
88000 296.64753561630914191
88100 308.97275664300354947
88200 302.48468502552844939
88300 317.22799202031723098
88400 297.42886299845082476
88500 307.64317197928073711
88600 317.57086823224182126
88700 318.64175251281437795
88800 312.06240055932391897
88900 302.11945181280600536
89000 289.22247378998673639
89100 313.50107336044902695
89200 312.23705539736107539
89300 312.02904521340764177
89400 299.41761564320887601
89500 305.19815246476298398
89600 296.59569739066347438
89700 299.74964407301172287
89800 299.6996608207516033
89900 329.99209017168351465
90000 305.63884395424241802
90100 332.19275240824947559
90200 304.93790604976084069
90300 309.76633093120960893
90400 297.73101229083670205
90500 298.70587858745710719
90600 319.24826319531473473
90700 316.50724686167365007
90800 304.09441407351789621
90900 302.82996035849583905
91000 293.1717857313138893
91100 325.92753341713836335
91200 311.90908674734299666
91300 330.6212321572069186
91400 313.75558760501866118
91500 318.43760141450854917
91600 302.11135420928809481
91700 304.8647178577002137
91800 316.14897235660413344
91900 316.563912094830755
92000 314.44511564248364266
92100 294.31910094643893672
92200 291.71061538071120367
92300 310.97128175123572191
92400 307.35981796125724941
92500 329.34475776758921484
92600 327.16849023287920772
92700 313.06022437361878019
92800 319.52338744207844456
92900 308.06284905862798951
93000 310.74864117776593275
93100 328.09303507136519329
93200 304.95144693047933515
93300 308.71438467778040149
93400 306.91897357645632383
93500 325.28656711273180235
93600 306.90422921187666816
93700 289.97329958109173731
93800 302.21296785043335831
93900 321.90052704606631551
94000 331.33413523599250539
94100 321.38758761114485196
94200 310.43300884180501953
94300 319.718001210942532
94400 324.67513602044272147
94500 315.54962075306258384
94600 298.64464227141763786
94700 323.62072711429891569
94800 305.52708847351641452
94900 300.52560143868095111
95000 310.40149012002427753
95100 317.35568195460581364
95200 315.43017203285324968
95300 310.84093188183692291
95400 333.62022071435580983
95500 303.27321278573646168
95600 310.7917895336362335
95700 309.5954273711387259
95800 333.13272903761782118
95900 321.0766687886863906
96000 289.52432903619956051
96100 317.10615064350156445
96200 321.1513515567053787
96300 316.58626969352008018
96400 298.29436123622389232
96500 309.28649472639125406
96600 307.33766057308395148
96700 298.99764294409078502
96800 319.51489913835911238
96900 326.31811023121196058
97000 311.21496836963143551
97100 319.85615581770872495
97200 303.29472407910719767
97300 306.68977033185177561
97400 306.19019457235049231
97500 321.93906804093268192
97600 292.7789123791570205
97700 315.5011416537111586
97800 316.12580575621223034
97900 317.48087048792297082
98000 305.04060362633134673
98100 307.91567541739857461
98200 309.46182221143970992
98300 299.9120899305637522
98400 319.97089794612753622
98500 299.79969841057157964
98600 306.95433209091976323
98700 303.56500369522643723
98800 305.98988296258818309
98900 288.78071522948067695
99000 314.20874601459996711
99100 307.54339572232612454
99200 316.29290211090221874
99300 318.15885239034957976
99400 299.49038720317696516
99500 303.29794646164981486
99600 304.90498293351004122
99700 307.63180979917160585
99800 321.39124662012363842
99900 313.36964397337141008
100000 301.08786426188294172
