# Fix print output for fix printTemp
0 310
100 271.16012040329098909
200 315.625613612022903
300 295.58719366098517867
400 323.12626327245720859
500 300.25392334233606562
600 318.43844031694550267
700 312.01666929104146675
800 313.09504903452420876
900 316.16213585750358561
1000 347.53761209253906372
1100 293.51322612735310713
1200 377.48338629819170364
1300 278.45939937461986347
1400 349.3629583168100794
1500 313.69165521433740196
1600 309.39483718776693877
1700 303.08602088847078448
1800 319.31249029030033171
1900 300.22689209565157853
2000 299.96051182891335429
2100 311.89468949276584908
2200 314.56110286541547794
2300 293.63323384718432862
2400 347.48849079636653414
2500 309.37335312523697439
2600 336.19622916403676527
2700 314.93282999611216155
2800 325.75295890021607192
2900 315.58311468253447174
3000 297.75861745125996549
3100 283.46174583297096206
3200 291.8882101780479843
3300 317.83150431730177843
3400 328.3443502104619256
3500 291.98589450695743608
3600 310.95566422032811715
3700 303.27172685324046597
3800 308.63321932985712692
3900 305.7762285325690641
4000 309.7196661319053419
4100 287.60332079216146894
4200 255.19605005339909098
4300 326.16730080499161204
4400 272.81834303991496427
4500 304.63064271954596052
4600 335.30808457262844513
4700 295.43942641552888517
4800 283.562039438026261
4900 303.92279150882967542
5000 299.56671367892738544
5100 343.37501379683197911
5200 299.96594914575933899
5300 299.6138851029769512
5400 299.77254957479590303
5500 296.72882471256281178
5600 311.33710124007518516
5700 301.24146585169893342
5800 312.66862817275909947
5900 283.50151681958215022
6000 312.75065245869876662
6100 315.83392367061560435
6200 285.66692863613786812
6300 310.67837769593859321
6400 326.53901618288080044
6500 308.77140103307209529
6600 300.36622699879404763
6700 280.08379036107959337
6800 313.96971418845669177
6900 274.65538886565582288
7000 336.02622020902293798
7100 282.73046075686113454
7200 328.57160105052935251
7300 299.91361147567414491
7400 334.27096076827712068
7500 290.59360354812753258
7600 303.69340453087852438
7700 301.26134618204679327
7800 302.28254452169551314
7900 292.51607722352952123
8000 319.07863412961131644
8100 305.63262450764727873
8200 289.65482772613887619
8300 298.31196798157986905
8400 319.5708544637346904
8500 319.42128520577904283
8600 336.89744035657446375
8700 300.53319710636549189
8800 328.93007345899275151
8900 305.29388322205119266
9000 311.37739752771943813
9100 285.17709332964784608
9200 324.75568442716985373
9300 298.29443472354898859
9400 316.84450748954901655
9500 300.40473148032936024
9600 319.71666018717695579
9700 316.85052201853977749
9800 336.19182324171441678
9900 318.65645032521160829
10000 322.8185638965149451
