# Fix print output for fix printTemp
0 310
100 276.30451321283374
200 315.68815407755778324
300 287.09608345070557789
400 320.8787579471799063
500 291.50278041853562172
600 323.34103826786633817
700 321.30611555771679377
800 317.18807730211210583
900 297.90807682856075189
1000 327.65252152116840989
1100 310.87406893948974584
1200 382.3041516217432445
1300 293.83718674938393178
1400 354.7213917834283734
1500 313.54647584907468172
1600 311.25817080011637472
1700 297.72654939049601808
1800 315.57371707846721165
1900 294.56496308871629708
2000 301.7368999451616105
2100 301.63776174648216966
2200 303.42896272612841813
2300 298.08316468795879928
2400 327.36431162959007679
2500 320.58857853464991194
2600 309.17259276254742417
2700 313.21058172147593268
2800 316.41381900597406229
2900 318.81973508770369108
3000 304.3858913918198823
3100 289.42099565954674745
3200 293.57531734094067133
3300 320.96153594716548696
3400 324.43009559400513808
3500 288.04164647458696891
3600 290.37814391487330568
3700 326.46617915410263322
3800 319.80031225926933303
3900 325.43477637398041225
4000 321.15783077410281976
4100 317.34184207472071648
4200 278.88647497185331758
4300 295.42149260607897077
4400 302.8645669567714549
4500 333.18565443976638107
4600 324.6717868657173085
4700 312.50021523427699321
4800 302.29266842705044382
4900 307.54225152560240986
5000 286.04150362450133116
5100 319.86519810187314761
5200 319.16910228237537694
5300 313.7924997077937519
5400 314.01504694212059121
5500 314.91269230807222357
5600 312.46507710289523629
5700 304.60214230958104054
5800 322.59594652153469951
5900 315.01928314775904028
6000 309.2731885561580043
6100 298.66674706743401657
6200 311.50691758611077375
6300 291.79281249159510025
6400 316.1179824907890179
6500 296.43115519687438564
6600 339.69889591379342164
6700 315.90331848043649643
6800 313.55069690359164269
6900 289.91646820247098049
7000 324.24410739135890935
7100 283.96212213340788821
7200 315.38010542197287123
7300 322.56301461013009657
7400 319.43848772706195405
7500 300.89978316383906076
7600 308.91233894385112535
7700 326.58304862228698084
7800 300.73071374524914745
7900 305.59655704067762372
8000 295.92114659876415317
8100 322.75568981886459596
8200 294.62668635691159125
8300 314.84257975929722306
8400 358.23152611169427928
8500 317.19535116452004786
8600 316.45328199051652973
8700 306.05702034944670231
8800 311.88917630389823898
8900 295.00390465848920485
9000 290.31572973661894821
9100 305.80728119718480684
9200 308.17481270029861662
9300 332.5954135584498772
9400 302.29207371954151995
9500 313.81369532335486383
9600 304.50660296354419643
9700 325.30252954954437428
9800 319.49511390605704264
9900 321.77505033149594738
10000 295.22366118549075509
