# Fix print output for fix printTemp
0 310
100 272.48681109474267714
200 313.87665545368184894
300 291.54109804175595855
400 320.84840117701793361
500 298.2447929752306095
600 318.86900063610096367
700 311.85914489809334782
800 311.89778504191968977
900 313.85262976034368876
1000 339.50310132124718621
1100 297.01861227343397331
1200 381.05762889199064603
1300 280.52809920024850499
1400 349.54866451901273194
1500 314.31703279283090069
1600 308.66244973769261151
1700 299.89569582406056725
1800 318.59179249212485274
1900 303.9988441798346912
2000 295.04053063841666926
2100 315.39447745966532466
2200 313.9199406947215607
2300 291.70443710116614966
2400 342.59655740559969672
2500 312.74851079115319408
2600 330.8067229339733899
2700 317.77009292622187786
2800 326.47437777572434925
2900 316.03151269944800106
3000 298.41804270324161052
3100 289.08851193555233294
3200 288.37877673455921013
3300 323.22314244884842083
3400 326.03235641019114155
3500 285.89244596572143564
3600 308.68570775194444877
3700 304.62222737874787981
3800 309.10563808723134116
3900 317.53659385751785749
4000 313.386292015587685
4100 288.38424952662131773
4200 250.86514699923449712
4300 316.50543904539989626
4400 271.33741016755044484
4500 309.45260679135407145
4600 329.30772600709491371
4700 299.13473278649712483
4800 272.06757900978783482
4900 305.20618663792845382
5000 290.16507521399989855
5100 338.13322728629259473
5200 294.69223175498615319
5300 295.83228671953344247
5400 310.11198693420476502
5500 294.89549121101703122
5600 308.46395089570478376
5700 300.85075734613036502
5800 306.12760798664197637
5900 289.65745517601158099
6000 306.45961707490744175
6100 310.29635128680763501
6200 283.96481033074530842
6300 297.63495483766052985
6400 325.17061248120660366
6500 306.33955803363278392
6600 307.50288881779050598
6700 279.72421901912105113
6800 315.00811940804902633
6900 277.95149738648922266
7000 331.49321862478075218
7100 287.91640640717508859
7200 335.34240269162631876
7300 302.75823972230648451
7400 327.23389203252332891
7500 290.2165402039553328
7600 300.65375316799759275
7700 301.85531441268869912
7800 301.17258503438614525
7900 281.12598210807664145
8000 318.59124655443434904
8100 315.75074124344763504
8200 291.20332582143493028
8300 295.88247248125856004
8400 317.85609097933007661
8500 321.24278029478745111
8600 327.39179375566703811
8700 310.59016561155635827
8800 320.53952180623019785
8900 301.22705699899205456
9000 310.55985650737034121
9100 281.54682752127911272
9200 336.11843263597739906
9300 297.17762364996298174
9400 312.85555847480088687
9500 320.01249218259056306
9600 318.10892270332368525
9700 306.24615201201669379
9800 321.06656902324482417
9900 325.64573234034031657
10000 319.9640011465045859
