# Fix print output for fix printTemp
0 309.99999999999994316
100 273.47958715717703626
200 324.21810812451610673
300 301.60990068378060869
400 321.17304635605108842
500 303.56847828708481529
600 316.64319612153508388
700 318.46608230947083484
800 315.33687267797336062
900 300.28083312292130813
1000 343.82564952036824479
1100 266.76702931061566915
1200 356.38469962528824908
1300 315.67524421553366665
1400 333.57367867288002117
1500 305.28159429465677022
1600 311.02847813952308798
1700 301.8137502520295925
1800 323.81559493611842981
1900 313.51896489158752956
2000 312.19799880478467458
2100 285.9505730342308425
2200 324.14157162354251795
2300 256.4345416042841066
2400 330.02897213737378479
2500 300.66648720308756992
2600 311.2543336879809317
2700 298.82441300733302114
2800 308.94693039011832525
2900 316.72981021815257918
3000 299.62470748707198709
3100 288.96066909463928596
3200 320.95160911695705863
3300 326.18366386373344312
3400 310.44574856602622503
3500 287.7996904405599139
3600 342.34440933009869923
3700 293.00148481485700813
3800 298.31876042533929194
3900 290.06267165417654041
4000 303.15312635713416967
4100 288.12965965358546327
4200 340.06935971801260621
4300 318.6281052019019171
4400 324.74855985727612051
4500 322.82354339170819912
4600 306.85283942207576047
4700 294.98583748557786066
4800 327.92886636648290732
4900 327.32125782367683087
5000 333.55327150126925062
5100 331.15725588097978971
5200 306.17919328620206443
5300 320.2186883562722528
5400 304.63707234972781634
5500 332.70110863726466732
5600 323.7350624989279595
5700 354.56800464979136223
5800 290.55618752882497802
5900 267.93670551460257911
6000 309.44751001845975225
6100 314.50156281951257142
6200 315.54899256648565142
6300 331.57422104830789067
6400 326.86610882326488081
6500 333.3220540959820255
6600 297.97490521587417334
6700 310.10561104924983056
6800 299.04832355243502207
6900 347.71558311018668519
7000 306.18171808252560595
7100 312.40236432141904288
7200 305.96255057301135594
7300 289.5178171439158632
7400 345.90885056262146691
7500 314.30838405953716119
7600 300.61028374165346122
7700 306.3773577787595741
7800 322.00600844671293999
7900 330.33291888162278838
8000 310.51049686238047798
8100 316.78814821901011101
8200 294.63804978150881198
8300 279.21766818595926907
8400 312.46495867668505753
8500 312.3062386748850372
8600 323.96510353225176004
8700 323.54449338789629564
8800 280.27703706737531775
8900 306.53900270799437067
9000 283.64342575732018759
9100 315.72422744527347049
9200 273.32525201691618122
9300 317.19122107115066456
9400 291.84248819365672034
9500 312.38393872440445875
9600 305.25332973532925962
9700 294.70745470491220885
9800 310.52710382022843305
9900 309.08227985380045766
10000 314.69974626212234625
