# Fix print output for fix printTemp
0 310
100 271.25396967492690692
200 316.66121264249176193
300 297.34160665475423002
400 323.4948816895466166
500 301.24418774171357427
600 318.03512670606215806
700 312.91020330255344106
800 313.49666733072018587
900 314.23799171715131706
1000 346.52078167746810777
1100 292.31170235968068027
1200 371.91410031014811466
1300 281.7339509267129074
1400 346.9367348053195883
1500 312.90346774828287835
1600 307.91432914335831583
1700 303.33070703379434008
1800 319.96225104191256605
1900 307.86472465160932188
2000 304.98795468883082549
2100 310.26712096146059139
2200 314.92194486965559008
2300 294.09442828490011834
2400 347.07850560805030682
2500 306.95832658341299748
2600 336.14232996515414698
2700 316.22415050674868553
2800 325.93302849228814466
2900 316.167620204339471
3000 298.66529253344157269
3100 283.00453627435763337
3200 291.96359113407868335
3300 314.78547751437480429
3400 325.16566721407457408
3500 291.61068591785709714
3600 311.32926896048564913
3700 303.0272077772589796
3800 309.90785511541531605
3900 303.68830459972161862
4000 305.14549604724527399
4100 290.04411945151565533
4200 255.39955817749282119
4300 324.90243943190347409
4400 271.43290189680652702
4500 307.40706991212260846
4600 335.07646928891904281
4700 297.57223150124121958
4800 287.9639150756168533
4900 301.47036891375421419
5000 302.82675685372760199
5100 342.85985265173621883
5200 300.25326075368246848
5300 302.34658056824991945
5400 301.20907679181965477
5500 297.18651839635464285
5600 315.54104421646371748
5700 306.58954899402687033
5800 318.11150239890173452
5900 273.28057783509240153
6000 312.90762810756194767
6100 316.52725424070047211
6200 285.33738959217072306
6300 308.43340897853551041
6400 323.47598460378583241
6500 316.86720667229542414
6600 302.01954484640225473
6700 279.49535870522169034
6800 308.86324980278413932
6900 275.44100137671921402
7000 337.2686909022026498
7100 281.41244788931641096
7200 333.48449405327568229
7300 303.81160143328378354
7400 337.93800656659010428
7500 292.06195964296171041
7600 301.78321066845524001
7700 301.35019685547064228
7800 299.65891569890794699
7900 311.49455016075199865
8000 315.74368500200910148
8100 304.49516838426166032
8200 298.10706176898725062
8300 311.7042385409193912
8400 318.2052240171539097
8500 320.55655854306513675
8600 344.67600951350704008
8700 318.41288353219141527
8800 312.17682491792635346
8900 312.46236445284944239
9000 303.68548905747752542
9100 296.83481568763062342
9200 343.39061482570025419
9300 296.83890136834094164
9400 326.17343281205091898
9500 300.4584994956387618
9600 326.99188460351825825
9700 308.39131658566793703
9800 333.41461788366626706
9900 315.1856331415887098
10000 323.37119437773907293
