# Fix print output for fix printTemp
0 310
100 273.23591636492830048
200 313.41667395808212859
300 290.08931441860676159
400 320.04803870781296382
500 297.37797633427106803
600 319.13525799504520819
700 312.80398461079079198
800 311.28114888831197504
900 313.47658118956536555
1000 338.73936428959802925
1100 299.94452308270183494
1200 380.56394005934470215
1300 282.44172637257020142
1400 348.81876108903298928
1500 314.31826839141962182
1600 308.83680479101485616
1700 299.60100623544718701
1800 319.52233514949375603
1900 305.82467767410702209
2000 294.11113028578381545
2100 313.70842656204484911
2200 312.5070182508986818
2300 290.05526369914645102
2400 342.47474238342084618
2500 316.36818048065850917
2600 327.94464032050154856
2700 320.0040029157841559
2800 327.45011359581098986
2900 316.87622764920951113
3000 296.79322905218845108
3100 289.08040412821935661
3200 287.364456198413734
3300 326.56334806314856678
3400 324.09650480856595323
3500 286.75481352977612914
3600 303.8771244932756872
3700 310.25944630354462106
3800 308.94727893814132358
3900 323.73431558517449957
4000 307.27635116883305955
4100 287.28479589575016462
4200 248.22049673236406875
4300 316.04368630561447162
4400 272.4392226510857995
4500 311.34587936679497489
4600 325.45537237174465872
4700 297.37793650539930468
4800 278.51727565911841111
4900 307.77692128784173065
5000 285.8838041515531927
5100 339.59853916913374405
5200 285.20096250772223812
5300 296.25598844570328083
5400 312.79334636589572938
5500 293.43270840053520487
5600 306.28556750838174594
5700 302.40249792835430753
5800 310.14992413409351002
5900 293.6325677365549609
6000 303.26493077494330919
6100 305.64514272260123562
6200 287.00606002335456424
6300 296.16202406565281535
6400 325.84401349925951763
6500 303.92069807059510822
6600 313.81146179785241657
6700 279.52558070206748653
6800 324.9457596155639294
6900 270.64310313457042412
7000 329.94304007570889326
7100 288.64599291159220229
7200 330.89179840362601226
7300 298.48274725711758038
7400 326.65112360948592141
7500 292.92238464151205335
7600 304.74331678575305205
7700 307.73586383497570296
7800 300.1656052090617095
7900 283.95752985814419844
8000 314.77154145295293119
8100 319.05269106553532765
8200 292.01237721979958906
8300 302.09055738891225928
8400 313.19522876148926116
8500 315.78877965551674833
8600 323.72465786842047919
8700 313.9595345178653929
8800 330.18224766580249252
8900 295.77610170580328486
9000 307.53044265142727909
9100 280.9795782847052692
9200 327.15239487248072692
9300 303.46491710366342431
9400 323.3391760885475037
9500 320.67776791355356636
9600 317.96168428342133438
9700 303.97310948605405656
9800 310.53865349283069008
9900 319.14521816273241939
10000 318.37591584101710396
