# Fix print output for fix printTemp
0 310.00000000000017053
100 271.96036558475117317
200 319.70795723292042112
300 296.79572652124784327
400 328.54220623014214198
500 291.41066896473796533
600 327.45784215932320649
700 320.440976583524332
800 322.14012397006388255
900 293.02279767614669481
1000 338.69257595528910088
1100 315.69093215422168441
1200 384.8584507884996242
1300 298.39874148528991782
1400 355.57686248848790456
1500 312.58210405118853714
1600 316.33984059828577529
1700 295.59144127935610413
1800 317.29548108208092572
1900 290.04947324480752968
2000 308.70298233768846785
2100 301.86609281048851017
2200 305.0876511911648663
2300 300.84099384117871523
2400 323.75455080697338417
2500 320.97414062618520347
2600 304.46339590389129626
2700 327.26895715020521038
2800 311.96742441459156225
2900 312.82764603103879608
3000 304.27907924466421719
3100 295.7468643750680144
3200 294.44038101412570541
3300 326.41030522311888262
3400 332.03146846169505579
3500 281.53972226971734472
3600 286.24228836621500704
3700 338.60411297379977213
3800 316.6344343851384906
3900 337.92914856962556769
4000 313.79363503505675226
4100 326.11736197337813792
4200 281.68069323661899261
4300 301.2729747983200923
4400 300.88270380859717079
4500 335.91603085986855604
4600 303.53847612224251407
4700 307.93312684250361144
4800 299.67926187480003364
4900 317.22836969919006833
5000 289.66395094621617545
5100 321.24776144638457254
5200 323.92168553062310821
5300 305.60056352373766231
5400 298.20118808389207743
5500 309.15088046499954544
5600 311.05459101155958024
5700 303.55853357550176952
5800 321.53647320142482613
5900 321.36765562838985488
6000 307.69931056618321463
6100 294.08731957150149583
6200 316.17988092714517734
6300 301.44930691155889235
6400 314.97163478124230096
6500 303.77865598982532447
6600 333.26585100860575039
6700 313.13794674388367412
6800 313.62456462236315247
6900 295.88822854183609934
7000 326.52463211244418062
7100 280.94589119595389093
7200 305.35189543825242708
7300 318.82988774783910912
7400 325.61767414216944871
7500 305.08769358123743132
7600 304.89787331451134378
7700 342.63184693929139257
7800 310.46502743271616964
7900 302.85830146846393518
8000 306.90218739521748148
8100 318.65012093849821895
8200 285.60491642357487763
8300 320.51321291898824484
8400 348.70626630284652947
8500 322.88384775162865026
8600 343.11919600082882198
8700 297.5153783673006842
8800 315.87021084550821115
8900 306.21818975420825382
9000 294.94741320105481464
9100 308.25520381328379926
9200 314.69565384285198206
9300 326.23460043499852645
9400 314.29095439386560429
9500 312.38590666387409556
9600 287.38148891930001128
9700 336.46237899626078161
9800 332.440124072273818
9900 320.39573033159263105
10000 314.09033470133459787
10100 305.42217738388313819
10200 287.36205158499257095
10300 305.96691875889177936
10400 327.56476102113629167
10500 309.58726110662979636
10600 299.38635041495530231
10700 325.48887151966675901
10800 287.9410148575675521
10900 324.65179139354074778
11000 327.11025787471123749
11100 316.45290547347536858
11200 318.07620333775810195
11300 318.82197713005257356
11400 297.24010552621729175
11500 325.55409780529782893
11600 293.07366806747734245
11700 325.90784252247141239
11800 307.68163399231588073
11900 319.83130524551546614
12000 301.76767579944925046
12100 319.49292945398531174
12200 325.82859986241328443
12300 318.06887731317925727
12400 322.8676312502443011
12500 328.05463479390522252
12600 305.55608035930680444
12700 278.74597504861031894
12800 308.55869172228631214
12900 302.642345706743356
13000 317.84768763533202218
13100 336.83833738327928131
13200 316.19776650331459678
13300 303.46667920070939317
13400 321.46392907653194015
13500 310.82480066456878376
13600 304.29143184047870818
13700 316.7425070616907874
13800 302.10745970331862509
13900 289.09327683511725127
14000 304.196014198476405
14100 300.67412300882716636
14200 306.64949642221847625
14300 336.20281492661848688
14400 305.8786614864854414
14500 315.25655297387885412
14600 318.69021438409259872
14700 277.63548223520842839
14800 293.75145298227550938
14900 295.6212166471391356
15000 321.6212662347471678
15100 305.05199809965574786
15200 307.82517072016833026
15300 311.79309402649539607
15400 290.18487369294371092
15500 314.91853216604818044
15600 301.0545662731660741
15700 299.73028093639481995
15800 309.73489891024337339
15900 310.01567545219074873
16000 296.60143730265127715
16100 295.47490409860296268
16200 316.46218477769974697
16300 296.44885179390666963
16400 313.04497682234278955
16500 289.72322046780436722
16600 295.93587347803577359
16700 304.82495125866932995
16800 299.71393161932411431
16900 306.67964939169843319
17000 299.61466509931034352
17100 327.97587010310053302
17200 278.67831825818035441
17300 295.58586960633766694
17400 272.54781812608138125
17500 307.37639678727526871
17600 292.23165208106127011
17700 320.58766183005803896
17800 298.89642812609116618
17900 317.74325055523240735
18000 298.70421077374982133
18100 321.92379946812451408
18200 307.24153643968503502
18300 325.24612106564069336
18400 279.62293618166080478
18500 307.19586711416735625
18600 292.18753740379770534
18700 305.84588790499964261
18800 287.66394333194853061
18900 327.34564198649184164
19000 316.74080548014421765
19100 291.13539273559183584
19200 296.8892769937908156
19300 302.39896803206949016
19400 317.73240535049274058
19500 317.87289123548453063
19600 307.82262091775942281
19700 306.80739304135630618
19800 283.5103134693923721
19900 298.58213132280195623
20000 312.29655123325471777
20100 316.38306675173663507
20200 286.22448739499202475
20300 299.4226414996018093
20400 299.52552042504095198
20500 340.29881665903417343
20600 307.34714233359130731
20700 317.70406203039857473
20800 300.07122339887689577
20900 343.13157300550057016
21000 309.79065771297769061
21100 292.14826840502621508
21200 288.32172865165017583
21300 293.81514882787507759
21400 294.5354149694719581
21500 304.72870246112455561
21600 298.32654228297531063
21700 331.27196962743170161
21800 297.31206308037775443
21900 337.98795775331450386
22000 309.5270041155130798
22100 295.91937659843824804
22200 304.73867655038873181
22300 305.70066127115597965
22400 312.05851990469466273
22500 280.10884562238607032
22600 296.42097278830618734
22700 313.54822178298098834
22800 324.06578693520839352
22900 318.02154029496409748
23000 320.50814215405773666
23100 303.41545734807772305
23200 296.03404888934591099
23300 315.89944736109981704
23400 344.41851873209361656
23500 323.2624929910962237
23600 291.70759193681760735
23700 309.60775434177008947
23800 310.64344392506779968
23900 325.05159150798760948
24000 285.72542427648738794
24100 325.07167118701471509
24200 303.06140917477455332
24300 312.66629674798247152
24400 317.94524085358511911
24500 328.90313386264278961
24600 326.59333075994652518
24700 303.19639711295764073
24800 327.01452331568668797
24900 292.4492431889962063
25000 299.78488631670796849
25100 287.47861231381835978
25200 323.18312418645064099
25300 306.83581674114628868
25400 316.27529152828140013
25500 313.02946682138201595
25600 319.12944486646370024
25700 297.00166301038854044
25800 304.90116530825309837
25900 289.32454506328929256
26000 324.88329617723837828
26100 328.60240422182437214
26200 317.5524203296645851
26300 314.3519737268424592
26400 304.95277028704009581
26500 318.14375988028911024
26600 308.98117027150010472
26700 297.5833823568018488
26800 319.79997953345701944
26900 296.48467598676046464
27000 308.94736383501339105
27100 314.10715784565621789
27200 307.62965293874549388
27300 322.56362215474928234
27400 309.07480338160974043
27500 326.10736382502568631
27600 304.07566288639804952
27700 317.35778334964800251
27800 331.09587522065572784
27900 311.85819538733437639
28000 293.52118761466232399
28100 304.56935990577864004
28200 297.20157608560958806
28300 300.6148984220139937
28400 283.42161952636860178
28500 294.66521451707262713
28600 315.7980870631750463
28700 326.69275717721035335
28800 319.57624177037774871
28900 316.40183427315469089
29000 314.67145828601985613
29100 286.54662740307202284
29200 299.77216836038064685
29300 335.77174913159547032
29400 311.28119653697979174
29500 290.12849390644026926
29600 283.19008247851337501
29700 288.57767504899447886
29800 294.48522073577453284
29900 306.22562254973598783
30000 305.37702177483589594
30100 325.39064092878322754
30200 308.2233809883922504
30300 312.42816062279911193
30400 322.90666651411373778
30500 313.41549597035384522
30600 295.2194887038598381
30700 307.97967938528375953
30800 286.37647284163307404
30900 291.07347933201089063
31000 298.01852043351533439
31100 309.29067261627176322
31200 321.16513251400095896
31300 293.8523228708465922
31400 341.05892644594155172
31500 300.0888901588212434
31600 322.10474499481216526
31700 294.60001137383102332
31800 332.45311726951922537
31900 298.2514264831535229
32000 318.57928106605146468
32100 309.92365696347332005
32200 319.60391583537432325
32300 299.05203882802038606
32400 305.12667753216095434
32500 290.46324548334359861
32600 312.05138478650184197
32700 321.72890085419845718
32800 327.28612350391819064
32900 311.7435332847443874
33000 313.22814499535519417
33100 319.3573427435886174
33200 321.41611090663576533
33300 302.51426136924641241
33400 307.53180397581991201
33500 295.44376050914155485
33600 300.98022420334530125
33700 300.92239588371421632
33800 315.48459737947359827
33900 335.83988926655752039
34000 307.27937992651982313
34100 311.04673883207243534
34200 314.59793570949028663
34300 311.66424932114387047
34400 306.89072148385872651
34500 311.33098780659702243
34600 301.11651636747654948
34700 305.10923334924666506
34800 308.48570662373077766
34900 302.57867811744921482
35000 307.16144958661226383
35100 313.39506841653889069
35200 317.40377709215590585
35300 326.84697219836147042
35400 331.86178932933631813
35500 325.09218928251857506
35600 313.31802611581758811
35700 294.4292848896649275
35800 302.2319172700076706
35900 328.21822613087829268
36000 337.70539708181831884
36100 307.42667289206377745
36200 312.21019424837118095
36300 322.92311187938656758
36400 314.47818225219549504
36500 313.70383644056113326
36600 318.74771504364520069
36700 316.04409088067535549
36800 293.78289702669093231
36900 323.88251500996449295
37000 320.19098567799380817
37100 333.36586076834157666
37200 319.35162283059048605
37300 297.89184470025764995
37400 294.30619311103720293
37500 318.93765936254783355
37600 325.2407712150324528
37700 320.39306702378866021
37800 320.61207198635611348
37900 294.99150877797740122
38000 312.17783644355068873
38100 281.15788193891984292
38200 297.67337814008499208
38300 289.99847767064517257
38400 328.05021067603126994
38500 306.66777624410696035
38600 311.79850998190681821
38700 325.12780657759628866
38800 327.62642172683996478
38900 283.43888178207447481
39000 324.17555992505634777
39100 288.76331946279225349
39200 301.44804696597412885
39300 307.49799814476148185
39400 315.12598561558081656
39500 296.66240627668759089
39600 303.14680254591013409
39700 294.4421820213982528
39800 318.07133034482586709
39900 331.43783536044878701
40000 325.28648353354435585
40100 301.4647692897175375
40200 290.9836175320775169
40300 303.03013811891321438
40400 306.20703784397892377
40500 311.975752889111277
40600 310.58842936860702366
40700 285.69719456847758465
40800 287.86476465579590922
40900 306.77841836601351133
41000 314.75469657822259251
41100 316.07731581793638043
41200 311.53281858744037436
41300 285.8998456544096598
41400 340.7422053916409368
41500 299.72844308746488196
41600 319.13932549238455749
41700 296.68574384587248005
41800 323.67954971092581218
41900 302.48964623544446795
42000 298.41311742994440692
42100 297.9249396810446342
42200 311.13950043041319304
42300 316.98987228106659586
42400 328.81930587617631545
42500 312.68051957252066586
42600 311.72751865479040134
42700 333.18828331643106822
42800 317.92634686179263781
42900 297.06380622968470107
43000 308.34080214524260555
43100 320.26652868374952732
43200 301.66624224167310331
43300 325.72638028412302447
43400 278.52564037975656674
43500 316.84329919702196321
43600 319.02567411650852591
43700 314.547179039197772
43800 325.84822708807206482
43900 337.18218881433642764
44000 313.8685807969710595
44100 297.27704221209535262
44200 304.15403447505877921
44300 324.881234865979593
44400 324.55525671155663758
44500 309.84710590163518873
44600 317.15498613840907183
44700 302.81455361534261783
44800 323.55208488368396047
44900 308.5538801888415037
45000 311.70625700315508766
45100 306.01319537880436883
45200 308.15035150549044829
45300 326.27815897122115985
45400 320.78255128059817025
45500 302.81602165316547826
45600 297.51326309413161653
45700 317.2874117998913448
45800 311.47509909152449836
45900 297.44617716581160494
46000 315.73559414634519271
46100 301.55587297228709076
46200 305.6400328143975571
46300 309.28114334065736557
46400 313.71583578624967004
46500 318.58701956304054193
46600 300.30247186799584824
46700 309.46810777580571994
46800 296.25863221614520171
46900 304.49479409945848829
47000 318.00783150596396354
47100 313.26738139918768411
47200 315.32772559253623967
47300 306.85931436147751583
47400 294.53716504568905066
47500 312.45630821445587344
47600 314.11809388430714307
47700 297.19346117687632614
47800 300.91547884580938899
47900 292.43546154831039985
48000 305.78970965781178393
48100 302.5296178686339772
48200 337.81051243690734509
48300 326.24794108321032127
48400 329.5453497170901187
48500 304.80555470103070093
48600 290.0923724321927466
48700 316.67253557054442581
48800 284.40797217725577184
48900 324.85962377283345859
49000 297.54781743953452633
49100 306.95745636113548471
49200 291.09632464430325172
49300 324.52129612763434352
49400 309.02712462860324649
49500 317.49537236531546114
49600 309.91849591791907415
49700 329.49426857136643321
49800 311.41118965718925438
49900 327.28354398518496282
50000 301.83218110555304747
50100 274.45566426334528387
50200 317.84182969602386493
50300 308.8276480584967203
50400 305.13764660935055417
50500 298.35989784143282577
50600 314.43979332772033786
50700 319.36008627173532659
50800 310.10661634177387214
50900 333.06063016116468134
51000 321.17544290511898453
51100 291.40902460885251912
51200 318.68371291509993171
51300 304.57763713834754071
51400 293.3033491550359031
51500 300.12748407842855158
51600 322.58498802808338723
51700 306.29407774943274489
51800 300.41350596559726682
51900 304.27161040294396344
52000 322.61432608443220715
52100 328.55121879561085052
52200 310.50118511422238043
52300 317.37736407497220625
52400 307.70110787455718082
52500 302.32621290380762957
52600 290.83331422912829112
52700 310.26898858583780338
52800 314.37933353064323683
52900 295.37678548484922203
53000 307.06411680866284541
53100 323.66455485020071592
53200 293.94655051586516947
53300 309.06314270395210997
53400 318.31721625092626482
53500 307.38990303361913448
53600 295.60934399456749588
53700 314.86067513653148353
53800 301.49698687251515139
53900 287.08157615190128809
54000 317.32014063931637793
54100 322.92697287019160513
54200 304.72989889344046333
54300 310.57458290483987184
54400 307.20296038815092743
54500 300.52941351821721128
54600 296.40779887476588783
54700 313.7698095840194128
54800 335.98508981969291654
54900 331.460504593942062
55000 300.18691549169045629
55100 297.81955854346972501
55200 297.65539262749928184
55300 313.90628509159063242
55400 273.84634442694078871
55500 311.76554506413197032
55600 296.46410405627068485
55700 315.35501401035298841
55800 304.39955692028564727
55900 339.63991353917401739
56000 302.74109201959362281
56100 315.48811138613729099
56200 312.06776772511250329
56300 300.61710230424955625
56400 302.26676857839152035
56500 316.01461948952703551
56600 285.80953500609319917
56700 315.37672295966433467
56800 301.40015697015792284
56900 309.83703511957060073
57000 293.84186939296631635
57100 309.39485889282121889
57200 307.80347569764325044
57300 291.24340158687749636
57400 309.26844355428625022
57500 323.28613574092798899
57600 310.45839333121534764
57700 335.1154408024972895
57800 300.57218891202825262
57900 297.30611044344465199
58000 303.01826775027228678
58100 307.34726847663802118
58200 308.65416837329973987
58300 305.38356918711735943
58400 293.59494762614963292
58500 291.12521321230252624
58600 318.35995514334666723
58700 314.20684248965000052
58800 315.18190315661564682
58900 306.59072849845244946
59000 306.97801725455485666
59100 318.90885334382159044
59200 303.86889820826718278
59300 326.08293484168581244
59400 320.39628549566958782
59500 314.58812498296475724
59600 310.22900997204254736
59700 316.94010121565497684
59800 285.68375104814691667
59900 331.23252327543451656
60000 299.75559330437414474
60100 306.5798052214149152
60200 279.79323781658774806
60300 324.87539102434396909
60400 338.50993501902303251
60500 320.45256060707487222
60600 308.71071148603340362
60700 299.17592896927908441
60800 325.97145721656045225
60900 326.37944378433121528
61000 302.66591452233666359
61100 300.81450264482151624
61200 296.4250636599116433
61300 311.72507464608389682
61400 299.75220187664535842
61500 327.72196927066744365
61600 315.67714979062350267
61700 336.70512081899551049
61800 320.50346473363828181
61900 310.0015151909478277
62000 292.24399659868282697
62100 296.55797745391106446
62200 315.64074697648106849
62300 315.74411496376302466
62400 311.01768081476370753
62500 317.39625847736385822
62600 309.73320038137006804
62700 308.36871300096163395
62800 323.09938419833537182
62900 315.66253981187128375
63000 314.49130346329087615
63100 317.56940172648842236
63200 321.11992256737653406
63300 322.66023571445549578
63400 308.23642784275881468
63500 297.15303728459713284
63600 287.13509474142665567
63700 305.84134398268849964
63800 301.46234606555680102
63900 296.42927521384319789
64000 306.2392196721292521
64100 301.0955623513559658
64200 313.25941330976831978
64300 320.4997682776325405
64400 321.71147350495311912
64500 299.25865597429128684
64600 297.02946202216264737
64700 302.20225848648794909
64800 298.93415658461316298
64900 292.79697617653818043
65000 296.30467710870743758
65100 305.3006097659682041
65200 305.22824677591762565
65300 301.13973067760508684
65400 309.4264295877595714
65500 302.44431705444281988
65600 302.40657958593413923
65700 306.36213772612046569
65800 313.74027296580078428
65900 311.33311161104370512
66000 306.28850635563952665
66100 312.13393845909155289
66200 328.15916598281620509
66300 293.08613513024494068
66400 307.34423375673418377
66500 313.45653632777469966
66600 301.56169802780891587
66700 303.46864236001795234
66800 307.06392387509515629
66900 289.95201644406580499
67000 324.41684381089174849
67100 319.49806053667202832
67200 329.83425836925226804
67300 307.93028144040363259
67400 331.71593971833561909
67500 303.79521498519721945
67600 313.05563686288724057
67700 303.95463981354890848
67800 303.97398666439403314
67900 301.13619359547868726
68000 318.79985826007151672
68100 321.76015097501050377
68200 298.17715775466274408
68300 308.0268105499453668
68400 318.70809802532477306
68500 316.42265121069669931
68600 309.23502840143731873
68700 298.27716480042744251
68800 315.6585095361506319
68900 311.78025304690271469
69000 314.68595274016610119
69100 318.39576038927719992
69200 329.20979009348792488
69300 312.79207894591115746
69400 301.0742154191726172
69500 297.32724280263181527
69600 294.15063916189438942
69700 308.35613813287068297
69800 332.91893912771814712
69900 313.43990159094192904
70000 311.68353533051669046
70100 326.83026542900500999
70200 329.64513508641243789
70300 311.63213614289719544
70400 309.91173258932889212
70500 314.29117757644110043
70600 318.88868266506256077
70700 310.66506005807207202
70800 304.54510778844331753
70900 314.63756549866582191
71000 328.42585620551051306
71100 314.62875040901479906
71200 308.82250496044053989
71300 304.18362671373563444
71400 315.99209402043993578
71500 314.72678117136285891
71600 322.04867903458847422
71700 334.54049195074662748
71800 318.99500940820092865
71900 318.39442004395169761
72000 309.01023264779138344
72100 312.43132484322887876
72200 312.16082705276727438
72300 301.13428187235746236
72400 302.96434975928343647
72500 306.62656493981529593
72600 325.40841630348779745
72700 309.09554896590213957
72800 328.86430020837354959
72900 302.23622165855755384
73000 316.66179220172784881
73100 293.39031918708707281
73200 310.43853137737653469
73300 291.34228990159590467
73400 289.37289770168308678
73500 292.75437977606452478
73600 312.97994299238808935
73700 308.26085019543268118
73800 318.21974769817120432
73900 299.84827110347981716
74000 302.27849495109893496
74100 299.86226982813633413
74200 314.00730915371917717
74300 305.3065612289207138
74400 306.89783681889787204
74500 298.42167719207191112
74600 310.24354219684471445
74700 318.03794618696514362
74800 314.68267083703312892
74900 304.47939000719458136
75000 317.54826872283774719
75100 304.40387093632284632
75200 310.27225073518479803
75300 305.34759189381969691
75400 305.19087702149033703
75500 329.18858662870883336
75600 310.40011852597348252
75700 330.13380292190049659
75800 311.89999619764427052
75900 322.68610983749374554
76000 313.8458054708815439
76100 296.16370644621031261
76200 325.0078920511260776
76300 291.14268923949970258
76400 317.42011245615873349
76500 302.50168339087872482
76600 310.60502030995195355
76700 304.42820057405322132
76800 315.06405322988894113
76900 294.14444173655908799
77000 328.31134229975589278
77100 316.35345053411930394
77200 320.21276304350357123
77300 284.61691307464514011
77400 316.10429986301892313
77500 319.31436102683852596
77600 320.73773656382985564
77700 321.02049159813344659
77800 295.56070417926343907
77900 309.16211747900399587
78000 303.85885919606033667
78100 308.02685756443065657
78200 328.00957797817267192
78300 314.12033662741305307
78400 321.39932507719106525
78500 320.82245131481823819
78600 339.80385961323929678
78700 304.68128167894315084
78800 307.18902730701302062
78900 308.2064224576792526
79000 296.15987436280113343
79100 305.46448371397252686
79200 323.71230349494561551
79300 309.82984309378736043
79400 326.83036006231333204
79500 323.43214190083608628
79600 316.31845343281810301
79700 296.71281593778019214
79800 331.25372337506689746
79900 328.4202691153046203
80000 327.53538373510269821
80100 314.25744345390216949
80200 315.9139857307126249
80300 308.88595171426237584
80400 326.76276034356732225
80500 321.66523069771710652
80600 305.23721182137478536
80700 312.65078345903737045
80800 305.24924858017823226
80900 324.54299492580605602
81000 314.07696705316561747
81100 314.09522975296124514
81200 293.8953057710365897
81300 310.62929841394031882
81400 331.80743048944617613
81500 321.33571806408355087
81600 301.77446202201286951
81700 287.40915285777043664
81800 293.97929272752702445
81900 299.16947172864968252
82000 321.87122796389269297
82100 302.41040703906310227
82200 315.94586495167669682
82300 317.99143358311192742
82400 301.10170555372383205
82500 320.89293772867034704
82600 314.37817275846111897
82700 309.42397163848795572
82800 306.64262431740053216
82900 302.05652810911345796
83000 293.56414218684398065
83100 300.46704740066331851
83200 311.6948368959224922
83300 303.45348180699477325
83400 321.34467257599607137
83500 299.10939852033465058
83600 321.64223823508274336
83700 301.88205679546399551
83800 332.0079493199460785
83900 304.13815228076600761
84000 300.85511792709553447
84100 313.52064716636618869
84200 320.05184561474248994
84300 301.43593842106383818
84400 297.16490167900803954
84500 312.83580471440990323
84600 304.25819236336161566
84700 310.69042239040425102
84800 317.10239883249454351
84900 316.15807414841350464
85000 316.72145168930018144
85100 302.20315419266881918
85200 320.4906181503089897
85300 302.72195665522104946
85400 318.1678361132877626
85500 282.82726322827556942
85600 305.11167262042175707
85700 298.8322102859845586
85800 311.15954494563101207
85900 314.90403526367487075
86000 316.34076290504600593
86100 296.28476964101434987
86200 322.74101399676419533
86300 322.04913626886065003
86400 301.17422200346612726
86500 298.69442464105270574
86600 313.6012350199069374
86700 325.52571151863486421
86800 306.55912856438237668
86900 316.59446988547415458
87000 321.04232066301347004
87100 319.75966440446427441
87200 317.63328749164804776
87300 298.56491697960876763
87400 317.92736070488552969
87500 310.49203685245913675
87600 312.58365055942721256
87700 307.55809585428983155
87800 317.26398572062691983
87900 320.36229662019849229
88000 297.63559577861371963
88100 316.30619512861227349
88200 316.09394003649771321
88300 313.58651252972282464
88400 297.87496226704553237
88500 321.61361084865347948
88600 311.71780081066515322
88700 316.76338774752741756
88800 305.41120128401013289
88900 293.24644669960986221
89000 293.43580625025708741
89100 304.63906178576615957
89200 311.15555725688483335
89300 309.9811237264515853
89400 308.12296829995722192
89500 314.76055061829856641
89600 309.42737721313062593
89700 311.1603408624715712
89800 298.39346700863882234
89900 298.8803448505692586
90000 312.09417267649581618
90100 309.16894911944513069
90200 297.71244159863567802
90300 296.25502845477649316
90400 313.92386468651085352
90500 298.56871979902399517
90600 286.19333648695493366
90700 315.10488225795035078
90800 317.76168703776528446
90900 295.0205901038044658
91000 291.5475407743932692
91100 294.45353911092041699
91200 301.24232220175088059
91300 308.19810309888003985
91400 306.81389660241552519
91500 302.96575652532311551
91600 302.3658717833781111
91700 290.83186121746570052
91800 307.72360530248312216
91900 295.53686405803983916
92000 322.11590887174008913
92100 312.13335413805600638
92200 286.19919048770333347
92300 290.45103121592813977
92400 288.78233132878756351
92500 311.54236694949963749
92600 320.90895052716700775
92700 298.06993942597637215
92800 307.85214008907769312
92900 297.41442762094095542
93000 303.77236991489485263
93100 307.12331559802680658
93200 308.45476380230093127
93300 304.54332732744029499
93400 319.67063733942455883
93500 316.88293470282098951
93600 312.55416595181793582
93700 318.1917767705487563
93800 322.80478225764011313
93900 291.37229986636413059
94000 293.51338954869322606
94100 306.01803666584447683
94200 305.40221325014630338
94300 301.64241106708300322
94400 323.33575171857637542
94500 326.94640478612558354
94600 314.99043047635757375
94700 344.77778298218851205
94800 303.48556716493146723
94900 310.99594151996427627
95000 310.72939764102454774
95100 316.04438904134627819
95200 309.90556126921842406
95300 323.3734135884214993
95400 307.17510003118275108
95500 309.77989642289799121
95600 302.62087966881188095
95700 307.90669695858207433
95800 324.82974708144075748
95900 321.08876748504258103
96000 306.01137863625842783
96100 294.69066106589087894
96200 312.04427152675140178
96300 312.80922990732676681
96400 319.49798092829439611
96500 299.95184151286946417
96600 307.56500059331358443
96700 307.25792453720544017
96800 280.09602445197702991
96900 299.6390072108174536
97000 307.93371759441379254
97100 331.19312728858056971
97200 314.8116071129759348
97300 298.06332531440722278
97400 304.19584264090531178
97500 293.883493324607457
97600 311.43670453916070073
97700 315.55967766935913232
97800 313.01157203703741061
97900 310.28080354482034409
98000 312.85571939949807074
98100 299.51332380641156306
98200 294.97837270427021394
98300 298.6426039059674622
98400 307.6399334612782468
98500 300.25055956351695841
98600 326.36843191312351564
98700 304.56361819148344239
98800 307.33377399602085234
98900 299.43745237769576306
99000 310.85871590505865925
99100 317.15149160018677321
99200 313.07180916530683135
99300 317.84073605097148629
99400 302.90839221358515942
99500 320.89722145029224976
99600 311.26203736482636941
99700 302.11483930401618636
99800 314.60956650950623725
99900 296.18711092694667286
100000 298.63118276316896527
