# Fix print output for fix printTemp
0 309.99999999999994316
100 271.80829094251498645
200 317.67405834812802823
300 298.51837571869447174
400 323.13840263179690737
500 302.05263095075446245
600 317.38891463208301502
700 313.9193413762544651
800 313.97383625054339973
900 309.6657360279272666
1000 345.70075590350762695
1100 290.36843095921187796
1200 365.17571386871304639
1300 288.38678934103484153
1400 344.0772106175988938
1500 312.18157237126195014
1600 306.72554522799805454
1700 301.98519764278398725
1800 313.03773895611038824
1900 306.39365793977646035
2000 303.87142942270259027
2100 312.09883322941942652
2200 316.39322599234549216
2300 296.96587785411350069
2400 347.40519733603036912
2500 307.47557485446685632
2600 332.07683898550857293
2700 313.5015219548607206
2800 327.81361872029930282
2900 316.52120645711903535
3000 300.77357961390447372
3100 285.29862045250678193
3200 289.43232880918480987
3300 309.87324775188477588
3400 320.87892660094502162
3500 287.95809849020645288
3600 314.99713101258976167
3700 300.22921925090622608
3800 310.03952719553524275
3900 304.92150657925702717
4000 302.53444647171744464
4100 292.57702376914301112
4200 257.07519929709042117
4300 325.77562109487041653
4400 269.3617335602821754
4500 310.85594463864595127
4600 332.87737508420104859
4700 300.41274123327190182
4800 283.56618005820826056
4900 305.2001160580767305
5000 306.07114258780978844
5100 345.42204789942354637
5200 297.93941762788369942
5300 307.50959579822341539
5400 302.63903542745856612
5500 299.13367341042004455
5600 316.50354413410724419
5700 305.8677227609611009
5800 315.99659930512081019
5900 280.06636547059298437
6000 312.35648079007665956
6100 317.41877682060550114
6200 290.99672327773026836
6300 306.7020590299546825
6400 323.0828464225692187
6500 309.59457756898785874
6600 292.0166033320756469
6700 277.51701975368928288
6800 311.31225970175762541
6900 280.9262527896145798
7000 341.89463761986883128
7100 286.05802378427114263
7200 336.28998353581857828
7300 300.19144185244118717
7400 346.38039132461705094
7500 288.34346630945412926
7600 304.57966292880519177
7700 307.95556813646265937
7800 310.27056504024852757
7900 309.91934242818518896
8000 329.43371296227820721
8100 305.50550687876460643
8200 291.82207341256730615
8300 295.92750598447344146
8400 330.96741481438544952
8500 318.69447013917903178
8600 347.23381375950663141
8700 312.56301904997957308
8800 317.4080694956309685
8900 297.66377298326665368
9000 313.05266537061669396
9100 292.74212248931132763
9200 339.90068445715871803
9300 297.94473431499608296
9400 339.36973490695112332
9500 294.15864300055147851
9600 306.15133646146659885
9700 318.15129220021975698
9800 336.66363619624792136
9900 304.86793150614238357
10000 324.87620980929699499
