# Fix print output for fix printTemp
0 310
100 273.67198211248592088
200 313.25943522593064472
300 289.14088075561778624
400 319.76128902642369667
500 296.53046920083630766
600 319.5310745656898348
700 313.96957803652202301
800 310.81028051178941496
900 313.68751875847340216
1000 341.45066191933682376
1100 303.47661100746648799
1200 379.54297658248896141
1300 284.32694512862946112
1400 347.8734215789968971
1500 314.13994996134812254
1600 308.43972240356754355
1700 300.30642162151229968
1800 319.6039179994696724
1900 307.41056171509450223
2000 286.29749250406672445
2100 307.85827784565509546
2200 309.09676252337823144
2300 293.02161749590158024
2400 342.2756209707717403
2500 317.84659836598945049
2600 323.99640384175035024
2700 315.38342990770809138
2800 327.22669905983667604
2900 318.0179569831155959
3000 295.94717654958651565
3100 290.5239873079368067
3200 286.00875301545352158
3300 326.89413898882378362
3400 318.83926803395399929
3500 286.06852466705612414
3600 301.95185319572726712
3700 311.88514808925310717
3800 309.63927019188298573
3900 328.33255123061582026
4000 310.50950793413392148
4100 286.68685537889689385
4200 246.85684562831863786
4300 316.03081553749296972
4400 274.27409343844294654
4500 313.70854672635732641
4600 323.18968062255549967
4700 301.19840382721446304
4800 284.21588149133663137
4900 308.22039449768186614
5000 283.77671030115965323
5100 340.19001691261075848
5200 285.73575339112954907
5300 292.10993394648795629
5400 316.411869050997268
5500 287.94568478987838489
5600 305.74828120264874087
5700 304.09404443809722807
5800 300.21334369073554171
5900 290.518085907587988
6000 302.7145441398076855
6100 314.22558945229667415
6200 300.40199343319608261
6300 288.94314519946703967
6400 324.20344733960371286
6500 301.66587725334255765
6600 304.83287134235285976
6700 284.19428782421783808
6800 314.71820222366085318
6900 281.82256357602113894
7000 325.2786505615916326
7100 282.57327917085842728
7200 329.21480071034159209
7300 306.2290655633188976
7400 320.63952726233389967
7500 292.19353039223443602
7600 307.21992084097297493
7700 306.69731267634836058
7800 300.51029617301611552
7900 305.70504986859759811
8000 314.67448340578386023
8100 309.30810365997211875
8200 308.61379138849167703
8300 299.88878867403747108
8400 318.80142252847002737
8500 318.16451850108865074
8600 324.39220554178552902
8700 315.13562731011592177
8800 333.93307033059249989
8900 289.62196081563678263
9000 306.7962085249860138
9100 281.40576956797031016
9200 326.14200302585544478
9300 303.45057191232052674
9400 318.89294830551142468
9500 329.48809117316181982
9600 309.03155330848005633
9700 305.1437018949940807
9800 308.79777714877951666
9900 319.28484904490488816
10000 313.38633947834290439
