# Chunk-averaged data for fix sternForces and group all
# Timestep Number-of-chunks Total-count
# Chunk Ncount c_sternComp
0 20 840
  1 42 -0.171636
  2 42 -0.171636
  3 42 -0.171636
  4 42 -0.171636
  5 42 -0.171636
  6 42 -0.171636
  7 42 -0.171636
  8 42 -0.171636
  9 42 -0.171636
  10 42 -0.171636
  11 42 -0.171636
  12 42 -0.171636
  13 42 -0.171636
  14 42 -0.171636
  15 42 -0.171636
  16 42 -0.171636
  17 42 -0.171636
  18 42 -0.171636
  19 42 -0.171636
  20 42 -0.171636
100 20 840
  1 42 0.356968
  2 42 0.00685958
  3 42 -0.477972
  4 42 -0.616104
  5 42 0.0361957
  6 42 0.259972
  7 42 -0.460491
  8 42 1.11086
  9 42 1.32079
  10 42 -0.231887
  11 42 -0.436049
  12 42 -0.0776239
  13 42 1.60794
  14 42 0.531841
  15 42 -1.13721
  16 42 -0.564533
  17 42 0.236727
  18 42 0.959646
  19 42 -0.233688
  20 42 1.49017
200 20 840
  1 42 -0.173964
  2 42 0.489161
  3 42 0.272633
  4 42 -0.777781
  5 42 -0.401931
  6 42 -0.776312
  7 42 1.4495
  8 42 0.28421
  9 42 0.505302
  10 42 1.04442
  11 42 -0.818236
  12 42 -0.827625
  13 42 -1.18694
  14 42 -0.367625
  15 42 1.00611
  16 42 -0.667578
  17 42 -0.0126236
  18 42 -0.179033
  19 42 1.66422
  20 42 0.47487
300 20 840
  1 42 0.0857871
  2 42 -0.980624
  3 42 -2.45491
  4 42 -0.274823
  5 42 -3.45375
  6 42 0.102453
  7 42 -1.81323
  8 42 0.917465
  9 42 -1.61138
  10 42 2.30067
  11 42 0.174417
  12 42 -0.473287
  13 42 1.48667
  14 42 0.105688
  15 42 -1.18058
  16 42 -1.73528
  17 42 1.20937
  18 42 0.753482
  19 42 1.25514
  20 42 -0.721838
400 20 840
  1 42 -0.247448
  2 42 -0.258993
  3 42 -0.141071
  4 42 1.15528
  5 42 0.18741
  6 42 -0.455337
  7 42 -0.261358
  8 42 0.517477
  9 42 -0.159804
  10 42 -0.194806
  11 42 0.220591
  12 42 -0.780069
  13 42 0.0711225
  14 42 -1.02532
  15 42 -0.301575
  16 42 -1.68672
  17 42 0.983016
  18 42 0.342338
  19 42 0.603713
  20 42 -0.332615
500 20 840
  1 42 -1.51457
  2 42 -0.000556011
  3 42 -1.41875
  4 42 0.876235
  5 42 0.472806
  6 42 -1.73229
  7 42 -1.92798
  8 42 -0.199342
  9 42 -1.62824
  10 42 1.38279
  11 42 -0.176105
  12 42 1.74214
  13 42 -1.38231
  14 42 -0.571379
  15 42 -0.411427
  16 42 -0.114278
  17 42 -0.428821
  18 42 -0.617478
  19 42 -1.19602
  20 42 0.61644
600 20 840
  1 42 -1.40057
  2 42 -1.23064
  3 42 0.613369
  4 42 0.255177
  5 42 -2.27528
  6 42 -0.756356
  7 42 -0.114328
  8 42 1.18589
  9 42 -1.08588
  10 42 -1.04771
  11 42 -0.367754
  12 42 -0.4578
  13 42 0.714858
  14 42 -0.875551
  15 42 -0.614094
  16 42 0.433099
  17 42 -1.84665
  18 42 0.495454
  19 42 0.0789355
  20 42 0.715886
700 20 840
  1 42 -1.81892
  2 42 -0.0357691
  3 42 1.13614
  4 42 -0.150119
  5 42 -0.754202
  6 42 -1.84131
  7 42 -0.601633
  8 42 -0.277658
  9 42 0.38708
  10 42 -1.34627
  11 42 -0.220338
  12 42 -0.712005
  13 42 -0.14713
  14 42 -1.37722
  15 42 1.01299
  16 42 0.710605
  17 42 -0.020794
  18 42 -1.09811
  19 42 -2.14289
  20 42 0.0674617
800 20 840
  1 42 -0.274422
  2 42 -1.16181
  3 42 -1.95287
  4 42 -0.770258
  5 42 2.30112
  6 42 0.0957229
  7 42 0.728747
  8 42 -1.79022
  9 42 0.387561
  10 42 0.126045
  11 42 -1.09077
  12 42 0.200476
  13 42 -0.261887
  14 42 1.39203
  15 42 -2.34384
  16 42 0.556137
  17 42 -0.950042
  18 42 -0.0240681
  19 42 -0.819889
  20 42 -0.449671
900 20 840
  1 42 -0.364917
  2 42 -0.778854
  3 42 0.494286
  4 42 -0.562886
  5 42 1.95983
  6 42 0.377777
  7 42 1.07808
  8 42 -0.694417
  9 42 -0.440506
  10 42 -0.521066
  11 42 -0.14211
  12 42 -0.0992609
  13 42 -0.141883
  14 42 -0.370245
  15 42 -1.14726
  16 42 1.14285
  17 42 1.34156
  18 42 -1.19154
  19 42 0.839585
  20 42 0.22157
1000 20 840
  1 42 0.318315
  2 42 0.772951
  3 42 -0.146334
  4 42 0.0941341
  5 42 -1.00819
  6 42 0.385165
  7 42 -0.136793
  8 42 0.1433
  9 42 -0.046874
  10 42 0.556711
  11 42 -0.302215
  12 42 -1.06546
  13 42 -0.0738643
  14 42 -0.512865
  15 42 0.176645
  16 42 0.283192
  17 42 -1.73765
  18 42 -1.1635
  19 42 -1.04245
  20 42 -0.37468
1100 20 840
  1 42 1.01139
  2 42 0.297167
  3 42 -0.0149438
  4 42 -1.39965
  5 42 1.31981
  6 42 -0.685316
  7 42 0.38326
  8 42 -0.528733
  9 42 0.15208
  10 42 -0.313296
  11 42 2.08484
  12 42 0.0445111
  13 42 -0.457148
  14 42 0.195428
  15 42 -0.839702
  16 42 0.204477
  17 42 -0.848807
  18 42 1.00353
  19 42 0.194446
  20 42 0.765565
1200 20 840
  1 42 0.741991
  2 42 0.103646
  3 42 0.479835
  4 42 -0.663802
  5 42 2.25377
  6 42 0.720137
  7 42 -1.33389
  8 42 -0.537401
  9 42 -1.36954
  10 42 -0.0532561
  11 42 0.64079
  12 42 0.545161
  13 42 -0.171916
  14 42 0.0551228
  15 42 0.0501004
  16 42 0.108679
  17 42 -0.53483
  18 42 1.85729
  19 42 1.32945
  20 42 -0.483154
1300 20 840
  1 42 0.499001
  2 42 -1.40665
  3 42 -0.278008
  4 42 1.14244
  5 42 -1.59972
  6 42 0.0501552
  7 42 -1.55541
  8 42 -0.0429521
  9 42 0.139796
  10 42 1.19189
  11 42 0.435898
  12 42 0.27672
  13 42 -0.4594
  14 42 -1.93261
  15 42 -1.50603
  16 42 -0.568146
  17 42 -2.05607
  18 42 0.338943
  19 42 -1.05136
  20 42 -1.36493
1400 20 840
  1 42 -0.364837
  2 42 -0.229293
  3 42 0.815091
  4 42 -1.44215
  5 42 -1.69572
  6 42 -0.51723
  7 42 -0.195038
  8 42 1.05305
  9 42 -1.69241
  10 42 -0.377428
  11 42 1.02869
  12 42 0.596679
  13 42 -1.40314
  14 42 -1.27413
  15 42 1.69488
  16 42 -0.765283
  17 42 -0.577787
  18 42 0.134891
  19 42 1.49849
  20 42 -1.7426
1500 20 840
  1 42 0.372635
  2 42 -0.237397
  3 42 -1.32234
  4 42 -1.08654
  5 42 0.204352
  6 42 -0.16758
  7 42 -0.29176
  8 42 0.952249
  9 42 -0.425478
  10 42 0.910339
  11 42 1.19047
  12 42 -1.09616
  13 42 1.74016
  14 42 1.15811
  15 42 -1.10242
  16 42 -1.03236
  17 42 -0.296271
  18 42 -0.535344
  19 42 0.595283
  20 42 0.189505
1600 20 840
  1 42 -1.63186
  2 42 0.28737
  3 42 -1.32978
  4 42 0.315618
  5 42 -1.68945
  6 42 -2.68916
  7 42 0.210978
  8 42 -0.812891
  9 42 -0.47969
  10 42 0.537024
  11 42 -1.39397
  12 42 -1.07432
  13 42 0.78507
  14 42 1.39732
  15 42 -0.37977
  16 42 -0.613431
  17 42 -1.39558
  18 42 -1.79946
  19 42 -0.918852
  20 42 2.18002
1700 20 840
  1 42 0.606728
  2 42 0.928362
  3 42 0.296725
  4 42 -1.00573
  5 42 -2.20309
  6 42 -0.27879
  7 42 0.896008
  8 42 -0.843155
  9 42 -1.04627
  10 42 0.694071
  11 42 0.521541
  12 42 0.588803
  13 42 0.0013674
  14 42 1.18804
  15 42 1.5517
  16 42 1.56623
  17 42 0.362001
  18 42 -1.67121
  19 42 0.62181
  20 42 0.46311
1800 20 840
  1 42 -1.07906
  2 42 -0.924205
  3 42 0.22169
  4 42 0.151476
  5 42 -2.06519
  6 42 -1.63631
  7 42 0.0612868
  8 42 -0.21874
  9 42 0.923153
  10 42 -0.397395
  11 42 -2.15669
  12 42 0.492149
  13 42 -0.161632
  14 42 -0.0481299
  15 42 0.981181
  16 42 -0.13981
  17 42 -0.0287335
  18 42 -0.342037
  19 42 0.487852
  20 42 -0.143092
1900 20 840
  1 42 1.1244
  2 42 -0.18512
  3 42 -0.295138
  4 42 0.949629
  5 42 1.11547
  6 42 0.962728
  7 42 1.06498
  8 42 -0.642726
  9 42 0.0698433
  10 42 -1.53927
  11 42 -1.26265
  12 42 0.674826
  13 42 -1.84658
  14 42 -0.0807728
  15 42 -0.0554141
  16 42 -1.36175
  17 42 -0.0651531
  18 42 -1.22961
  19 42 -0.682064
  20 42 -0.873949
2000 20 840
  1 42 -0.465269
  2 42 -0.898843
  3 42 -0.176512
  4 42 0.329856
  5 42 0.650324
  6 42 0.3255
  7 42 -0.134718
  8 42 -0.240905
  9 42 0.694069
  10 42 -2.12552
  11 42 -2.16426
  12 42 0.600375
  13 42 0.524298
  14 42 0.535197
  15 42 -0.210866
  16 42 2.2388
  17 42 0.53483
  18 42 2.42453
  19 42 -1.51069
  20 42 0.930266
2100 20 840
  1 42 0.840657
  2 42 0.386577
  3 42 -0.494579
  4 42 0.432103
  5 42 -0.388973
  6 42 -2.62217
  7 42 -1.04514
  8 42 0.0471756
  9 42 0.785944
  10 42 -0.0174155
  11 42 1.1853
  12 42 0.0295678
  13 42 -1.69299
  14 42 -1.03212
  15 42 -0.715559
  16 42 -0.665227
  17 42 -0.166365
  18 42 0.562473
  19 42 -2.20263
  20 42 -0.255341
2200 20 840
  1 42 -0.704206
  2 42 -0.21993
  3 42 0.669613
  4 42 1.13327
  5 42 0.297797
  6 42 -1.11233
  7 42 0.288297
  8 42 0.0270127
  9 42 1.30566
  10 42 0.573432
  11 42 -1.16356
  12 42 -1.55872
  13 42 -1.77269
  14 42 -0.412104
  15 42 -0.132713
  16 42 -1.73266
  17 42 -0.318419
  18 42 1.17401
  19 42 0.414237
  20 42 -0.998264
2300 20 840
  1 42 0.698873
  2 42 0.351356
  3 42 0.550429
  4 42 -0.0723607
  5 42 0.526491
  6 42 0.101437
  7 42 -1.90401
  8 42 -0.0538622
  9 42 0.772534
  10 42 0.99482
  11 42 3.10447
  12 42 0.0205154
  13 42 0.168108
  14 42 0.970749
  15 42 -1.38333
  16 42 -0.685325
  17 42 0.695911
  18 42 0.11632
  19 42 -0.123997
  20 42 0.128124
2400 20 840
  1 42 0.192982
  2 42 1.06917
  3 42 -0.11498
  4 42 0.22978
  5 42 1.67734
  6 42 -0.358711
  7 42 0.212927
  8 42 -0.105147
  9 42 -1.68486
  10 42 -0.449737
  11 42 -0.437226
  12 42 -0.726968
  13 42 0.221626
  14 42 -0.117465
  15 42 0.946168
  16 42 0.310812
  17 42 -0.884375
  18 42 -1.1709
  19 42 0.534442
  20 42 -1.50864
2500 20 840
  1 42 0.448811
  2 42 -0.504169
  3 42 -0.349921
  4 42 -0.014091
  5 42 -0.411646
  6 42 -1.96502
  7 42 -0.842004
  8 42 -0.0506859
  9 42 0.583201
  10 42 1.17505
  11 42 0.803235
  12 42 -0.97264
  13 42 0.122998
  14 42 -0.870195
  15 42 -0.0173112
  16 42 0.94849
  17 42 0.0898154
  18 42 -0.198668
  19 42 -0.0167986
  20 42 1.50061
2600 20 840
  1 42 1.32595
  2 42 -0.616495
  3 42 1.17376
  4 42 -1.18234
  5 42 -0.17224
  6 42 0.318323
  7 42 0.53745
  8 42 0.273632
  9 42 -0.136379
  10 42 -2.6101
  11 42 2.01881
  12 42 0.169457
  13 42 -1.17379
  14 42 0.254024
  15 42 -0.548828
  16 42 0.96999
  17 42 -2.86411
  18 42 -1.2096
  19 42 1.15775
  20 42 1.59189
2700 20 840
  1 42 -1.34438
  2 42 -0.475897
  3 42 -0.787545
  4 42 -0.662071
  5 42 -0.328311
  6 42 1.15266
  7 42 -0.972083
  8 42 -1.61981
  9 42 -0.453445
  10 42 0.108707
  11 42 -0.987027
  12 42 0.842629
  13 42 -0.291983
  14 42 -0.21252
  15 42 -0.52229
  16 42 0.852591
  17 42 -1.33417
  18 42 -0.338777
  19 42 -0.697307
  20 42 -0.0219636
2800 20 840
  1 42 0.445329
  2 42 -0.211777
  3 42 -1.24409
  4 42 -0.487337
  5 42 -2.49763
  6 42 0.398321
  7 42 -0.227069
  8 42 -0.787828
  9 42 0.144048
  10 42 0.413937
  11 42 -0.833701
  12 42 0.10956
  13 42 -0.555658
  14 42 0.290033
  15 42 0.140618
  16 42 -0.890179
  17 42 -1.38655
  18 42 -0.163088
  19 42 -0.245913
  20 42 -1.61358
2900 20 840
  1 42 0.0634019
  2 42 0.235603
  3 42 0.108374
  4 42 -0.872999
  5 42 0.130945
  6 42 -1.46303
  7 42 0.520214
  8 42 1.07484
  9 42 -0.603409
  10 42 -0.0137384
  11 42 0.653143
  12 42 -1.25139
  13 42 -0.154383
  14 42 -0.00859877
  15 42 -0.272098
  16 42 0.118186
  17 42 0.0799177
  18 42 -1.40875
  19 42 0.416606
  20 42 -0.543712
3000 20 840
  1 42 0.0647932
  2 42 1.6076
  3 42 -0.358361
  4 42 -0.405844
  5 42 0.328759
  6 42 0.276942
  7 42 0.234226
  8 42 -0.313434
  9 42 -0.616614
  10 42 0.991877
  11 42 -2.10106
  12 42 -0.823574
  13 42 0.310793
  14 42 0.260244
  15 42 0.116472
  16 42 -0.731275
  17 42 -2.01176
  18 42 1.88531
  19 42 -0.139192
  20 42 -0.926492
3100 20 840
  1 42 0.846174
  2 42 -0.1098
  3 42 -0.43134
  4 42 0.281579
  5 42 -0.26274
  6 42 -0.0490083
  7 42 0.593742
  8 42 -1.25129
  9 42 -0.640537
  10 42 1.52817
  11 42 0.415715
  12 42 0.822761
  13 42 0.380238
  14 42 0.506323
  15 42 -0.70842
  16 42 -0.117752
  17 42 -0.298155
  18 42 0.564471
  19 42 1.03517
  20 42 -0.711075
3200 20 840
  1 42 -2.17985
  2 42 -0.159421
  3 42 0.0645539
  4 42 -0.51971
  5 42 0.983212
  6 42 -1.06608
  7 42 0.993073
  8 42 0.865736
  9 42 -0.652117
  10 42 0.485037
  11 42 -0.152486
  12 42 0.370569
  13 42 0.195182
  14 42 -0.316054
  15 42 -0.399209
  16 42 1.65138
  17 42 -0.496494
  18 42 1.29617
  19 42 1.4586
  20 42 -1.28742
3300 20 840
  1 42 0.161128
  2 42 0.74797
  3 42 -0.235594
  4 42 0.966354
  5 42 0.400654
  6 42 -0.76923
  7 42 -0.463055
  8 42 0.0621264
  9 42 0.156462
  10 42 1.15118
  11 42 2.47047
  12 42 0.796555
  13 42 -0.528639
  14 42 -0.477818
  15 42 -1.15177
  16 42 -1.09053
  17 42 -0.122437
  18 42 -0.702965
  19 42 -1.14896
  20 42 -1.25183
3400 20 840
  1 42 -1.93467
  2 42 -0.0591086
  3 42 0.500479
  4 42 1.27688
  5 42 0.925547
  6 42 2.12071
  7 42 -0.65423
  8 42 0.119563
  9 42 -0.714662
  10 42 -1.45284
  11 42 0.0380483
  12 42 -0.80509
  13 42 0.31447
  14 42 -0.547212
  15 42 0.245313
  16 42 1.56056
  17 42 0.0302519
  18 42 -0.716535
  19 42 0.0138901
  20 42 -0.264399
3500 20 840
  1 42 -0.74458
  2 42 -0.177601
  3 42 1.06776
  4 42 -0.638393
  5 42 0.452662
  6 42 -0.0211213
  7 42 -1.45488
  8 42 -0.694492
  9 42 -0.356617
  10 42 0.213398
  11 42 1.61772
  12 42 0.402859
  13 42 -0.511283
  14 42 -0.606281
  15 42 -1.07767
  16 42 1.72535
  17 42 -1.73516
  18 42 -0.798154
  19 42 -0.461772
  20 42 1.91259
3600 20 840
  1 42 -1.42097
  2 42 -0.11947
  3 42 0.0480688
  4 42 1.14111
  5 42 -0.161873
  6 42 -3.0208
  7 42 -0.205031
  8 42 -1.70504
  9 42 0.671938
  10 42 -0.332709
  11 42 0.125825
  12 42 -0.859893
  13 42 -0.44041
  14 42 -0.164834
  15 42 -0.908352
  16 42 -1.20874
  17 42 -0.0073274
  18 42 -0.951892
  19 42 -1.10607
  20 42 0.116462
3700 20 840
  1 42 0.165145
  2 42 -0.591112
  3 42 -0.513197
  4 42 -0.0550165
  5 42 1.41756
  6 42 0.894116
  7 42 -0.528854
  8 42 -0.968824
  9 42 -0.543998
  10 42 -0.0591543
  11 42 -0.554236
  12 42 -0.359923
  13 42 0.553291
  14 42 0.691164
  15 42 -0.82333
  16 42 -0.132376
  17 42 -0.0438593
  18 42 0.919114
  19 42 1.57662
  20 42 0.185524
3800 20 840
  1 42 -0.556256
  2 42 0.251083
  3 42 -0.379148
  4 42 -1.56012
  5 42 0.49229
  6 42 -1.43052
  7 42 0.391642
  8 42 -0.502498
  9 42 -0.41832
  10 42 -0.209252
  11 42 -2.49529
  12 42 -0.32737
  13 42 -0.485365
  14 42 -0.618673
  15 42 -1.3793
  16 42 -0.277362
  17 42 0.41201
  18 42 -1.75408
  19 42 0.728105
  20 42 0.341528
3900 20 840
  1 42 1.38444
  2 42 0.403669
  3 42 -1.2663
  4 42 0.974204
  5 42 -0.184211
  6 42 -1.00079
  7 42 0.584477
  8 42 -0.0868215
  9 42 0.228476
  10 42 0.310735
  11 42 -0.570073
  12 42 -1.19214
  13 42 -0.0552256
  14 42 -0.644399
  15 42 0.026637
  16 42 -1.61875
  17 42 0.105901
  18 42 2.17784
  19 42 0.331817
  20 42 -1.7992
4000 20 840
  1 42 -0.55004
  2 42 0.802194
  3 42 -0.953785
  4 42 -1.11286
  5 42 -1.01629
  6 42 -1.32449
  7 42 -0.500658
  8 42 -0.156243
  9 42 0.00332136
  10 42 0.68211
  11 42 0.585599
  12 42 0.224617
  13 42 -0.0900089
  14 42 0.671966
  15 42 1.7359
  16 42 -0.930253
  17 42 0.405105
  18 42 1.07464
  19 42 -0.238347
  20 42 1.5122
4100 20 840
  1 42 0.509021
  2 42 -0.16217
  3 42 -1.44509
  4 42 -0.241526
  5 42 -0.826472
  6 42 -1.11269
  7 42 0.45642
  8 42 0.0171399
  9 42 -0.210113
  10 42 -0.649821
  11 42 1.77463
  12 42 -1.24444
  13 42 -0.419507
  14 42 0.359985
  15 42 -1.01592
  16 42 1.38609
  17 42 -1.54127
  18 42 0.759173
  19 42 -0.395012
  20 42 -0.912482
4200 20 840
  1 42 0.260813
  2 42 -0.556873
  3 42 -0.460539
  4 42 0.471447
  5 42 -1.23595
  6 42 0.540755
  7 42 -0.726803
  8 42 -0.202702
  9 42 -0.442259
  10 42 0.33795
  11 42 0.315524
  12 42 0.52881
  13 42 -0.477338
  14 42 0.0359866
  15 42 -0.107896
  16 42 -0.790711
  17 42 -1.05312
  18 42 0.383381
  19 42 0.431473
  20 42 -1.23401
4300 20 840
  1 42 0.325016
  2 42 -0.624597
  3 42 0.128416
  4 42 0.0593024
  5 42 -0.00295559
  6 42 -1.71641
  7 42 -0.280446
  8 42 0.775425
  9 42 0.616967
  10 42 -0.122612
  11 42 0.769839
  12 42 0.418295
  13 42 0.06585
  14 42 -0.467475
  15 42 0.155732
  16 42 1.1196
  17 42 -1.87404
  18 42 -0.218729
  19 42 0.0960516
  20 42 -0.15047
4400 20 840
  1 42 0.828433
  2 42 -0.107717
  3 42 0.841171
  4 42 -0.688129
  5 42 -0.223666
  6 42 -1.19527
  7 42 0.458913
  8 42 -0.00506936
  9 42 -0.405901
  10 42 -0.448079
  11 42 0.795932
  12 42 -1.03466
  13 42 0.207647
  14 42 -0.321559
  15 42 0.135181
  16 42 1.45649
  17 42 -1.20965
  18 42 -1.47181
  19 42 -0.806767
  20 42 -0.426531
4500 20 840
  1 42 0.575199
  2 42 0.221846
  3 42 0.543149
  4 42 -2.04058
  5 42 -0.905403
  6 42 -0.0294967
  7 42 0.226132
  8 42 -0.31532
  9 42 -0.174126
  10 42 1.6744
  11 42 -1.0566
  12 42 -1.06684
  13 42 0.329089
  14 42 -0.299718
  15 42 -0.881266
  16 42 0.831953
  17 42 -0.0624605
  18 42 -1.20132
  19 42 0.301255
  20 42 2.74864
4600 20 840
  1 42 0.0689824
  2 42 -1.79779
  3 42 -0.254943
  4 42 -0.447411
  5 42 -1.11173
  6 42 -1.20372
  7 42 0.353779
  8 42 -1.07976
  9 42 0.158921
  10 42 0.125687
  11 42 -0.120724
  12 42 0.237892
  13 42 -1.25199
  14 42 0.672604
  15 42 0.388914
  16 42 -0.294049
  17 42 -1.04937
  18 42 -1.94063
  19 42 0.645683
  20 42 -0.783606
4700 20 840
  1 42 -0.856195
  2 42 1.38386
  3 42 -0.14715
  4 42 -0.379522
  5 42 -0.204266
  6 42 -2.6171
  7 42 -0.732344
  8 42 -0.847094
  9 42 -0.214573
  10 42 1.12781
  11 42 -1.27124
  12 42 0.889634
  13 42 -1.39959
  14 42 -0.0813688
  15 42 0.493023
  16 42 -0.996093
  17 42 -0.0964577
  18 42 -0.891764
  19 42 0.0488645
  20 42 0.701772
4800 20 840
  1 42 0.454051
  2 42 0.300984
  3 42 -0.0786457
  4 42 1.43985
  5 42 0.781456
  6 42 0.113104
  7 42 0.224049
  8 42 0.125439
  9 42 -0.0162
  10 42 -2.41119
  11 42 -0.770448
  12 42 -0.588106
  13 42 0.762797
  14 42 -0.416351
  15 42 -0.490235
  16 42 1.01706
  17 42 -0.0357118
  18 42 0.0386415
  19 42 -0.461846
  20 42 -1.28845
4900 20 840
  1 42 0.277013
  2 42 -0.316988
  3 42 0.574713
  4 42 0.889774
  5 42 1.47349
  6 42 0.875523
  7 42 -0.990725
  8 42 -0.580993
  9 42 -1.23947
  10 42 -1.03943
  11 42 -2.3469
  12 42 0.705844
  13 42 -0.694162
  14 42 0.529965
  15 42 1.23503
  16 42 0.576707
  17 42 -0.370657
  18 42 1.6291
  19 42 -0.0706133
  20 42 -0.749385
5000 20 840
  1 42 -0.226858
  2 42 1.4018
  3 42 0.157232
  4 42 -0.517056
  5 42 1.54969
  6 42 -0.271392
  7 42 0.405132
  8 42 -0.373105
  9 42 1.25519
  10 42 -0.466984
  11 42 -0.448591
  12 42 0.143308
  13 42 -1.93163
  14 42 -0.249496
  15 42 0.0138428
  16 42 0.0663072
  17 42 -0.694071
  18 42 1.93585
  19 42 0.337817
  20 42 0.392967
5100 20 840
  1 42 -0.487448
  2 42 -1.28842
  3 42 -0.539507
  4 42 0.836751
  5 42 -2.02083
  6 42 -1.62707
  7 42 0.00386583
  8 42 0.510883
  9 42 1.27757
  10 42 -0.560629
  11 42 1.72729
  12 42 0.566182
  13 42 -0.145277
  14 42 0.362193
  15 42 -0.680421
  16 42 -0.697102
  17 42 -1.63139
  18 42 1.61053
  19 42 0.541217
  20 42 -0.247499
5200 20 840
  1 42 -0.578385
  2 42 -0.0627726
  3 42 -1.74382
  4 42 -0.28109
  5 42 -0.999276
  6 42 1.48638
  7 42 0.0978576
  8 42 0.184819
  9 42 0.241759
  10 42 0.791357
  11 42 0.421319
  12 42 0.330989
  13 42 -0.63178
  14 42 0.461162
  15 42 -0.159804
  16 42 1.14403
  17 42 0.918116
  18 42 -2.28395
  19 42 0.0208025
  20 42 -0.553024
5300 20 840
  1 42 0.85143
  2 42 0.750323
  3 42 -0.293698
  4 42 -0.234052
  5 42 1.18238
  6 42 0.523763
  7 42 0.413426
  8 42 -0.113333
  9 42 -1.59796
  10 42 0.500297
  11 42 1.14073
  12 42 -1.10276
  13 42 0.0723244
  14 42 -0.0660165
  15 42 -0.0708138
  16 42 -0.799865
  17 42 0.835023
  18 42 0.433919
  19 42 0.316853
  20 42 -0.924517
5400 20 840
  1 42 0.181789
  2 42 0.228087
  3 42 0.934814
  4 42 0.610772
  5 42 -1.91285
  6 42 -2.97194
  7 42 -0.219721
  8 42 0.205516
  9 42 -1.40926
  10 42 1.38708
  11 42 -0.298569
  12 42 -3.07066
  13 42 0.719313
  14 42 -1.7709
  15 42 1.24902
  16 42 -1.51093
  17 42 0.345928
  18 42 -1.74367
  19 42 -0.746824
  20 42 1.26814
5500 20 840
  1 42 -1.23319
  2 42 -1.06545
  3 42 0.674685
  4 42 -0.762714
  5 42 -2.24175
  6 42 -2.64791
  7 42 -0.185499
  8 42 0.0951508
  9 42 -1.0621
  10 42 0.688098
  11 42 -0.134097
  12 42 -0.891966
  13 42 -1.44321
  14 42 -1.92206
  15 42 -0.650122
  16 42 1.25279
  17 42 -1.9398
  18 42 -0.320968
  19 42 -0.377775
  20 42 1.1614
5600 20 840
  1 42 0.108984
  2 42 0.414089
  3 42 -2.18092
  4 42 -1.18243
  5 42 -1.18305
  6 42 0.447412
  7 42 -0.83535
  8 42 -0.20845
  9 42 -1.69518
  10 42 -0.75002
  11 42 0.338217
  12 42 0.528939
  13 42 -0.224735
  14 42 -0.486591
  15 42 -1.54037
  16 42 -0.527034
  17 42 -0.10557
  18 42 -0.667358
  19 42 -0.527332
  20 42 -2.04304
5700 20 840
  1 42 0.507208
  2 42 0.45908
  3 42 0.428794
  4 42 -0.0852861
  5 42 -1.19559
  6 42 0.220174
  7 42 -0.601819
  8 42 0.832781
  9 42 0.820705
  10 42 -0.933667
  11 42 0.0337047
  12 42 -1.39387
  13 42 -0.457114
  14 42 0.903567
  15 42 -0.89988
  16 42 -0.533734
  17 42 -0.523458
  18 42 -0.0503478
  19 42 -0.323113
  20 42 -0.852705
5800 20 840
  1 42 -0.44747
  2 42 0.590412
  3 42 -1.60092
  4 42 0.0523224
  5 42 -0.00438243
  6 42 -0.47645
  7 42 -0.0400284
  8 42 0.293995
  9 42 -0.00799022
  10 42 0.253392
  11 42 -0.788473
  12 42 -0.649612
  13 42 -1.61934
  14 42 0.818535
  15 42 -1.20621
  16 42 -1.30031
  17 42 0.13863
  18 42 -0.235952
  19 42 -1.4975
  20 42 -1.16799
5900 20 840
  1 42 0.330856
  2 42 1.46064
  3 42 -0.455108
  4 42 -0.129127
  5 42 0.234853
  6 42 0.435877
  7 42 -0.23112
  8 42 -0.0265067
  9 42 -0.65085
  10 42 -0.925987
  11 42 0.271468
  12 42 -0.401094
  13 42 -0.174997
  14 42 1.02132
  15 42 -0.202981
  16 42 1.00891
  17 42 -0.957291
  18 42 0.857066
  19 42 -0.0335275
  20 42 0.273607
6000 20 840
  1 42 -1.06613
  2 42 0.0443215
  3 42 0.406648
  4 42 -0.760547
  5 42 1.3907
  6 42 0.649995
  7 42 -0.167473
  8 42 -1.03513
  9 42 0.252692
  10 42 -0.0284946
  11 42 0.0550989
  12 42 1.49647
  13 42 0.0541423
  14 42 0.200829
  15 42 -0.683255
  16 42 1.56962
  17 42 0.347798
  18 42 -0.959229
  19 42 -0.307099
  20 42 0.929287
6100 20 840
  1 42 -0.348732
  2 42 -1.11457
  3 42 -1.36204
  4 42 1.19478
  5 42 -0.292404
  6 42 -0.220836
  7 42 1.43192
  8 42 -1.26026
  9 42 -0.502679
  10 42 0.253866
  11 42 -0.604536
  12 42 1.58975
  13 42 -0.443707
  14 42 1.28479
  15 42 -1.02245
  16 42 0.510322
  17 42 -1.59139
  18 42 1.72921
  19 42 1.10565
  20 42 -1.48967
6200 20 840
  1 42 -0.550277
  2 42 -0.450083
  3 42 -0.0836609
  4 42 0.503204
  5 42 0.526386
  6 42 -1.56604
  7 42 -0.668565
  8 42 -1.0757
  9 42 -0.137329
  10 42 0.692682
  11 42 0.848986
  12 42 1.63794
  13 42 -0.21805
  14 42 -1.60283
  15 42 0.667237
  16 42 2.16069
  17 42 0.562055
  18 42 -0.752387
  19 42 -0.00739148
  20 42 1.19612
6300 20 840
  1 42 0.246549
  2 42 -0.992699
  3 42 0.503624
  4 42 -0.304478
  5 42 1.19555
  6 42 0.638597
  7 42 -0.426942
  8 42 0.173351
  9 42 -0.803011
  10 42 0.33754
  11 42 0.79798
  12 42 0.00714617
  13 42 -0.255895
  14 42 -2.41711
  15 42 -1.01787
  16 42 1.45432
  17 42 0.610908
  18 42 -0.775839
  19 42 0.399263
  20 42 -0.39446
6400 20 840
  1 42 0.218544
  2 42 -2.70727
  3 42 0.109741
  4 42 1.10579
  5 42 0.0583453
  6 42 -0.19505
  7 42 -0.414395
  8 42 -1.1807
  9 42 -0.282585
  10 42 1.02927
  11 42 1.4755
  12 42 -2.21339
  13 42 -1.71731
  14 42 -1.74695
  15 42 -0.584862
  16 42 -0.300341
  17 42 0.99176
  18 42 -1.20649
  19 42 0.813993
  20 42 0.336834
6500 20 840
  1 42 -0.158824
  2 42 0.999016
  3 42 0.350216
  4 42 -0.912747
  5 42 -0.0586139
  6 42 0.123123
  7 42 -0.613152
  8 42 -0.0174485
  9 42 -0.386332
  10 42 0.655667
  11 42 0.161879
  12 42 -1.48553
  13 42 -0.812358
  14 42 0.204321
  15 42 -0.74528
  16 42 -0.933437
  17 42 -0.169207
  18 42 0.459762
  19 42 0.750351
  20 42 -1.24246
6600 20 840
  1 42 -0.000539225
  2 42 -0.371563
  3 42 0.507326
  4 42 -0.90705
  5 42 -0.350744
  6 42 -0.594838
  7 42 -0.147251
  8 42 0.660772
  9 42 -0.00870009
  10 42 -1.39676
  11 42 0.0942713
  12 42 -0.54465
  13 42 0.159574
  14 42 0.202806
  15 42 -0.60269
  16 42 0.318872
  17 42 0.275116
  18 42 -0.629457
  19 42 0.429093
  20 42 -1.45434
6700 20 840
  1 42 -0.170467
  2 42 0.358807
  3 42 -0.614347
  4 42 0.0918723
  5 42 -0.06447
  6 42 0.441568
  7 42 -0.173488
  8 42 -0.425584
  9 42 -0.241843
  10 42 -0.427109
  11 42 -2.55511
  12 42 0.79068
  13 42 -0.184787
  14 42 0.286714
  15 42 0.846941
  16 42 -0.832247
  17 42 0.765361
  18 42 0.00858516
  19 42 1.04024
  20 42 0.144649
6800 20 840
  1 42 0.675163
  2 42 0.555245
  3 42 -0.00934505
  4 42 -0.222673
  5 42 1.42453
  6 42 0.63991
  7 42 0.521778
  8 42 0.16508
  9 42 0.399616
  10 42 -0.719511
  11 42 -1.20105
  12 42 -1.03826
  13 42 0.841693
  14 42 0.706896
  15 42 0.132218
  16 42 -1.46624
  17 42 0.794493
  18 42 0.805312
  19 42 1.27512
  20 42 -0.0462723
6900 20 840
  1 42 -0.276759
  2 42 -0.0993645
  3 42 0.145016
  4 42 -0.486435
  5 42 -1.25626
  6 42 -1.27022
  7 42 0.0480553
  8 42 -1.17115
  9 42 -0.326564
  10 42 -1.59333
  11 42 -0.565931
  12 42 0.528452
  13 42 0.0470664
  14 42 1.36603
  15 42 0.803103
  16 42 -0.902336
  17 42 -0.068295
  18 42 0.290235
  19 42 -1.91761
  20 42 0.206422
7000 20 840
  1 42 0.0986666
  2 42 -0.26854
  3 42 -1.29717
  4 42 -0.808902
  5 42 -1.77982
  6 42 0.332658
  7 42 0.573888
  8 42 -0.651492
  9 42 1.14098
  10 42 1.09491
  11 42 0.247581
  12 42 1.7675
  13 42 -0.353762
  14 42 1.40112
  15 42 -1.09925
  16 42 0.961475
  17 42 -0.599339
  18 42 -1.89093
  19 42 -2.88336
  20 42 0.604723
7100 20 840
  1 42 -1.16166
  2 42 -1.34145
  3 42 -0.997319
  4 42 -1.10592
  5 42 -0.277177
  6 42 -1.2266
  7 42 -0.520538
  8 42 -0.319083
  9 42 -0.587828
  10 42 -0.0870689
  11 42 -0.817813
  12 42 0.450983
  13 42 0.373655
  14 42 0.396156
  15 42 -0.763352
  16 42 -1.45653
  17 42 -0.995326
  18 42 -1.95951
  19 42 -0.391903
  20 42 0.913678
7200 20 840
  1 42 0.365937
  2 42 0.555891
  3 42 -0.169834
  4 42 0.438673
  5 42 -0.251024
  6 42 -0.502321
  7 42 -1.30351
  8 42 -0.511249
  9 42 0.42094
  10 42 1.09258
  11 42 -0.637536
  12 42 -0.820328
  13 42 -0.749842
  14 42 -0.462387
  15 42 -0.101493
  16 42 -1.45906
  17 42 0.0874051
  18 42 -1.17783
  19 42 -2.73578
  20 42 -0.81986
7300 20 840
  1 42 -0.106231
  2 42 -1.10972
  3 42 0.918209
  4 42 0.186268
  5 42 0.183062
  6 42 -2.5863
  7 42 0.0904428
  8 42 -0.895103
  9 42 -0.345895
  10 42 -1.43358
  11 42 1.28787
  12 42 -3.19191
  13 42 -0.194875
  14 42 -0.587255
  15 42 0.259859
  16 42 0.910074
  17 42 -0.139125
  18 42 -0.799342
  19 42 -0.374321
  20 42 -0.211839
7400 20 840
  1 42 0.173442
  2 42 -0.41454
  3 42 0.384214
  4 42 -2.12146
  5 42 1.41142
  6 42 -1.47504
  7 42 0.299235
  8 42 0.0213495
  9 42 -0.662551
  10 42 0.464016
  11 42 0.730823
  12 42 -0.353338
  13 42 -0.522651
  14 42 -0.663575
  15 42 -0.537172
  16 42 0.672956
  17 42 0.870775
  18 42 -0.410459
  19 42 1.10272
  20 42 1.1103
7500 20 840
  1 42 0.0862002
  2 42 -0.621529
  3 42 -0.19753
  4 42 -0.0554717
  5 42 -0.478247
  6 42 0.30974
  7 42 0.742183
  8 42 -0.115006
  9 42 0.54649
  10 42 0.816969
  11 42 -0.307433
  12 42 0.519581
  13 42 -0.841506
  14 42 0.376659
  15 42 -0.862451
  16 42 -0.112902
  17 42 1.08111
  18 42 -0.120569
  19 42 0.490935
  20 42 -0.146381
7600 20 840
  1 42 0.7235
  2 42 0.0697134
  3 42 0.511008
  4 42 1.10127
  5 42 -0.0588841
  6 42 0.937122
  7 42 -0.274865
  8 42 0.250131
  9 42 0.238909
  10 42 -0.627841
  11 42 1.53466
  12 42 0.166418
  13 42 -1.28618
  14 42 0.402398
  15 42 0.806056
  16 42 0.609161
  17 42 -0.118014
  18 42 1.37283
  19 42 0.512973
  20 42 2.01634
7700 20 840
  1 42 0.905637
  2 42 0.583495
  3 42 -0.525697
  4 42 -0.57751
  5 42 -0.56268
  6 42 0.803451
  7 42 -0.869632
  8 42 0.522985
  9 42 0.0798067
  10 42 -0.856781
  11 42 -0.861809
  12 42 0.133554
  13 42 -0.604722
  14 42 0.61126
  15 42 -0.337249
  16 42 1.89645
  17 42 0.828724
  18 42 0.638385
  19 42 0.829887
  20 42 -0.862671
7800 20 840
  1 42 0.665443
  2 42 -1.0478
  3 42 -0.216278
  4 42 0.884704
  5 42 0.25719
  6 42 0.143592
  7 42 -0.290662
  8 42 -0.453614
  9 42 -0.731622
  10 42 -0.574088
  11 42 -1.84731
  12 42 -1.44986
  13 42 -0.486236
  14 42 -0.181728
  15 42 0.0894663
  16 42 -0.352073
  17 42 0.233983
  18 42 0.690997
  19 42 0.201563
  20 42 1.57949
7900 20 840
  1 42 -0.241015
  2 42 -0.591296
  3 42 -0.0896189
  4 42 0.677704
  5 42 -0.579642
  6 42 0.190343
  7 42 -0.788669
  8 42 -0.365531
  9 42 -0.617589
  10 42 -0.782148
  11 42 -1.76679
  12 42 -0.00839027
  13 42 -0.23556
  14 42 0.148407
  15 42 1.05641
  16 42 0.0606672
  17 42 -1.78562
  18 42 0.104581
  19 42 0.345478
  20 42 0.475729
8000 20 840
  1 42 -1.1014
  2 42 -0.0746338
  3 42 0.180613
  4 42 -1.07471
  5 42 -0.559776
  6 42 -0.35138
  7 42 -0.467723
  8 42 -0.602051
  9 42 -0.311202
  10 42 0.346062
  11 42 -1.79543
  12 42 0.948187
  13 42 -0.0232381
  14 42 -0.112591
  15 42 -0.808157
  16 42 1.22627
  17 42 0.0764053
  18 42 -0.215788
  19 42 0.572995
  20 42 0.440957
8100 20 840
  1 42 -0.91439
  2 42 -0.529499
  3 42 -1.14784
  4 42 0.327553
  5 42 -1.013
  6 42 0.759686
  7 42 0.639324
  8 42 -0.441143
  9 42 -0.256036
  10 42 0.324953
  11 42 -0.957248
  12 42 2.30291
  13 42 -0.550974
  14 42 -0.181499
  15 42 0.361947
  16 42 -1.71718
  17 42 0.0500141
  18 42 -2.39192
  19 42 0.133765
  20 42 -1.55518
8200 20 840
  1 42 -1.3174
  2 42 -0.277064
  3 42 -0.114461
  4 42 -0.351548
  5 42 0.13076
  6 42 0.00133223
  7 42 -0.414658
  8 42 0.401118
  9 42 -0.655643
  10 42 1.01838
  11 42 -0.218283
  12 42 -0.29855
  13 42 0.411917
  14 42 -0.998784
  15 42 -0.480686
  16 42 -1.7368
  17 42 2.27052
  18 42 -2.14107
  19 42 -1.91421
  20 42 1.17925
8300 20 840
  1 42 -0.766948
  2 42 0.692419
  3 42 0.313404
  4 42 -1.25036
  5 42 0.818054
  6 42 0.835823
  7 42 1.23264
  8 42 -1.1375
  9 42 -1.25542
  10 42 0.81259
  11 42 -0.112799
  12 42 -0.732685
  13 42 -0.384792
  14 42 -0.620641
  15 42 0.0699883
  16 42 -1.83564
  17 42 1.45544
  18 42 -1.4229
  19 42 -1.91805
  20 42 -0.762812
8400 20 840
  1 42 -0.485643
  2 42 -0.177492
  3 42 0.621237
  4 42 -0.705311
  5 42 0.0803017
  6 42 0.777521
  7 42 -0.441586
  8 42 0.221019
  9 42 -0.0459422
  10 42 0.0226845
  11 42 0.585775
  12 42 -0.440989
  13 42 -0.717386
  14 42 -0.898075
  15 42 0.518374
  16 42 -1.03645
  17 42 0.392252
  18 42 -1.54272
  19 42 -0.87786
  20 42 -0.908501
8500 20 840
  1 42 -1.32327
  2 42 -0.317389
  3 42 0.0355728
  4 42 -2.11263
  5 42 0.0630479
  6 42 1.07429
  7 42 0.298719
  8 42 1.08242
  9 42 -0.352513
  10 42 -2.27743
  11 42 -0.266848
  12 42 -0.0132738
  13 42 0.734632
  14 42 0.354406
  15 42 -1.02817
  16 42 0.768708
  17 42 -0.392183
  18 42 0.169565
  19 42 -0.254721
  20 42 -2.14454
8600 20 840
  1 42 -0.343361
  2 42 0.415215
  3 42 -0.653105
  4 42 -0.975556
  5 42 0.480012
  6 42 -0.199347
  7 42 -0.0995923
  8 42 -1.08675
  9 42 -0.16255
  10 42 -0.503705
  11 42 0.600694
  12 42 0.951467
  13 42 -0.456173
  14 42 0.587052
  15 42 -0.506799
  16 42 -0.595213
  17 42 0.763531
  18 42 1.2675
  19 42 -0.0970487
  20 42 -0.573035
8700 20 840
  1 42 -1.05824
  2 42 0.17593
  3 42 -1.23782
  4 42 1.16994
  5 42 0.260888
  6 42 0.0975196
  7 42 -0.675193
  8 42 -0.529367
  9 42 -0.661173
  10 42 0.272767
  11 42 -0.129755
  12 42 -1.81176
  13 42 -0.846086
  14 42 0.449871
  15 42 -0.489895
  16 42 0.530588
  17 42 -0.0448943
  18 42 0.944941
  19 42 0.14656
  20 42 -0.37084
8800 20 840
  1 42 0.519017
  2 42 -0.721142
  3 42 0.787081
  4 42 -0.010368
  5 42 -0.0051438
  6 42 -0.0248447
  7 42 -0.912419
  8 42 0.380774
  9 42 0.0466517
  10 42 -0.601363
  11 42 1.08834
  12 42 -0.347777
  13 42 -2.70858
  14 42 0.600732
  15 42 -0.425767
  16 42 1.72859
  17 42 -0.594785
  18 42 1.04507
  19 42 0.600241
  20 42 1.26805
8900 20 840
  1 42 -0.358911
  2 42 0.45462
  3 42 -1.23941
  4 42 -1.62048
  5 42 -0.562526
  6 42 -0.141728
  7 42 -0.365769
  8 42 -1.16184
  9 42 -0.713773
  10 42 -0.233987
  11 42 -0.0336993
  12 42 0.362096
  13 42 -1.03792
  14 42 0.0156959
  15 42 0.121839
  16 42 -0.654145
  17 42 1.22053
  18 42 -1.63015
  19 42 0.303544
  20 42 0.334543
9000 20 840
  1 42 0.303858
  2 42 -0.559556
  3 42 -0.460785
  4 42 0.297474
  5 42 0.413604
  6 42 -0.0255411
  7 42 0.803029
  8 42 -0.477475
  9 42 0.0831467
  10 42 0.436679
  11 42 -0.544904
  12 42 -0.885248
  13 42 0.122272
  14 42 0.662424
  15 42 -0.557973
  16 42 -0.132905
  17 42 0.47225
  18 42 0.288237
  19 42 1.1344
  20 42 0.569909
9100 20 840
  1 42 -0.367519
  2 42 -1.1281
  3 42 -0.240999
  4 42 1.35104
  5 42 -2.16624
  6 42 -2.39425
  7 42 -0.260318
  8 42 -0.345353
  9 42 -1.53518
  10 42 -0.175191
  11 42 -0.253367
  12 42 -0.279166
  13 42 -0.926016
  14 42 -1.03124
  15 42 0.0089972
  16 42 0.588302
  17 42 2.44731
  18 42 -1.7489
  19 42 -0.0852203
  20 42 -2.21889
9200 20 840
  1 42 1.09648
  2 42 -0.606798
  3 42 0.749674
  4 42 -0.876338
  5 42 0.421028
  6 42 0.4197
  7 42 0.197624
  8 42 0.50965
  9 42 0.107964
  10 42 0.591561
  11 42 -1.86613
  12 42 -0.460779
  13 42 -0.0703459
  14 42 -1.06428
  15 42 -1.02309
  16 42 -1.32721
  17 42 0.607217
  18 42 0.564411
  19 42 -0.536672
  20 42 -1.61299
9300 20 840
  1 42 -0.80121
  2 42 -1.44781
  3 42 0.721816
  4 42 -0.684024
  5 42 -0.803813
  6 42 1.6709
  7 42 -0.686151
  8 42 0.0309525
  9 42 -0.525146
  10 42 0.298186
  11 42 0.414582
  12 42 0.499653
  13 42 -0.561537
  14 42 -1.32964
  15 42 -0.235878
  16 42 -2.37594
  17 42 1.95868
  18 42 -1.03376
  19 42 -0.154189
  20 42 0.205707
9400 20 840
  1 42 -0.294107
  2 42 -1.40728
  3 42 -0.105462
  4 42 0.511568
  5 42 -1.06751
  6 42 1.94513
  7 42 -0.641309
  8 42 0.588076
  9 42 0.424801
  10 42 0.0442912
  11 42 -0.107199
  12 42 -0.831755
  13 42 -0.137506
  14 42 -0.400178
  15 42 -0.31104
  16 42 0.313687
  17 42 0.530219
  18 42 -0.447919
  19 42 -0.607233
  20 42 -2.2452
9500 20 840
  1 42 -0.779093
  2 42 1.12771
  3 42 -0.313227
  4 42 -2.13336
  5 42 -0.932072
  6 42 1.46231
  7 42 -0.337449
  8 42 -0.255377
  9 42 0.572995
  10 42 0.648433
  11 42 -0.220025
  12 42 2.2697
  13 42 -0.146387
  14 42 0.266447
  15 42 -0.171632
  16 42 -0.634091
  17 42 0.567038
  18 42 -0.398521
  19 42 0.143106
  20 42 -1.84051
9600 20 840
  1 42 0.313849
  2 42 -0.86139
  3 42 0.0177798
  4 42 1.57095
  5 42 -0.46972
  6 42 0.174179
  7 42 -0.708478
  8 42 0.56695
  9 42 -0.541496
  10 42 -0.281534
  11 42 -1.89765
  12 42 0.584742
  13 42 -0.213393
  14 42 -0.432241
  15 42 1.16218
  16 42 1.89246
  17 42 -0.294603
  18 42 -2.31244
  19 42 -0.0348608
  20 42 1.39884
9700 20 840
  1 42 -0.423572
  2 42 -1.69827
  3 42 0.642113
  4 42 -0.17338
  5 42 0.869592
  6 42 -0.917175
  7 42 -0.0087752
  8 42 -0.673967
  9 42 -0.072059
  10 42 -1.84554
  11 42 -1.60849
  12 42 0.253327
  13 42 -0.27714
  14 42 -0.369034
  15 42 -0.691754
  16 42 0.302305
  17 42 -0.000766985
  18 42 -1.23658
  19 42 -0.354541
  20 42 0.141591
9800 20 840
  1 42 0.374752
  2 42 1.9958
  3 42 0.30153
  4 42 -1.75429
  5 42 0.707737
  6 42 -1.7773
  7 42 0.579273
  8 42 -1.76053
  9 42 -0.0967732
  10 42 -0.536536
  11 42 -0.588251
  12 42 -0.568386
  13 42 -0.215177
  14 42 0.644335
  15 42 0.285145
  16 42 0.0251993
  17 42 1.15525
  18 42 -0.639934
  19 42 -0.11858
  20 42 2.31641
9900 20 840
  1 42 0.304464
  2 42 -1.12395
  3 42 -0.665873
  4 42 0.220755
  5 42 -0.353549
  6 42 0.164153
  7 42 0.0073305
  8 42 -0.231882
  9 42 0.153176
  10 42 -1.63562
  11 42 -0.961096
  12 42 0.890139
  13 42 -0.0336324
  14 42 2.20223
  15 42 0.508552
  16 42 0.0814281
  17 42 -0.276151
  18 42 -1.24342
  19 42 0.531155
  20 42 -1.74485
10000 20 840
  1 42 0.32504
  2 42 0.23539
  3 42 -0.696211
  4 42 -2.45065
  5 42 -0.524722
  6 42 0.99428
  7 42 0.178878
  8 42 0.983391
  9 42 0.885354
  10 42 -0.601861
  11 42 -2.20339
  12 42 0.749001
  13 42 -2.37981
  14 42 0.242985
  15 42 -0.734286
  16 42 -0.524337
  17 42 -0.380086
  18 42 0.228679
  19 42 0.775639
  20 42 0.569687
