# Chunk-averaged data for fix sternForces and group all
# Timestep Number-of-chunks Total-count
# Chunk Ncount c_sternComp
0 20 840
  1 42 -0.128542
  2 42 -0.128542
  3 42 -0.128542
  4 42 -0.128542
  5 42 -0.128542
  6 42 -0.128542
  7 42 -0.128542
  8 42 -0.128542
  9 42 -0.128542
  10 42 -0.128542
  11 42 -0.128542
  12 42 -0.128542
  13 42 -0.128542
  14 42 -0.128542
  15 42 -0.128542
  16 42 -0.128542
  17 42 -0.128542
  18 42 -0.128542
  19 42 -0.128542
  20 42 -0.128542
100 20 840
  1 42 -0.531068
  2 42 -0.020322
  3 42 0.0412972
  4 42 -0.783199
  5 42 -0.859856
  6 42 0.18234
  7 42 -0.149697
  8 42 0.780349
  9 42 0.3359
  10 42 -0.374184
  11 42 -0.00478951
  12 42 0.985346
  13 42 0.0117569
  14 42 -0.0696511
  15 42 -0.324368
  16 42 0.801781
  17 42 -0.480787
  18 42 0.0837794
  19 42 -0.834343
  20 42 -0.692433
200 20 840
  1 42 0.105166
  2 42 -0.751559
  3 42 -0.613853
  4 42 -0.165114
  5 42 0.162627
  6 42 0.609711
  7 42 1.22407
  8 42 0.252196
  9 42 -0.293094
  10 42 -0.602993
  11 42 -0.831208
  12 42 -0.368342
  13 42 -0.480433
  14 42 -1.13591
  15 42 -0.309252
  16 42 -1.0067
  17 42 -0.445123
  18 42 0.39914
  19 42 0.689144
  20 42 -0.832223
300 20 840
  1 42 0.188133
  2 42 0.168357
  3 42 -0.123858
  4 42 -0.932876
  5 42 0.324039
  6 42 0.984401
  7 42 0.00250619
  8 42 0.176487
  9 42 0.223909
  10 42 0.0544448
  11 42 -1.25572
  12 42 -0.906061
  13 42 -0.155667
  14 42 0.444904
  15 42 -1.18875
  16 42 0.995692
  17 42 0.835063
  18 42 0.284597
  19 42 -0.291986
  20 42 0.321366
400 20 840
  1 42 0.349285
  2 42 0.0631793
  3 42 0.203357
  4 42 -0.357383
  5 42 -0.0547258
  6 42 -0.28272
  7 42 0.610708
  8 42 0.181753
  9 42 -1.01544
  10 42 -1.01912
  11 42 0.838443
  12 42 -1.31791
  13 42 -0.511006
  14 42 -0.132641
  15 42 -0.588422
  16 42 -0.679962
  17 42 0.0930055
  18 42 -0.426247
  19 42 -0.00665989
  20 42 0.112976
500 20 840
  1 42 -1.10941
  2 42 0.108001
  3 42 -1.50197
  4 42 -0.204224
  5 42 -0.693554
  6 42 -1.28062
  7 42 -0.455726
  8 42 0.564314
  9 42 0.021809
  10 42 0.452429
  11 42 0.984853
  12 42 -0.0385158
  13 42 -0.491174
  14 42 -0.228471
  15 42 0.274717
  16 42 -0.220042
  17 42 0.13821
  18 42 -0.383541
  19 42 0.382488
  20 42 0.377558
600 20 840
  1 42 -0.545632
  2 42 -0.643439
  3 42 -1.33861
  4 42 -1.24847
  5 42 -0.242245
  6 42 0.406386
  7 42 0.0149166
  8 42 0.231958
  9 42 -0.25535
  10 42 -0.058972
  11 42 -0.657902
  12 42 0.494484
  13 42 -0.598496
  14 42 -0.581557
  15 42 -0.797005
  16 42 -0.24466
  17 42 -0.930748
  18 42 -0.616811
  19 42 0.00970668
  20 42 -0.108826
700 20 840
  1 42 -0.597566
  2 42 0.0908849
  3 42 0.230605
  4 42 -0.00662663
  5 42 0.173915
  6 42 -1.02277
  7 42 -0.327202
  8 42 0.160228
  9 42 -1.37433
  10 42 -0.734488
  11 42 0.135501
  12 42 -0.389648
  13 42 -0.0997082
  14 42 -0.682819
  15 42 -0.419695
  16 42 0.346741
  17 42 -0.992019
  18 42 -0.470613
  19 42 0.172192
  20 42 -1.22027
800 20 840
  1 42 -0.734124
  2 42 0.983917
  3 42 0.0818111
  4 42 -0.80018
  5 42 0.362646
  6 42 0.0483189
  7 42 -0.567407
  8 42 -0.961959
  9 42 -0.611651
  10 42 1.83215
  11 42 -0.634441
  12 42 -0.272825
  13 42 -0.126247
  14 42 -1.08253
  15 42 -1.13548
  16 42 0.349257
  17 42 -0.907501
  18 42 0.341361
  19 42 -1.41869
  20 42 0.901262
900 20 840
  1 42 -0.214089
  2 42 -0.49238
  3 42 0.752091
  4 42 0.103122
  5 42 -0.770385
  6 42 -0.033865
  7 42 -0.466579
  8 42 0.473808
  9 42 -1.23133
  10 42 -0.842114
  11 42 -0.472113
  12 42 0.73484
  13 42 0.19011
  14 42 0.276713
  15 42 -0.311041
  16 42 0.121571
  17 42 0.576758
  18 42 0.0332456
  19 42 0.872037
  20 42 -1.22348
1000 20 840
  1 42 -0.231973
  2 42 -0.369794
  3 42 1.41882
  4 42 -0.271758
  5 42 0.958396
  6 42 0.950777
  7 42 -0.67348
  8 42 0.0260913
  9 42 0.0156049
  10 42 -0.555034
  11 42 1.15153
  12 42 1.16363
  13 42 -0.201358
  14 42 0.138012
  15 42 -1.15952
  16 42 -0.244299
  17 42 -0.434051
  18 42 -0.905203
  19 42 0.666393
  20 42 0.429056
1100 20 840
  1 42 -0.441945
  2 42 0.684376
  3 42 -0.302529
  4 42 -0.70004
  5 42 -0.548301
  6 42 0.569269
  7 42 -1.3404
  8 42 -0.660574
  9 42 -0.132811
  10 42 0.653151
  11 42 0.314804
  12 42 0.992566
  13 42 -0.362408
  14 42 0.828639
  15 42 0.159879
  16 42 -0.728571
  17 42 -0.302145
  18 42 0.948998
  19 42 -0.0956003
  20 42 -0.511266
1200 20 840
  1 42 -0.634559
  2 42 -1.16401
  3 42 -0.844732
  4 42 -0.0328664
  5 42 -0.531185
  6 42 -0.475019
  7 42 -0.32504
  8 42 0.184875
  9 42 -0.528636
  10 42 0.204546
  11 42 -1.22115
  12 42 -0.446772
  13 42 0.287499
  14 42 -0.0428407
  15 42 0.294257
  16 42 0.480026
  17 42 0.568984
  18 42 0.0299757
  19 42 1.12099
  20 42 -0.579378
1300 20 840
  1 42 -0.639924
  2 42 -0.984962
  3 42 0.15176
  4 42 -0.425104
  5 42 -0.0606787
  6 42 -0.400888
  7 42 -0.559026
  8 42 -0.279229
  9 42 0.648671
  10 42 0.138127
  11 42 0.0104317
  12 42 -0.0355006
  13 42 -0.755683
  14 42 -1.53399
  15 42 0.116893
  16 42 -0.309556
  17 42 -0.746316
  18 42 0.390666
  19 42 1.9538
  20 42 -0.17611
1400 20 840
  1 42 0.527205
  2 42 -0.123246
  3 42 -0.11732
  4 42 0.791375
  5 42 -0.677925
  6 42 -0.51888
  7 42 0.0373832
  8 42 -0.49612
  9 42 -0.143851
  10 42 -1.07739
  11 42 -0.449126
  12 42 -0.634545
  13 42 -0.401423
  14 42 -0.921391
  15 42 0.256244
  16 42 -0.481202
  17 42 0.240404
  18 42 0.0145784
  19 42 -1.29388
  20 42 -1.55959
1500 20 840
  1 42 0.069349
  2 42 -0.263232
  3 42 -0.674557
  4 42 -0.636953
  5 42 -0.0457402
  6 42 -0.369181
  7 42 -0.00335391
  8 42 0.390412
  9 42 -0.176953
  10 42 -0.581596
  11 42 -0.852574
  12 42 -0.298592
  13 42 -0.450473
  14 42 0.160129
  15 42 -0.133192
  16 42 -0.772547
  17 42 -0.725107
  18 42 -0.652261
  19 42 0.607344
  20 42 0.27585
1600 20 840
  1 42 0.366149
  2 42 0.360859
  3 42 -0.0075801
  4 42 -0.835309
  5 42 -0.477356
  6 42 -1.91359
  7 42 1.10676
  8 42 -0.0311833
  9 42 2.08011
  10 42 0.811058
  11 42 0.438384
  12 42 0.0251357
  13 42 -0.759529
  14 42 -0.123088
  15 42 -0.85839
  16 42 0.402922
  17 42 0.0954359
  18 42 -1.47629
  19 42 -0.94559
  20 42 0.813684
1700 20 840
  1 42 0.514569
  2 42 -0.945184
  3 42 -0.567128
  4 42 -0.236619
  5 42 -1.21912
  6 42 -0.0246744
  7 42 0.860218
  8 42 0.311107
  9 42 -0.0517216
  10 42 -1.34386
  11 42 0.280761
  12 42 0.293921
  13 42 -0.32083
  14 42 -0.224219
  15 42 -0.167667
  16 42 -0.0160321
  17 42 0.859878
  18 42 0.206145
  19 42 -2.34706
  20 42 -0.275697
1800 20 840
  1 42 0.96273
  2 42 0.349839
  3 42 0.399896
  4 42 -0.243247
  5 42 0.510594
  6 42 -0.0950881
  7 42 -0.829859
  8 42 0.144734
  9 42 -0.690678
  10 42 -0.050311
  11 42 -0.590912
  12 42 -0.374685
  13 42 -0.46481
  14 42 0.482348
  15 42 -0.67553
  16 42 0.724085
  17 42 0.684628
  18 42 0.317232
  19 42 -1.12217
  20 42 -0.242405
1900 20 840
  1 42 0.0109499
  2 42 0.0983512
  3 42 1.87236
  4 42 0.208503
  5 42 0.374826
  6 42 -0.658831
  7 42 1.38863
  8 42 0.0597262
  9 42 -0.0437768
  10 42 -1.27795
  11 42 -0.958083
  12 42 -1.36651
  13 42 -0.0528782
  14 42 -0.243607
  15 42 0.0310585
  16 42 -0.493657
  17 42 -0.341383
  18 42 0.739932
  19 42 0.847402
  20 42 -0.497538
2000 20 840
  1 42 -0.00392581
  2 42 -0.415603
  3 42 -0.506205
  4 42 -0.0675991
  5 42 -0.779743
  6 42 0.105373
  7 42 -0.788374
  8 42 -0.0512714
  9 42 0.387091
  10 42 -0.191556
  11 42 -0.971303
  12 42 0.412402
  13 42 -0.188127
  14 42 0.339294
  15 42 -0.488188
  16 42 0.238556
  17 42 0.0960746
  18 42 0.64542
  19 42 -0.50862
  20 42 -0.934183
2100 20 840
  1 42 -0.969689
  2 42 -0.51417
  3 42 0.36113
  4 42 -0.691786
  5 42 -0.205444
  6 42 -0.140926
  7 42 0.199068
  8 42 -0.151856
  9 42 -0.00581594
  10 42 -0.340314
  11 42 0.268469
  12 42 1.19241
  13 42 -0.137503
  14 42 -0.406419
  15 42 0.977222
  16 42 -0.10507
  17 42 -0.13924
  18 42 -0.00751672
  19 42 1.4661
  20 42 -0.686022
2200 20 840
  1 42 -0.0942632
  2 42 -0.383356
  3 42 0.136538
  4 42 0.582532
  5 42 -0.912829
  6 42 -0.65716
  7 42 -1.73009
  8 42 -0.800209
  9 42 -0.826976
  10 42 0.0230952
  11 42 0.548378
  12 42 -0.549075
  13 42 -0.860469
  14 42 -0.215363
  15 42 0.305607
  16 42 -0.931418
  17 42 -1.15389
  18 42 -0.423637
  19 42 -0.773678
  20 42 0.114593
2300 20 840
  1 42 -0.364777
  2 42 1.7705
  3 42 1.24255
  4 42 -0.670009
  5 42 -0.0494207
  6 42 -0.108526
  7 42 -0.671546
  8 42 0.344591
  9 42 -1.19571
  10 42 0.316367
  11 42 -0.267289
  12 42 -0.852625
  13 42 -0.162244
  14 42 0.00210992
  15 42 0.307568
  16 42 -0.147486
  17 42 -0.746274
  18 42 -0.804732
  19 42 -1.88411
  20 42 0.480666
2400 20 840
  1 42 -0.253546
  2 42 -0.561967
  3 42 0.392382
  4 42 0.0786461
  5 42 -0.467499
  6 42 -0.530566
  7 42 -1.81698
  8 42 -0.344682
  9 42 -1.19282
  10 42 -0.900569
  11 42 -0.00443674
  12 42 -0.0273101
  13 42 0.192619
  14 42 -0.497147
  15 42 0.707147
  16 42 -0.290071
  17 42 -0.743511
  18 42 -1.41945
  19 42 -0.51357
  20 42 -0.830154
2500 20 840
  1 42 -0.918609
  2 42 -0.693362
  3 42 0.650338
  4 42 -0.0594587
  5 42 -1.55884
  6 42 -0.484007
  7 42 0.290748
  8 42 -0.571821
  9 42 -1.48496
  10 42 0.398062
  11 42 -1.01124
  12 42 0.371494
  13 42 0.142261
  14 42 0.163338
  15 42 -0.389005
  16 42 0.0370009
  17 42 -0.131608
  18 42 -0.357369
  19 42 1.13231
  20 42 -0.0132241
2600 20 840
  1 42 0.123661
  2 42 -1.45327
  3 42 1.39373
  4 42 0.15504
  5 42 -0.190789
  6 42 0.0702969
  7 42 0.496116
  8 42 -0.20145
  9 42 1.92788
  10 42 -0.813322
  11 42 -0.28886
  12 42 -0.776138
  13 42 -0.546638
  14 42 -0.320055
  15 42 -0.636415
  16 42 -0.390623
  17 42 -0.981308
  18 42 -0.215794
  19 42 0.205282
  20 42 -0.033215
2700 20 840
  1 42 0.672736
  2 42 0.158526
  3 42 0.437771
  4 42 0.234284
  5 42 -0.465641
  6 42 0.250387
  7 42 -0.315347
  8 42 -0.356266
  9 42 0.442463
  10 42 0.802619
  11 42 -0.0285913
  12 42 0.776919
  13 42 -0.000222348
  14 42 0.773321
  15 42 1.82764
  16 42 0.605272
  17 42 0.742921
  18 42 0.760569
  19 42 2.07146
  20 42 -0.841416
2800 20 840
  1 42 0.147135
  2 42 0.249517
  3 42 -0.845865
  4 42 -0.784915
  5 42 1.41161
  6 42 0.306483
  7 42 1.80722
  8 42 0.208192
  9 42 0.552947
  10 42 0.372951
  11 42 -1.06982
  12 42 0.216642
  13 42 -0.0996626
  14 42 -0.42345
  15 42 -0.958484
  16 42 -0.962972
  17 42 0.974162
  18 42 0.834179
  19 42 -0.411209
  20 42 0.731
2900 20 840
  1 42 -0.396846
  2 42 0.56835
  3 42 -0.877403
  4 42 0.0675165
  5 42 -0.0915964
  6 42 -0.395698
  7 42 -0.831948
  8 42 1.33181
  9 42 -0.786786
  10 42 -1.47515
  11 42 -0.127195
  12 42 -0.169668
  13 42 0.753088
  14 42 -0.140141
  15 42 -0.308214
  16 42 0.245909
  17 42 1.28561
  18 42 -0.990688
  19 42 -0.562745
  20 42 -0.123218
3000 20 840
  1 42 -0.433478
  2 42 0.217171
  3 42 -0.90083
  4 42 -0.581641
  5 42 1.08667
  6 42 1.19577
  7 42 -0.149272
  8 42 -0.322078
  9 42 1.43826
  10 42 -0.153611
  11 42 -0.289943
  12 42 0.510614
  13 42 -0.591675
  14 42 -0.60209
  15 42 -0.747282
  16 42 -0.558942
  17 42 -0.198237
  18 42 -0.0201079
  19 42 -0.369095
  20 42 0.537506
3100 20 840
  1 42 -1.02434
  2 42 0.456822
  3 42 0.744421
  4 42 -0.613586
  5 42 1.16509
  6 42 0.263495
  7 42 1.03861
  8 42 -0.353797
  9 42 -0.302883
  10 42 -0.525439
  11 42 -1.03104
  12 42 0.507877
  13 42 -1.00182
  14 42 -0.461531
  15 42 -0.246061
  16 42 -0.506017
  17 42 -0.308585
  18 42 0.254001
  19 42 -0.697881
  20 42 -0.976937
3200 20 840
  1 42 -0.301204
  2 42 -0.284735
  3 42 0.14416
  4 42 -0.733582
  5 42 -0.637946
  6 42 -0.171497
  7 42 0.102883
  8 42 0.455502
  9 42 0.51634
  10 42 -0.270302
  11 42 -0.700728
  12 42 -1.15348
  13 42 -0.0552613
  14 42 -0.957904
  15 42 -1.27507
  16 42 1.10695
  17 42 -0.558049
  18 42 -1.00125
  19 42 -0.851106
  20 42 0.561124
3300 20 840
  1 42 -0.815915
  2 42 0.784114
  3 42 0.0491819
  4 42 -0.819988
  5 42 -0.0196672
  6 42 0.0986236
  7 42 0.682739
  8 42 0.452363
  9 42 -0.295386
  10 42 -0.648298
  11 42 0.0928503
  12 42 0.0504761
  13 42 -0.291615
  14 42 -0.813405
  15 42 -0.538948
  16 42 -1.05107
  17 42 0.396596
  18 42 0.338211
  19 42 0.135198
  20 42 -1.00741
3400 20 840
  1 42 -0.0714838
  2 42 -0.0762034
  3 42 0.917449
  4 42 0.196723
  5 42 1.00385
  6 42 0.877368
  7 42 -1.22115
  8 42 -0.283561
  9 42 -0.529045
  10 42 -0.143214
  11 42 0.701196
  12 42 0.490228
  13 42 -0.678389
  14 42 0.323924
  15 42 -0.0660652
  16 42 0.32206
  17 42 -0.535193
  18 42 -0.167939
  19 42 0.715973
  20 42 -0.929798
3500 20 840
  1 42 -1.07633
  2 42 -2.10515
  3 42 1.08435
  4 42 0.0140511
  5 42 -0.659316
  6 42 -0.105791
  7 42 -1.54126
  8 42 0.397897
  9 42 -0.553284
  10 42 0.0420369
  11 42 1.18691
  12 42 0.336613
  13 42 0.25423
  14 42 0.0254709
  15 42 -0.999569
  16 42 0.523632
  17 42 -0.580403
  18 42 -0.8546
  19 42 0.280387
  20 42 0.997717
3600 20 840
  1 42 -0.582435
  2 42 0.0538098
  3 42 -0.0823081
  4 42 -0.698893
  5 42 -0.983988
  6 42 -0.649586
  7 42 -0.458493
  8 42 -1.43524
  9 42 -1.94794
  10 42 0.190902
  11 42 -0.702594
  12 42 0.446068
  13 42 -1.11161
  14 42 0.413735
  15 42 -0.950404
  16 42 0.522809
  17 42 -0.229032
  18 42 0.870946
  19 42 -0.570048
  20 42 -0.434056
3700 20 840
  1 42 -0.64586
  2 42 -0.723058
  3 42 0.677084
  4 42 -0.0212005
  5 42 -0.0105052
  6 42 0.324216
  7 42 -1.02305
  8 42 -0.144152
  9 42 -0.995378
  10 42 -1.30395
  11 42 -0.195531
  12 42 -0.0911143
  13 42 -0.969862
  14 42 -0.179294
  15 42 0.187607
  16 42 -0.47817
  17 42 -0.0506038
  18 42 0.167974
  19 42 -0.641658
  20 42 -0.591099
3800 20 840
  1 42 1.30226
  2 42 0.404857
  3 42 1.07046
  4 42 -0.358828
  5 42 -0.00295958
  6 42 0.187049
  7 42 -2.65553
  8 42 1.76903
  9 42 -0.252759
  10 42 0.236851
  11 42 -0.945956
  12 42 -0.904983
  13 42 -0.545583
  14 42 -0.296673
  15 42 -1.01272
  16 42 0.142378
  17 42 -0.716807
  18 42 -0.468825
  19 42 1.39067
  20 42 -0.697289
3900 20 840
  1 42 -0.53499
  2 42 0.111866
  3 42 0.869572
  4 42 -1.20127
  5 42 0.328715
  6 42 0.252601
  7 42 -0.509318
  8 42 0.915788
  9 42 -0.481249
  10 42 1.10249
  11 42 -1.15366
  12 42 0.841258
  13 42 0.308503
  14 42 -0.196275
  15 42 0.112313
  16 42 -1.47461
  17 42 0.244615
  18 42 0.762345
  19 42 1.11121
  20 42 -0.120122
4000 20 840
  1 42 -0.825436
  2 42 0.76163
  3 42 -1.31604
  4 42 -0.26094
  5 42 -0.455576
  6 42 -0.785159
  7 42 -0.76012
  8 42 0.307418
  9 42 0.628951
  10 42 0.909919
  11 42 -0.0388085
  12 42 0.3048
  13 42 -0.998187
  14 42 0.597449
  15 42 0.019208
  16 42 0.0595918
  17 42 0.162143
  18 42 -0.261745
  19 42 1.39647
  20 42 -0.0273989
4100 20 840
  1 42 -0.241546
  2 42 -0.412347
  3 42 1.01071
  4 42 -0.841387
  5 42 -0.119629
  6 42 -0.711184
  7 42 1.5472
  8 42 -0.0628552
  9 42 0.135774
  10 42 0.719228
  11 42 -0.480191
  12 42 -1.0236
  13 42 -0.437725
  14 42 -0.269606
  15 42 0.261618
  16 42 0.323049
  17 42 0.828841
  18 42 0.14726
  19 42 1.06028
  20 42 0.00637877
4200 20 840
  1 42 0.333031
  2 42 -1.33764
  3 42 0.362361
  4 42 0.930661
  5 42 -2.04627
  6 42 -0.17905
  7 42 -0.308877
  8 42 -0.366727
  9 42 1.55034
  10 42 -0.470909
  11 42 -0.401006
  12 42 -0.837674
  13 42 -1.08939
  14 42 0.31177
  15 42 0.359153
  16 42 0.0469783
  17 42 0.451579
  18 42 0.745481
  19 42 -0.645157
  20 42 -0.123307
4300 20 840
  1 42 0.738877
  2 42 0.478482
  3 42 1.47183
  4 42 -0.915747
  5 42 0.591775
  6 42 -0.0877645
  7 42 0.966761
  8 42 0.28213
  9 42 0.19674
  10 42 -0.832274
  11 42 -0.12826
  12 42 0.953283
  13 42 -0.302317
  14 42 0.116522
  15 42 -0.299464
  16 42 -0.000965333
  17 42 0.604416
  18 42 0.0619126
  19 42 -0.263075
  20 42 -0.488765
4400 20 840
  1 42 -0.00197508
  2 42 -0.940133
  3 42 0.52931
  4 42 0.25804
  5 42 0.955273
  6 42 -0.700255
  7 42 0.938043
  8 42 -0.256871
  9 42 1.33351
  10 42 -1.75841
  11 42 -0.507665
  12 42 0.704509
  13 42 -0.69558
  14 42 -0.160935
  15 42 -0.777785
  16 42 0.501283
  17 42 -0.0153135
  18 42 -0.274494
  19 42 -1.46729
  20 42 -0.793636
4500 20 840
  1 42 0.329899
  2 42 -0.162245
  3 42 0.135812
  4 42 -0.760839
  5 42 -0.815145
  6 42 -0.183558
  7 42 0.293311
  8 42 -0.916935
  9 42 -0.46541
  10 42 -0.0883133
  11 42 -0.337747
  12 42 0.682258
  13 42 -0.948997
  14 42 -0.787481
  15 42 -0.685676
  16 42 0.442118
  17 42 0.705446
  18 42 -0.37498
  19 42 -2.21609
  20 42 -0.0981587
4600 20 840
  1 42 -0.538133
  2 42 -1.27805
  3 42 -0.13598
  4 42 -0.572473
  5 42 2.11882
  6 42 1.04291
  7 42 -0.203191
  8 42 -0.86452
  9 42 -0.16509
  10 42 -1.93752
  11 42 0.889713
  12 42 -0.281886
  13 42 -0.507057
  14 42 -0.0595681
  15 42 -0.602181
  16 42 -0.0842585
  17 42 -1.1779
  18 42 -0.791233
  19 42 0.181739
  20 42 -1.40426
4700 20 840
  1 42 -0.281906
  2 42 0.140289
  3 42 -0.0150015
  4 42 0.337745
  5 42 -1.21992
  6 42 -0.000420788
  7 42 -0.459386
  8 42 -1.28319
  9 42 -1.07082
  10 42 -0.64236
  11 42 0.114597
  12 42 -0.683111
  13 42 -0.0174384
  14 42 0.242844
  15 42 -0.0557149
  16 42 -0.660956
  17 42 0.637158
  18 42 0.0148236
  19 42 -1.98003
  20 42 -0.526622
4800 20 840
  1 42 -1.05393
  2 42 0.318807
  3 42 -1.46794
  4 42 0.0580203
  5 42 0.0377982
  6 42 -0.888353
  7 42 -0.130438
  8 42 -0.443756
  9 42 0.890374
  10 42 -0.994136
  11 42 -1.02431
  12 42 -0.933554
  13 42 -0.781779
  14 42 -0.250448
  15 42 -0.982014
  16 42 0.409354
  17 42 -0.790051
  18 42 -0.65952
  19 42 0.767124
  20 42 0.556213
4900 20 840
  1 42 -1.23856
  2 42 -1.33103
  3 42 0.54916
  4 42 0.143863
  5 42 -0.331194
  6 42 -0.350324
  7 42 -1.37182
  8 42 0.130584
  9 42 -2.20127
  10 42 -0.862915
  11 42 -0.306446
  12 42 -0.186171
  13 42 0.0350086
  14 42 -0.255961
  15 42 0.878826
  16 42 -0.202166
  17 42 0.113115
  18 42 0.0499724
  19 42 2.13845
  20 42 -1.26138
5000 20 840
  1 42 0.386422
  2 42 -0.27886
  3 42 0.121893
  4 42 0.190123
  5 42 -1.87194
  6 42 0.596545
  7 42 -2.15178
  8 42 -0.354511
  9 42 0.53351
  10 42 -0.0589075
  11 42 -0.815863
  12 42 0.268058
  13 42 -0.943462
  14 42 -0.719128
  15 42 -0.21335
  16 42 -0.155512
  17 42 -1.30423
  18 42 0.932801
  19 42 -1.91418
  20 42 -0.756738
5100 20 840
  1 42 -0.297357
  2 42 -1.37179
  3 42 0.184718
  4 42 -0.322983
  5 42 -0.969071
  6 42 -0.19649
  7 42 -0.675445
  8 42 0.246155
  9 42 -0.0788224
  10 42 0.241642
  11 42 0.662698
  12 42 0.371935
  13 42 -0.901573
  14 42 -0.608774
  15 42 0.397353
  16 42 -0.806399
  17 42 -0.328194
  18 42 0.435433
  19 42 -0.91721
  20 42 -0.543573
5200 20 840
  1 42 -0.0614842
  2 42 -0.354909
  3 42 -0.552895
  4 42 -0.806114
  5 42 0.314658
  6 42 0.7313
  7 42 -1.77278
  8 42 0.410058
  9 42 -1.63939
  10 42 1.25055
  11 42 0.603787
  12 42 -0.00456619
  13 42 -0.483923
  14 42 0.0276641
  15 42 0.517698
  16 42 1.06796
  17 42 0.633652
  18 42 -0.835464
  19 42 1.50586
  20 42 0.344234
5300 20 840
  1 42 0.188553
  2 42 0.45476
  3 42 -0.0917638
  4 42 0.433048
  5 42 -1.84504
  6 42 0.575102
  7 42 -1.77989
  8 42 0.237612
  9 42 -0.61362
  10 42 0.197126
  11 42 0.539062
  12 42 -0.519548
  13 42 0.412989
  14 42 0.222103
  15 42 -0.352741
  16 42 -0.808097
  17 42 0.538563
  18 42 -0.384557
  19 42 -1.04596
  20 42 -0.618669
5400 20 840
  1 42 0.427851
  2 42 0.771742
  3 42 0.230293
  4 42 -0.653963
  5 42 -0.0743834
  6 42 0.7311
  7 42 -0.277462
  8 42 0.116269
  9 42 -1.23221
  10 42 -0.191584
  11 42 -0.450972
  12 42 -0.834646
  13 42 -0.336164
  14 42 0.170241
  15 42 -0.634061
  16 42 0.986793
  17 42 -0.501078
  18 42 -1.21754
  19 42 0.230268
  20 42 1.28879
5500 20 840
  1 42 -0.795266
  2 42 -0.845325
  3 42 -0.762373
  4 42 -0.132576
  5 42 -0.599778
  6 42 -0.47892
  7 42 -0.52408
  8 42 -0.0962313
  9 42 0.715653
  10 42 -0.0609849
  11 42 -0.504311
  12 42 0.340132
  13 42 -0.624873
  14 42 -0.525136
  15 42 -0.123444
  16 42 0.0794476
  17 42 0.203348
  18 42 -0.315222
  19 42 0.213147
  20 42 -0.255866
5600 20 840
  1 42 -0.799466
  2 42 -0.153767
  3 42 -1.50183
  4 42 -0.505135
  5 42 0.403815
  6 42 0.552985
  7 42 1.86323
  8 42 -0.653689
  9 42 0.260416
  10 42 1.12331
  11 42 -1.38337
  12 42 -0.36
  13 42 -0.867066
  14 42 -1.51478
  15 42 0.138394
  16 42 0.527939
  17 42 -0.533664
  18 42 1.01225
  19 42 -1.29024
  20 42 -0.823958
5700 20 840
  1 42 -1.05432
  2 42 0.489035
  3 42 0.217236
  4 42 -1.19777
  5 42 1.72324
  6 42 -0.385919
  7 42 0.272257
  8 42 0.188023
  9 42 -0.0187644
  10 42 -1.29915
  11 42 -0.0211533
  12 42 0.0965593
  13 42 -0.485844
  14 42 -1.06074
  15 42 0.279942
  16 42 -0.320181
  17 42 0.210142
  18 42 -0.00108907
  19 42 0.0946249
  20 42 -0.665959
5800 20 840
  1 42 -0.74468
  2 42 -0.0127032
  3 42 -0.759922
  4 42 -0.275021
  5 42 1.8947
  6 42 0.0242125
  7 42 1.28749
  8 42 0.256487
  9 42 0.333823
  10 42 -1.67985
  11 42 -1.46287
  12 42 0.343869
  13 42 -0.757608
  14 42 0.24635
  15 42 -1.7349
  16 42 -1.0552
  17 42 0.263833
  18 42 0.160718
  19 42 0.573117
  20 42 -0.827493
5900 20 840
  1 42 -0.713819
  2 42 -0.323321
  3 42 0.961721
  4 42 0.564487
  5 42 0.165225
  6 42 0.992826
  7 42 -0.468704
  8 42 -0.853946
  9 42 -0.336358
  10 42 -0.235052
  11 42 -0.429572
  12 42 1.01043
  13 42 -1.22788
  14 42 -0.269657
  15 42 -0.0298625
  16 42 0.635655
  17 42 0.48355
  18 42 -0.358378
  19 42 -1.31904
  20 42 0.0109519
6000 20 840
  1 42 1.53683
  2 42 0.0800321
  3 42 -0.0844505
  4 42 -0.269774
  5 42 -1.42048
  6 42 0.440213
  7 42 2.10508
  8 42 -0.620331
  9 42 -0.127997
  10 42 -1.23689
  11 42 -0.344038
  12 42 0.0967265
  13 42 -0.700966
  14 42 -0.0519446
  15 42 -0.990754
  16 42 0.895204
  17 42 -0.0561775
  18 42 -0.573414
  19 42 -0.501369
  20 42 -0.569024
6100 20 840
  1 42 0.55101
  2 42 0.297678
  3 42 1.56501
  4 42 -1.90717
  5 42 0.690214
  6 42 0.957318
  7 42 0.480317
  8 42 -0.651355
  9 42 -1.02039
  10 42 -0.270717
  11 42 -1.63725
  12 42 0.946723
  13 42 -0.18137
  14 42 0.843976
  15 42 -0.07722
  16 42 -0.160223
  17 42 0.326856
  18 42 0.591657
  19 42 0.0593802
  20 42 -0.168359
6200 20 840
  1 42 0.385404
  2 42 -0.359685
  3 42 0.663639
  4 42 0.471907
  5 42 0.883989
  6 42 -0.426763
  7 42 1.26476
  8 42 0.456648
  9 42 -0.526357
  10 42 -0.117505
  11 42 -0.60244
  12 42 -0.294517
  13 42 -0.750057
  14 42 -0.279699
  15 42 -0.846246
  16 42 -0.858588
  17 42 -1.09524
  18 42 -0.277518
  19 42 1.41745
  20 42 -0.387948
6300 20 840
  1 42 -0.3361
  2 42 -0.0566852
  3 42 1.3152
  4 42 -1.05758
  5 42 -1.70507
  6 42 0.418153
  7 42 -1.68949
  8 42 0.951702
  9 42 0.609209
  10 42 0.584419
  11 42 2.89047
  12 42 1.01188
  13 42 1.17706
  14 42 -0.393259
  15 42 0.0153387
  16 42 0.787126
  17 42 0.176551
  18 42 0.0133929
  19 42 2.59534
  20 42 -0.589855
6400 20 840
  1 42 -1.65726
  2 42 -0.58896
  3 42 0.00343932
  4 42 0.180992
  5 42 -1.45338
  6 42 -0.479098
  7 42 -1.00464
  8 42 -0.576121
  9 42 0.428462
  10 42 0.478745
  11 42 0.984411
  12 42 0.308793
  13 42 -1.44505
  14 42 -0.178509
  15 42 0.51901
  16 42 -0.175294
  17 42 -0.605039
  18 42 0.170031
  19 42 1.05727
  20 42 -0.457379
6500 20 840
  1 42 0.514605
  2 42 -0.407426
  3 42 -0.369819
  4 42 -0.144234
  5 42 -1.61708
  6 42 -0.643715
  7 42 -1.51727
  8 42 -0.315098
  9 42 -0.760844
  10 42 0.422714
  11 42 -0.389349
  12 42 -1.01957
  13 42 -0.464955
  14 42 -0.558062
  15 42 -1.19785
  16 42 -0.206227
  17 42 -0.148726
  18 42 -0.179016
  19 42 -1.57395
  20 42 0.59633
6600 20 840
  1 42 1.00312
  2 42 -0.245061
  3 42 -0.529875
  4 42 -0.554873
  5 42 -0.467429
  6 42 1.01141
  7 42 -3.91725
  8 42 0.220206
  9 42 -1.86938
  10 42 0.0641379
  11 42 -0.382512
  12 42 -0.436286
  13 42 0.788037
  14 42 0.484915
  15 42 0.320572
  16 42 1.6339
  17 42 0.00148485
  18 42 0.143279
  19 42 -1.62176
  20 42 -0.586183
6700 20 840
  1 42 -1.1002
  2 42 -0.340625
  3 42 0.379177
  4 42 -0.231767
  5 42 -0.478667
  6 42 0.104696
  7 42 -0.488388
  8 42 0.184635
  9 42 -0.782248
  10 42 0.0172319
  11 42 -0.349958
  12 42 0.0649585
  13 42 -0.57926
  14 42 -0.70471
  15 42 0.781463
  16 42 -0.747048
  17 42 1.37608
  18 42 0.72679
  19 42 0.265052
  20 42 -0.275591
6800 20 840
  1 42 0.414943
  2 42 -0.639531
  3 42 -0.282569
  4 42 -0.0820469
  5 42 1.20737
  6 42 0.815334
  7 42 -0.294622
  8 42 0.742005
  9 42 1.54189
  10 42 -0.417799
  11 42 -0.308248
  12 42 -1.13899
  13 42 -0.467333
  14 42 -0.378741
  15 42 -1.58874
  16 42 0.822115
  17 42 -0.346491
  18 42 0.125223
  19 42 0.832961
  20 42 -0.352324
6900 20 840
  1 42 -0.75364
  2 42 -0.736165
  3 42 1.2363
  4 42 -0.0368509
  5 42 0.152248
  6 42 0.0123073
  7 42 0.836938
  8 42 -0.277234
  9 42 0.880952
  10 42 -0.729622
  11 42 -0.991483
  12 42 -0.664514
  13 42 -1.02838
  14 42 0.213257
  15 42 -0.701766
  16 42 -0.978257
  17 42 0.992594
  18 42 0.371224
  19 42 0.22837
  20 42 -1.40464
7000 20 840
  1 42 -0.912693
  2 42 0.0358971
  3 42 -1.30307
  4 42 -0.752105
  5 42 0.324221
  6 42 -0.117767
  7 42 0.928996
  8 42 -0.99724
  9 42 0.370356
  10 42 -0.0245728
  11 42 -1.08251
  12 42 -0.0623537
  13 42 -0.739543
  14 42 -0.286372
  15 42 -0.884829
  16 42 -0.262341
  17 42 0.143238
  18 42 0.414819
  19 42 -0.00326443
  20 42 -0.388514
7100 20 840
  1 42 -0.569423
  2 42 -0.900833
  3 42 -1.68162
  4 42 0.617657
  5 42 0.217121
  6 42 0.0110204
  7 42 -0.823648
  8 42 -0.686587
  9 42 2.38393
  10 42 -0.203899
  11 42 0.592476
  12 42 -0.304144
  13 42 -0.445466
  14 42 0.0385822
  15 42 1.26192
  16 42 0.420208
  17 42 0.669227
  18 42 -0.449317
  19 42 -0.0994901
  20 42 0.279304
7200 20 840
  1 42 -0.27418
  2 42 1.16249
  3 42 -0.33154
  4 42 -0.211832
  5 42 2.35508
  6 42 -1.03795
  7 42 1.44298
  8 42 0.0724977
  9 42 -0.396593
  10 42 -1.90383
  11 42 -1.12734
  12 42 -1.46633
  13 42 -0.841624
  14 42 -0.695094
  15 42 -0.349884
  16 42 -0.0821838
  17 42 0.709418
  18 42 -1.32589
  19 42 -0.725167
  20 42 0.839838
7300 20 840
  1 42 -0.267601
  2 42 0.318201
  3 42 -0.774503
  4 42 0.450891
  5 42 0.178824
  6 42 -0.260978
  7 42 -2.43568
  8 42 -0.65463
  9 42 0.282855
  10 42 -1.11633
  11 42 -0.097108
  12 42 0.588212
  13 42 -0.439396
  14 42 -0.0283586
  15 42 -0.783538
  16 42 -1.005
  17 42 -0.581873
  18 42 -0.43989
  19 42 -1.86634
  20 42 -0.795463
7400 20 840
  1 42 0.388514
  2 42 -0.471055
  3 42 1.01694
  4 42 -0.599104
  5 42 -0.220298
  6 42 0.0821599
  7 42 1.42272
  8 42 0.00648595
  9 42 -0.159091
  10 42 -0.258833
  11 42 -0.699751
  12 42 0.166871
  13 42 -0.13871
  14 42 -0.434228
  15 42 0.548706
  16 42 -1.71916
  17 42 -0.673285
  18 42 -0.478582
  19 42 -2.17892
  20 42 -0.579594
7500 20 840
  1 42 0.0121076
  2 42 -0.156342
  3 42 0.20369
  4 42 -0.361297
  5 42 -2.05908
  6 42 -0.430596
  7 42 0.40222
  8 42 0.000538337
  9 42 1.20036
  10 42 -0.162373
  11 42 1.86596
  12 42 0.564965
  13 42 0.0853082
  14 42 -0.0532736
  15 42 -0.32673
  16 42 1.2583
  17 42 -0.438424
  18 42 0.30553
  19 42 0.138582
  20 42 -0.788057
7600 20 840
  1 42 0.46823
  2 42 -0.275684
  3 42 1.0179
  4 42 -0.327176
  5 42 0.204674
  6 42 1.53365
  7 42 1.06294
  8 42 -0.549056
  9 42 0.00554554
  10 42 -0.265641
  11 42 0.181475
  12 42 0.0468481
  13 42 0.154365
  14 42 0.0674397
  15 42 0.898674
  16 42 0.441688
  17 42 -0.271513
  18 42 0.587712
  19 42 1.49276
  20 42 -0.0388521
7700 20 840
  1 42 0.264208
  2 42 0.67381
  3 42 0.594923
  4 42 0.684439
  5 42 -1.60564
  6 42 1.49071
  7 42 -1.4234
  8 42 0.598734
  9 42 -1.67774
  10 42 -0.318017
  11 42 -0.599874
  12 42 -0.295907
  13 42 0.24194
  14 42 0.483642
  15 42 1.26167
  16 42 0.144072
  17 42 0.561967
  18 42 -0.23285
  19 42 2.26761
  20 42 -0.543408
7800 20 840
  1 42 -0.209291
  2 42 -0.152961
  3 42 0.706866
  4 42 -0.280642
  5 42 -1.66255
  6 42 0.404386
  7 42 -0.0336591
  8 42 0.0661076
  9 42 -0.914986
  10 42 0.876127
  11 42 -0.135158
  12 42 -0.965533
  13 42 0.10656
  14 42 0.0671987
  15 42 -0.856255
  16 42 -0.689822
  17 42 -0.892133
  18 42 -0.299641
  19 42 -0.652944
  20 42 0.408452
7900 20 840
  1 42 -1.214
  2 42 0.322033
  3 42 2.25531
  4 42 -0.150892
  5 42 -0.0956251
  6 42 -0.496499
  7 42 -1.96614
  8 42 -1.04126
  9 42 -1.56061
  10 42 -0.387821
  11 42 0.254108
  12 42 0.819254
  13 42 -1.24804
  14 42 -0.557814
  15 42 2.12148
  16 42 -0.233975
  17 42 -0.0124658
  18 42 0.0660587
  19 42 0.546281
  20 42 0.375221
8000 20 840
  1 42 0.538528
  2 42 -1.16203
  3 42 0.678247
  4 42 -0.0276481
  5 42 0.740668
  6 42 0.488473
  7 42 -1.46647
  8 42 -0.398513
  9 42 -3.15131
  10 42 -0.0349303
  11 42 -0.625863
  12 42 -0.249367
  13 42 -1.11631
  14 42 -0.967652
  15 42 -0.388248
  16 42 -0.0361565
  17 42 -1.14583
  18 42 -0.144037
  19 42 -0.403072
  20 42 -0.807962
8100 20 840
  1 42 -1.26678
  2 42 -0.0371651
  3 42 0.500957
  4 42 -0.955802
  5 42 -0.0076163
  6 42 -0.0110186
  7 42 -1.36769
  8 42 0.23676
  9 42 0.16123
  10 42 0.0885868
  11 42 -0.655762
  12 42 -0.336751
  13 42 -0.831564
  14 42 -1.49332
  15 42 -0.84776
  16 42 -0.0358026
  17 42 0.0210155
  18 42 -0.800379
  19 42 0.0866117
  20 42 0.283457
8200 20 840
  1 42 -0.450217
  2 42 1.3922
  3 42 0.502452
  4 42 -0.58903
  5 42 0.967896
  6 42 -0.704055
  7 42 -0.0776315
  8 42 0.151808
  9 42 0.109743
  10 42 -0.28593
  11 42 -0.123032
  12 42 -0.250387
  13 42 -1.5313
  14 42 -0.824222
  15 42 -0.29905
  16 42 -0.634089
  17 42 -0.315513
  18 42 -1.09427
  19 42 0.400826
  20 42 -0.79986
8300 20 840
  1 42 -1.62851
  2 42 -0.150424
  3 42 -0.9438
  4 42 -1.21737
  5 42 0.388187
  6 42 0.863126
  7 42 -0.103071
  8 42 -0.53831
  9 42 -0.713276
  10 42 0.117242
  11 42 -0.452403
  12 42 0.0938403
  13 42 0.490099
  14 42 0.483916
  15 42 -1.06561
  16 42 0.874532
  17 42 1.13121
  18 42 0.0919003
  19 42 -0.76297
  20 42 -0.507492
8400 20 840
  1 42 -0.244538
  2 42 -0.00517116
  3 42 0.237172
  4 42 0.832165
  5 42 -0.81394
  6 42 0.298548
  7 42 -0.184503
  8 42 -1.47503
  9 42 -0.73338
  10 42 -0.768972
  11 42 -0.202704
  12 42 -0.909745
  13 42 -1.29197
  14 42 -0.119502
  15 42 -0.0280803
  16 42 0.579069
  17 42 -0.369278
  18 42 -0.479714
  19 42 -0.270709
  20 42 -0.52217
8500 20 840
  1 42 -0.866742
  2 42 -0.490956
  3 42 -0.440119
  4 42 -1.09925
  5 42 0.044564
  6 42 0.597497
  7 42 0.929347
  8 42 -0.372565
  9 42 1.71335
  10 42 -1.15107
  11 42 -0.722773
  12 42 0.608752
  13 42 0.0142148
  14 42 0.689066
  15 42 -0.862265
  16 42 -0.0494907
  17 42 0.1392
  18 42 0.872267
  19 42 2.21391
  20 42 -0.20039
8600 20 840
  1 42 0.670143
  2 42 -0.0866163
  3 42 -1.27615
  4 42 -0.274927
  5 42 0.636384
  6 42 -0.00225484
  7 42 -0.654225
  8 42 0.873934
  9 42 1.67235
  10 42 -0.404071
  11 42 -0.836177
  12 42 1.25513
  13 42 -0.755144
  14 42 0.707837
  15 42 0.0116184
  16 42 0.278613
  17 42 -0.947459
  18 42 0.811048
  19 42 -1.67956
  20 42 -1.47047
8700 20 840
  1 42 0.790162
  2 42 0.0628751
  3 42 -0.61281
  4 42 0.0932855
  5 42 0.774404
  6 42 -0.850164
  7 42 1.06527
  8 42 0.774218
  9 42 0.876247
  10 42 -0.815444
  11 42 0.123501
  12 42 0.423722
  13 42 -1.39928
  14 42 -1.3184
  15 42 -1.04128
  16 42 -1.03151
  17 42 -0.206934
  18 42 -0.245236
  19 42 0.179442
  20 42 -0.185584
8800 20 840
  1 42 0.390949
  2 42 -1.08735
  3 42 -0.988185
  4 42 -0.402433
  5 42 -0.389891
  6 42 0.0794248
  7 42 0.103847
  8 42 1.09796
  9 42 -0.558055
  10 42 -1.15941
  11 42 0.184624
  12 42 0.437541
  13 42 -0.824779
  14 42 -0.209691
  15 42 -1.86488
  16 42 -0.114094
  17 42 -0.494318
  18 42 0.25062
  19 42 -0.156852
  20 42 -0.124552
8900 20 840
  1 42 -0.295259
  2 42 0.427439
  3 42 -1.08052
  4 42 -0.646607
  5 42 -0.751279
  6 42 -0.46878
  7 42 -0.0166561
  8 42 -0.231765
  9 42 -0.5428
  10 42 1.06809
  11 42 -0.051582
  12 42 -0.506216
  13 42 -0.892339
  14 42 0.0510249
  15 42 0.122353
  16 42 -0.875862
  17 42 -0.0585996
  18 42 -0.0933407
  19 42 -1.02685
  20 42 -0.415271
9000 20 840
  1 42 0.0518043
  2 42 0.194747
  3 42 -0.745472
  4 42 -0.374
  5 42 0.0235923
  6 42 -0.747577
  7 42 0.625737
  8 42 0.39524
  9 42 -0.872308
  10 42 1.5633
  11 42 -0.741414
  12 42 -0.909564
  13 42 0.940511
  14 42 0.516086
  15 42 -0.540524
  16 42 0.814529
  17 42 -0.787598
  18 42 -0.539962
  19 42 0.588359
  20 42 0.469727
9100 20 840
  1 42 0.515412
  2 42 -1.03049
  3 42 0.656102
  4 42 -0.321934
  5 42 -0.291313
  6 42 -0.638025
  7 42 -0.894222
  8 42 1.12924
  9 42 -1.70149
  10 42 0.165057
  11 42 -0.257985
  12 42 -0.228871
  13 42 0.0963185
  14 42 0.530864
  15 42 -0.242534
  16 42 1.05202
  17 42 0.169332
  18 42 -0.215184
  19 42 2.94842
  20 42 0.388351
9200 20 840
  1 42 0.327515
  2 42 -1.12128
  3 42 -0.34777
  4 42 -0.131783
  5 42 0.446444
  6 42 0.183663
  7 42 0.496091
  8 42 1.02084
  9 42 0.472611
  10 42 -0.757034
  11 42 -0.260641
  12 42 0.096596
  13 42 -1.09642
  14 42 -1.07928
  15 42 0.102521
  16 42 -0.202425
  17 42 0.039353
  18 42 0.155899
  19 42 0.484731
  20 42 -0.869211
9300 20 840
  1 42 -0.639875
  2 42 -0.845631
  3 42 -0.473987
  4 42 -0.605247
  5 42 -0.838973
  6 42 -0.0370425
  7 42 -1.20452
  8 42 -0.0643782
  9 42 -0.361157
  10 42 1.52094
  11 42 -0.325414
  12 42 0.51825
  13 42 -0.0218795
  14 42 -0.585401
  15 42 -1.09171
  16 42 0.0751227
  17 42 0.127936
  18 42 1.70645
  19 42 0.579495
  20 42 -0.833048
9400 20 840
  1 42 -0.858404
  2 42 -0.353385
  3 42 0.653095
  4 42 -0.867497
  5 42 0.727621
  6 42 -0.711579
  7 42 -1.13199
  8 42 -0.0321474
  9 42 -2.42489
  10 42 0.0806928
  11 42 -1.51599
  12 42 0.362902
  13 42 -0.504811
  14 42 -0.31854
  15 42 -0.329696
  16 42 0.190593
  17 42 0.554295
  18 42 0.0761132
  19 42 -0.765303
  20 42 -0.452401
9500 20 840
  1 42 -1.4742
  2 42 -0.929458
  3 42 -1.09622
  4 42 -0.509314
  5 42 0.231854
  6 42 -0.276177
  7 42 -1.58396
  8 42 -0.731231
  9 42 -0.602043
  10 42 0.115813
  11 42 -0.0643876
  12 42 0.450882
  13 42 -0.16217
  14 42 -0.0472038
  15 42 -1.1731
  16 42 -0.0233148
  17 42 1.18306
  18 42 -0.189341
  19 42 -0.9603
  20 42 -0.723148
9600 20 840
  1 42 -0.411682
  2 42 0.723311
  3 42 0.98729
  4 42 -0.0351231
  5 42 0.790633
  6 42 0.958471
  7 42 -1.08799
  8 42 -0.710127
  9 42 0.342964
  10 42 -1.42706
  11 42 -0.438471
  12 42 -0.458181
  13 42 -0.653878
  14 42 0.148411
  15 42 -0.231371
  16 42 -0.355805
  17 42 -0.186103
  18 42 -0.516
  19 42 2.28467
  20 42 -0.750017
9700 20 840
  1 42 -0.697721
  2 42 -0.174167
  3 42 1.33885
  4 42 0.794377
  5 42 0.591307
  6 42 -0.66362
  7 42 -0.637081
  8 42 0.780565
  9 42 1.24483
  10 42 -0.479035
  11 42 -0.477687
  12 42 -0.437165
  13 42 -0.085258
  14 42 0.030929
  15 42 -0.653968
  16 42 -1.30124
  17 42 0.0390681
  18 42 -0.918789
  19 42 2.87139
  20 42 -0.239648
9800 20 840
  1 42 0.274218
  2 42 -0.990006
  3 42 -0.467684
  4 42 -0.696572
  5 42 0.0953454
  6 42 -1.05579
  7 42 0.202485
  8 42 -0.103919
  9 42 -0.286989
  10 42 1.65211
  11 42 -0.72504
  12 42 0.426422
  13 42 -0.114268
  14 42 -0.0523578
  15 42 -1.40069
  16 42 0.153366
  17 42 -1.0537
  18 42 -0.371813
  19 42 -0.0351585
  20 42 0.586984
9900 20 840
  1 42 -0.1062
  2 42 -0.717831
  3 42 0.0661696
  4 42 -0.0292996
  5 42 0.0917948
  6 42 -0.457238
  7 42 1.07464
  8 42 0.0790505
  9 42 0.468894
  10 42 -0.779037
  11 42 0.444737
  12 42 0.53016
  13 42 0.469137
  14 42 -0.259632
  15 42 0.183339
  16 42 -0.0358174
  17 42 0.663552
  18 42 0.512376
  19 42 0.13042
  20 42 -0.471707
10000 20 840
  1 42 -0.000837447
  2 42 -0.407185
  3 42 0.550176
  4 42 -0.0882829
  5 42 0.183699
  6 42 0.291633
  7 42 -0.394688
  8 42 -0.476247
  9 42 1.51933
  10 42 -0.96587
  11 42 1.03473
  12 42 -0.53044
  13 42 -0.567635
  14 42 0.147816
  15 42 -0.628881
  16 42 0.0292335
  17 42 -1.29243
  18 42 -0.129392
  19 42 -1.52666
  20 42 0.00879752
