# Chunk-averaged data for fix sternForces and group all
# Timestep Number-of-chunks Total-count
# Chunk Ncount c_sternComp
0 20 840
  1 42 -0.156299
  2 42 -0.156299
  3 42 -0.156299
  4 42 -0.156299
  5 42 -0.156299
  6 42 -0.156299
  7 42 -0.156299
  8 42 -0.156299
  9 42 -0.156299
  10 42 -0.156299
  11 42 -0.156299
  12 42 -0.156299
  13 42 -0.156299
  14 42 -0.156299
  15 42 -0.156299
  16 42 -0.156299
  17 42 -0.156299
  18 42 -0.156299
  19 42 -0.156299
  20 42 -0.156299
100 20 840
  1 42 0.131223
  2 42 0.112638
  3 42 -0.622479
  4 42 -0.94088
  5 42 -0.26343
  6 42 0.39117
  7 42 -0.388697
  8 42 0.739572
  9 42 1.26352
  10 42 -0.36021
  11 42 -0.420123
  12 42 0.165962
  13 42 1.02415
  14 42 0.394015
  15 42 -1.10928
  16 42 -0.304841
  17 42 0.113635
  18 42 0.703102
  19 42 -0.360067
  20 42 0.971859
200 20 840
  1 42 -0.211396
  2 42 0.173825
  3 42 -0.202159
  4 42 -0.558597
  5 42 0.0967128
  6 42 -0.238795
  7 42 1.26993
  8 42 0.0787346
  9 42 0.236974
  10 42 0.549741
  11 42 -0.479367
  12 42 -0.5115
  13 42 -1.3031
  14 42 -0.785636
  15 42 0.823489
  16 42 -0.429535
  17 42 -0.405415
  18 42 -0.0976209
  19 42 1.39072
  20 42 0.18853
300 20 840
  1 42 0.248927
  2 42 -0.719718
  3 42 -1.95217
  4 42 -0.429393
  5 42 -2.20462
  6 42 0.346496
  7 42 -1.39
  8 42 0.725092
  9 42 -0.979067
  10 42 1.76903
  11 42 -0.355128
  12 42 -0.597204
  13 42 1.04882
  14 42 0.195133
  15 42 -1.33049
  16 42 -0.982873
  17 42 1.27116
  18 42 0.726264
  19 42 0.967553
  20 42 -0.385818
400 20 840
  1 42 -0.0479118
  2 42 -0.332528
  3 42 -0.24293
  4 42 0.774516
  5 42 0.267559
  6 42 -0.612765
  7 42 -0.291426
  8 42 0.536553
  9 42 -0.476387
  10 42 -0.420742
  11 42 0.477773
  12 42 -1.18022
  13 42 -0.174197
  14 42 -0.772196
  15 42 -0.257869
  16 42 -1.43215
  17 42 0.806899
  18 42 0.138296
  19 42 0.268674
  20 42 -0.0744036
500 20 840
  1 42 -1.6083
  2 42 0.41646
  3 42 -1.52174
  4 42 0.622842
  5 42 0.200805
  6 42 -1.66425
  7 42 -1.56327
  8 42 0.0212917
  9 42 -1.5919
  10 42 1.19183
  11 42 0.353276
  12 42 1.00742
  13 42 -1.42463
  14 42 -0.511229
  15 42 -0.374058
  16 42 -0.0187791
  17 42 -0.318474
  18 42 -0.723508
  19 42 -0.80827
  20 42 0.647324
600 20 840
  1 42 -1.17445
  2 42 -1.34277
  3 42 -0.41623
  4 42 -0.200453
  5 42 -2.06637
  6 42 -0.631146
  7 42 -0.00440798
  8 42 0.999057
  9 42 -0.429591
  10 42 -0.47425
  11 42 -0.473174
  12 42 -0.118809
  13 42 0.20214
  14 42 -0.756725
  15 42 -0.25489
  16 42 0.425551
  17 42 -1.77831
  18 42 0.265057
  19 42 -0.276643
  20 42 0.682804
700 20 840
  1 42 -1.43162
  2 42 0.0423187
  3 42 1.31949
  4 42 -0.239371
  5 42 -0.795501
  6 42 -1.63397
  7 42 -0.552676
  8 42 0.0246835
  9 42 0.0447172
  10 42 -1.01088
  11 42 -0.356748
  12 42 -0.634137
  13 42 -0.204646
  14 42 -1.36254
  15 42 0.54419
  16 42 0.746424
  17 42 -0.258769
  18 42 -1.00636
  19 42 -1.63713
  20 42 -0.0824011
800 20 840
  1 42 -0.587735
  2 42 -0.664311
  3 42 -1.10913
  4 42 -0.890301
  5 42 1.50313
  6 42 -0.237547
  7 42 0.293346
  8 42 -1.49881
  9 42 0.441283
  10 42 0.493498
  11 42 -0.753706
  12 42 0.0677489
  13 42 0.149185
  14 42 0.513785
  15 42 -1.86751
  16 42 0.513749
  17 42 -0.929894
  18 42 -0.0515051
  19 42 -0.396505
  20 42 -0.176295
900 20 840
  1 42 -0.532441
  2 42 -0.99937
  3 42 0.849341
  4 42 -0.151217
  5 42 1.10396
  6 42 0.294215
  7 42 0.746089
  8 42 -0.548532
  9 42 -0.563631
  10 42 -0.544597
  11 42 -0.341539
  12 42 0.345095
  13 42 0.2218
  14 42 0.078055
  15 42 -0.871409
  16 42 1.04244
  17 42 1.2127
  18 42 -1.0106
  19 42 1.17264
  20 42 -0.4086
1000 20 840
  1 42 0.34036
  2 42 0.425799
  3 42 0.156017
  4 42 0.235902
  5 42 -0.374473
  6 42 0.99091
  7 42 -0.19993
  8 42 -0.134037
  9 42 -0.293823
  10 42 0.106029
  11 42 -0.000355822
  12 42 -0.168291
  13 42 0.00407414
  14 42 -0.139416
  15 42 -0.351559
  16 42 0.159425
  17 42 -1.45241
  18 42 -0.997376
  19 42 -0.642537
  20 42 -0.138168
1100 20 840
  1 42 0.530804
  2 42 0.49892
  3 42 -0.337189
  4 42 -1.73638
  5 42 0.764597
  6 42 -0.133261
  7 42 0.00233223
  8 42 -0.640813
  9 42 -0.0333992
  10 42 -0.355807
  11 42 1.3142
  12 42 0.421283
  13 42 -0.297052
  14 42 0.371084
  15 42 -0.611292
  16 42 0.132531
  17 42 -0.8691
  18 42 1.08075
  19 42 -0.131649
  20 42 0.454864
1200 20 840
  1 42 0.556611
  2 42 0.0118861
  3 42 0.136899
  4 42 -0.403615
  5 42 1.77068
  6 42 0.435436
  7 42 -0.70949
  8 42 -0.539249
  9 42 -1.3139
  10 42 -0.520911
  11 42 0.0471748
  12 42 0.384049
  13 42 -0.336262
  14 42 0.471348
  15 42 0.414016
  16 42 0.177063
  17 42 -0.0894659
  18 42 1.21257
  19 42 1.13426
  20 42 -0.557475
1300 20 840
  1 42 0.0473912
  2 42 -1.37982
  3 42 -0.141805
  4 42 1.12862
  5 42 -1.02808
  6 42 0.0852101
  7 42 -1.3771
  8 42 -0.192962
  9 42 0.558323
  10 42 0.631317
  11 42 -0.0775981
  12 42 0.294211
  13 42 -0.503127
  14 42 -1.4665
  15 42 -1.38171
  16 42 -0.557759
  17 42 -1.41918
  18 42 0.327191
  19 42 -0.27831
  20 42 -0.749322
1400 20 840
  1 42 -0.0275577
  2 42 -0.0462554
  3 42 0.451052
  4 42 -1.03749
  5 42 -1.35054
  6 42 -0.826379
  7 42 -0.106704
  8 42 0.74851
  9 42 -1.29462
  10 42 -0.125264
  11 42 0.743735
  12 42 0.327626
  13 42 -1.34076
  14 42 -1.56348
  15 42 1.12674
  16 42 -0.876447
  17 42 -0.345997
  18 42 0.40516
  19 42 0.775493
  20 42 -2.03988
1500 20 840
  1 42 0.325573
  2 42 -0.364484
  3 42 -1.5115
  4 42 -1.15358
  5 42 0.23965
  6 42 -0.363975
  7 42 0.0186598
  8 42 0.882383
  9 42 -0.468477
  10 42 0.691045
  11 42 0.561917
  12 42 -0.59102
  13 42 0.716186
  14 42 0.531282
  15 42 -0.546132
  16 42 -0.898151
  17 42 -0.152205
  18 42 -0.526379
  19 42 0.427238
  20 42 -0.151852
1600 20 840
  1 42 -1.11455
  2 42 0.355538
  3 42 -1.36652
  4 42 -0.408057
  5 42 -1.55955
  6 42 -1.81638
  7 42 0.421122
  8 42 -0.351409
  9 42 -0.000404838
  10 42 1.04404
  11 42 -0.322342
  12 42 -0.920631
  13 42 0.271018
  14 42 0.833348
  15 42 -0.741509
  16 42 -0.216832
  17 42 -0.794873
  18 42 -1.88144
  19 42 -0.677815
  20 42 1.50099
1700 20 840
  1 42 0.506799
  2 42 0.273006
  3 42 0.308361
  4 42 -1.09578
  5 42 -1.45591
  6 42 -0.0910884
  7 42 0.790542
  8 42 -0.395179
  9 42 -0.604723
  10 42 0.0658569
  11 42 1.19623
  12 42 0.457075
  13 42 -0.0715095
  14 42 0.533518
  15 42 1.45331
  16 42 1.2447
  17 42 0.42894
  18 42 -1.35346
  19 42 -0.0162735
  20 42 0.729005
1800 20 840
  1 42 -0.718388
  2 42 -0.961257
  3 42 0.255371
  4 42 -0.0800369
  5 42 -1.75353
  6 42 -1.32181
  7 42 -0.708002
  8 42 0.100011
  9 42 0.48416
  10 42 -0.195921
  11 42 -1.27539
  12 42 -0.0325074
  13 42 -0.1592
  14 42 0.26822
  15 42 0.50242
  16 42 -0.0512793
  17 42 0.226464
  18 42 -0.204698
  19 42 0.123689
  20 42 0.172554
1900 20 840
  1 42 0.745114
  2 42 -0.201044
  3 42 0.617617
  4 42 0.513087
  5 42 0.43026
  6 42 0.680342
  7 42 1.15972
  8 42 -0.175304
  9 42 -0.446668
  10 42 -1.34301
  11 42 -1.96158
  12 42 -0.204232
  13 42 -1.25928
  14 42 -0.294594
  15 42 -0.233325
  16 42 -1.58438
  17 42 -0.0625559
  18 42 -0.551222
  19 42 -0.117035
  20 42 -0.702673
2000 20 840
  1 42 -0.0456232
  2 42 -0.734806
  3 42 -0.556861
  4 42 0.672283
  5 42 0.500582
  6 42 0.850386
  7 42 -0.306115
  8 42 0.100684
  9 42 0.561881
  10 42 -1.40574
  11 42 -2.56393
  12 42 0.74185
  13 42 0.669876
  14 42 0.768954
  15 42 -0.164635
  16 42 1.9141
  17 42 0.271908
  18 42 1.98865
  19 42 -1.28177
  20 42 -0.0828966
2100 20 840
  1 42 0.123921
  2 42 0.096293
  3 42 -0.620397
  4 42 0.116724
  5 42 -0.00904204
  6 42 -1.4064
  7 42 -0.520245
  8 42 -0.358387
  9 42 0.344066
  10 42 -0.0817544
  11 42 -0.350594
  12 42 0.377244
  13 42 -1.258
  14 42 -0.107103
  15 42 -0.403932
  16 42 -0.932865
  17 42 -0.223997
  18 42 0.90827
  19 42 -1.59524
  20 42 -0.0540687
2200 20 840
  1 42 -0.419059
  2 42 0.0362729
  3 42 0.820772
  4 42 0.532719
  5 42 0.294621
  6 42 -1.4035
  7 42 0.187527
  8 42 -0.59131
  9 42 0.576512
  10 42 0.000218373
  11 42 -1.18698
  12 42 -1.34112
  13 42 -1.64695
  14 42 -0.0806334
  15 42 0.211349
  16 42 -1.69948
  17 42 -0.493768
  18 42 0.876162
  19 42 0.26979
  20 42 0.0850897
2300 20 840
  1 42 0.280138
  2 42 0.840164
  3 42 0.732544
  4 42 -0.574949
  5 42 -0.0320454
  6 42 -0.16141
  7 42 -1.51377
  8 42 -0.0602375
  9 42 0.203769
  10 42 0.985085
  11 42 2.12671
  12 42 -0.0330518
  13 42 0.353107
  14 42 1.06556
  15 42 -0.915892
  16 42 -0.514428
  17 42 0.915562
  18 42 0.001184
  19 42 -0.513251
  20 42 -0.114844
2400 20 840
  1 42 0.400185
  2 42 0.533903
  3 42 -0.20524
  4 42 0.237214
  5 42 1.41008
  6 42 -0.484513
  7 42 0.395696
  8 42 -0.322277
  9 42 -1.23082
  10 42 -0.496373
  11 42 0.00716242
  12 42 -0.338171
  13 42 0.187235
  14 42 -0.169754
  15 42 0.625722
  16 42 -0.0256469
  17 42 -0.652384
  18 42 -1.06449
  19 42 0.0124108
  20 42 -1.66787
2500 20 840
  1 42 0.535867
  2 42 -0.162832
  3 42 -0.154452
  4 42 -0.203092
  5 42 -0.295688
  6 42 -0.996211
  7 42 -0.472388
  8 42 -0.341227
  9 42 -0.0675359
  10 42 1.25695
  11 42 0.189135
  12 42 -0.463983
  13 42 0.198772
  14 42 -0.659164
  15 42 -0.320364
  16 42 0.632999
  17 42 0.0198237
  18 42 0.209365
  19 42 0.147061
  20 42 0.749358
2600 20 840
  1 42 1.01768
  2 42 -0.552707
  3 42 0.968769
  4 42 -1.00022
  5 42 0.0683136
  6 42 0.225644
  7 42 0.248992
  8 42 0.335417
  9 42 -0.148082
  10 42 -1.90715
  11 42 2.23883
  12 42 -0.0796411
  13 42 -0.899177
  14 42 -0.369129
  15 42 -0.430404
  16 42 0.272414
  17 42 -2.69414
  18 42 -0.86663
  19 42 0.483927
  20 42 0.851196
2700 20 840
  1 42 -1.29164
  2 42 -0.31862
  3 42 -0.0617226
  4 42 -0.393193
  5 42 -0.440903
  6 42 1.16481
  7 42 -1.11241
  8 42 -0.808679
  9 42 -0.78834
  10 42 -0.166502
  11 42 -0.117324
  12 42 0.675571
  13 42 -0.539581
  14 42 -0.345612
  15 42 0.132147
  16 42 1.09903
  17 42 -0.730752
  18 42 -0.55331
  19 42 0.409148
  20 42 -0.205774
2800 20 840
  1 42 0.286696
  2 42 -0.189768
  3 42 -1.21945
  4 42 -0.294458
  5 42 -1.43806
  6 42 1.05146
  7 42 0.129355
  8 42 -0.282024
  9 42 0.413878
  10 42 0.779753
  11 42 -0.177817
  12 42 -0.254645
  13 42 -0.216447
  14 42 0.127831
  15 42 -0.0821822
  16 42 -1.31792
  17 42 -0.620061
  18 42 0.318583
  19 42 -0.0753615
  20 42 -0.57577
2900 20 840
  1 42 -0.60637
  2 42 -0.308997
  3 42 0.00051944
  4 42 -0.41433
  5 42 0.00171358
  6 42 -1.03736
  7 42 -0.20482
  8 42 1.00722
  9 42 -0.523459
  10 42 -0.186414
  11 42 0.0376025
  12 42 -0.789348
  13 42 -0.303577
  14 42 -0.295586
  15 42 0.127459
  16 42 0.728342
  17 42 0.00662712
  18 42 -1.0673
  19 42 0.702359
  20 42 -0.319578
3000 20 840
  1 42 -0.261519
  2 42 1.07421
  3 42 -0.701734
  4 42 -0.333976
  5 42 0.244553
  6 42 0.851148
  7 42 -0.298499
  8 42 -0.445751
  9 42 -0.388362
  10 42 0.942345
  11 42 -2.41491
  12 42 -0.281449
  13 42 -0.245922
  14 42 -0.057246
  15 42 0.18048
  16 42 -0.408582
  17 42 -1.47532
  18 42 1.19481
  19 42 0.14873
  20 42 -0.847986
3100 20 840
  1 42 -0.170751
  2 42 -0.0478214
  3 42 -0.425649
  4 42 -0.0877297
  5 42 -0.52505
  6 42 0.403111
  7 42 0.58703
  8 42 -1.4968
  9 42 -0.228516
  10 42 0.448863
  11 42 -0.83933
  12 42 0.764524
  13 42 0.0391642
  14 42 0.416732
  15 42 -0.469282
  16 42 -0.447561
  17 42 -0.27748
  18 42 0.556815
  19 42 0.580951
  20 42 -0.928042
3200 20 840
  1 42 -1.5253
  2 42 -0.155604
  3 42 0.0950611
  4 42 -0.262056
  5 42 0.81518
  6 42 -1.02154
  7 42 0.58505
  8 42 0.261496
  9 42 -0.248609
  10 42 0.218026
  11 42 -0.577741
  12 42 0.0951987
  13 42 0.0896074
  14 42 -0.24143
  15 42 -0.580483
  16 42 1.99164
  17 42 -0.405433
  18 42 0.488854
  19 42 0.500532
  20 42 -0.659534
3300 20 840
  1 42 -0.23134
  2 42 0.498626
  3 42 -0.0169354
  4 42 0.410497
  5 42 0.616799
  6 42 -0.433742
  7 42 -0.114732
  8 42 -0.0925112
  9 42 0.184071
  10 42 0.616654
  11 42 1.26392
  12 42 0.752072
  13 42 -0.303825
  14 42 -0.0158383
  15 42 -1.16906
  16 42 -1.57825
  17 42 0.176137
  18 42 -0.00292743
  19 42 -0.647991
  20 42 -0.967595
3400 20 840
  1 42 -0.941698
  2 42 0.44909
  3 42 1.01859
  4 42 0.447404
  5 42 0.576256
  6 42 1.33266
  7 42 -0.375044
  8 42 0.446034
  9 42 -0.794309
  10 42 -0.968766
  11 42 0.340199
  12 42 -0.258563
  13 42 -0.248262
  14 42 -0.530649
  15 42 0.31572
  16 42 1.01998
  17 42 -0.0906869
  18 42 -0.560291
  19 42 -0.0656036
  20 42 -0.409863
3500 20 840
  1 42 -1.03073
  2 42 -0.44541
  3 42 0.466393
  4 42 -0.406351
  5 42 0.179298
  6 42 0.177824
  7 42 -0.935659
  8 42 -0.493409
  9 42 -0.125294
  10 42 0.095393
  11 42 1.3897
  12 42 0.57272
  13 42 -0.271475
  14 42 -0.0560521
  15 42 -0.816823
  16 42 1.5248
  17 42 -1.86085
  18 42 -0.928489
  19 42 -0.512024
  20 42 1.19548
3600 20 840
  1 42 -0.98861
  2 42 0.3873
  3 42 0.12645
  4 42 0.567485
  5 42 0.0558371
  6 42 -2.04111
  7 42 0.209344
  8 42 -1.60655
  9 42 -0.276942
  10 42 0.000161807
  11 42 0.883529
  12 42 -0.683862
  13 42 -0.457573
  14 42 0.291091
  15 42 -0.895647
  16 42 -0.00441813
  17 42 -0.182336
  18 42 -0.610826
  19 42 -0.862072
  20 42 0.594566
3700 20 840
  1 42 -0.254494
  2 42 -0.268946
  3 42 -0.37204
  4 42 0.0405179
  5 42 1.1825
  6 42 0.460436
  7 42 -0.8331
  8 42 -0.375634
  9 42 -1.12092
  10 42 -0.0507234
  11 42 -0.536899
  12 42 -0.319633
  13 42 0.265203
  14 42 0.312324
  15 42 -0.573555
  16 42 0.109052
  17 42 0.0106897
  18 42 0.654256
  19 42 0.760675
  20 42 -0.212825
3800 20 840
  1 42 -0.617086
  2 42 -0.222841
  3 42 -0.0152236
  4 42 -1.71673
  5 42 0.298528
  6 42 -1.00349
  7 42 -0.444495
  8 42 0.776409
  9 42 -0.116456
  10 42 0.189619
  11 42 -1.5151
  12 42 -0.710005
  13 42 -0.514945
  14 42 -0.89715
  15 42 -1.39629
  16 42 -0.0511206
  17 42 -0.0168883
  18 42 -1.88132
  19 42 1.05317
  20 42 0.638073
3900 20 840
  1 42 0.81996
  2 42 0.204409
  3 42 -0.897627
  4 42 0.230973
  5 42 -0.278384
  6 42 -0.216319
  7 42 0.59013
  8 42 0.287586
  9 42 0.05391
  10 42 0.451448
  11 42 -0.555602
  12 42 -0.501032
  13 42 -0.297308
  14 42 -0.76072
  15 42 0.0782089
  16 42 -1.86305
  17 42 -0.289025
  18 42 2.0554
  19 42 1.19736
  20 42 -1.18489
4000 20 840
  1 42 -0.227846
  2 42 0.71691
  3 42 -1.33707
  4 42 -0.481885
  5 42 -0.605433
  6 42 -0.865908
  7 42 -1.27342
  8 42 -0.0347279
  9 42 0.0776011
  10 42 1.02022
  11 42 -0.914733
  12 42 -0.0886809
  13 42 -0.345413
  14 42 0.86281
  15 42 0.646815
  16 42 -1.193
  17 42 -0.109252
  18 42 1.30212
  19 42 -0.220953
  20 42 0.828223
4100 20 840
  1 42 0.431749
  2 42 -0.291332
  3 42 -0.698998
  4 42 -0.39616
  5 42 -1.1804
  6 42 -0.83706
  7 42 0.150301
  8 42 -0.0419878
  9 42 -0.462818
  10 42 -0.851029
  11 42 0.95779
  12 42 -1.13513
  13 42 -0.940934
  14 42 0.302077
  15 42 -0.544711
  16 42 1.28587
  17 42 -0.929055
  18 42 0.613838
  19 42 0.24618
  20 42 -1.06382
4200 20 840
  1 42 0.558285
  2 42 -1.02904
  3 42 -0.528453
  4 42 0.0784867
  5 42 -1.20785
  6 42 0.910134
  7 42 -0.21669
  8 42 -0.0527011
  9 42 0.0954805
  10 42 -0.664314
  11 42 -0.310142
  12 42 0.0507305
  13 42 -0.70098
  14 42 0.399363
  15 42 -0.166649
  16 42 -1.52689
  17 42 -0.219928
  18 42 0.708364
  19 42 0.29101
  20 42 -0.554568
4300 20 840
  1 42 -0.103967
  2 42 -0.374906
  3 42 0.205568
  4 42 -0.572867
  5 42 0.118579
  6 42 -1.13901
  7 42 -0.228561
  8 42 0.534571
  9 42 0.132598
  10 42 -0.202278
  11 42 -0.225246
  12 42 0.656008
  13 42 -0.106782
  14 42 0.0474498
  15 42 -0.0347164
  16 42 0.223393
  17 42 -1.21911
  18 42 0.452086
  19 42 -0.289921
  20 42 0.486092
4400 20 840
  1 42 0.497381
  2 42 0.204372
  3 42 0.808029
  4 42 -0.495844
  5 42 0.823515
  6 42 -1.10586
  7 42 0.68768
  8 42 -0.235988
  9 42 -0.067708
  10 42 -0.0604011
  11 42 0.368608
  12 42 0.00675426
  13 42 0.323038
  14 42 -0.320798
  15 42 0.0817467
  16 42 1.51092
  17 42 -0.724978
  18 42 -1.34968
  19 42 -0.389995
  20 42 -1.16823
4500 20 840
  1 42 0.0143956
  2 42 0.276572
  3 42 0.131707
  4 42 -2.06815
  5 42 -0.731908
  6 42 0.205393
  7 42 0.607411
  8 42 -0.508506
  9 42 0.224874
  10 42 1.49034
  11 42 -0.406553
  12 42 0.0213048
  13 42 0.285202
  14 42 -0.252759
  15 42 -0.523972
  16 42 1.1122
  17 42 0.126896
  18 42 -0.552112
  19 42 -0.195987
  20 42 0.720421
4600 20 840
  1 42 0.0535959
  2 42 -1.04329
  3 42 0.0321264
  4 42 -0.939768
  5 42 -0.0548948
  6 42 -0.775432
  7 42 0.319746
  8 42 -0.890565
  9 42 0.2392
  10 42 -0.26462
  11 42 1.25194
  12 42 0.150224
  13 42 -1.21417
  14 42 0.0624207
  15 42 0.235999
  16 42 -0.287736
  17 42 -0.821241
  18 42 -2.35616
  19 42 -0.154717
  20 42 -0.0848359
4700 20 840
  1 42 -0.99751
  2 42 0.530466
  3 42 -0.166183
  4 42 0.0284435
  5 42 -0.856672
  6 42 -1.6566
  7 42 -0.539966
  8 42 -1.24502
  9 42 -0.311036
  10 42 0.764051
  11 42 -0.0510582
  12 42 0.639108
  13 42 -0.94343
  14 42 0.102397
  15 42 0.442501
  16 42 -0.249698
  17 42 0.110136
  18 42 -0.749939
  19 42 -0.367046
  20 42 1.73564
4800 20 840
  1 42 0.474028
  2 42 0.096849
  3 42 0.0603668
  4 42 1.09743
  5 42 0.47367
  6 42 -0.574573
  7 42 0.11236
  8 42 0.272722
  9 42 0.220289
  10 42 -1.13311
  11 42 -0.109172
  12 42 -0.54947
  13 42 0.0247746
  14 42 -0.635626
  15 42 -0.506132
  16 42 1.04207
  17 42 -0.723083
  18 42 0.12303
  19 42 -0.388825
  20 42 -0.155016
4900 20 840
  1 42 -0.166104
  2 42 -0.535552
  3 42 0.0134763
  4 42 0.68526
  5 42 0.503073
  6 42 0.689955
  7 42 -1.10053
  8 42 -0.10013
  9 42 -1.50945
  10 42 -0.618952
  11 42 -2.12737
  12 42 0.460548
  13 42 -0.439974
  14 42 0.0409363
  15 42 0.913243
  16 42 -0.159062
  17 42 -0.263362
  18 42 1.0066
  19 42 0.169405
  20 42 -2.63932
5000 20 840
  1 42 0.29706
  2 42 0.855538
  3 42 0.335625
  4 42 -0.476828
  5 42 1.59763
  6 42 0.542951
  7 42 -0.426991
  8 42 -0.66915
  9 42 0.762083
  10 42 0.017372
  11 42 -1.20139
  12 42 0.0358721
  13 42 -1.86933
  14 42 -0.410128
  15 42 0.117918
  16 42 -0.16254
  17 42 -1.05297
  18 42 2.23614
  19 42 0.278109
  20 42 -0.0584241
5100 20 840
  1 42 -0.483938
  2 42 -0.819933
  3 42 0.0035049
  4 42 0.662976
  5 42 -1.37127
  6 42 -0.676434
  7 42 -0.175524
  8 42 -0.0180366
  9 42 0.493441
  10 42 -0.392827
  11 42 1.09809
  12 42 0.269752
  13 42 -1.02396
  14 42 0.932724
  15 42 -0.223885
  16 42 -1.44114
  17 42 -0.929952
  18 42 1.6915
  19 42 0.893323
  20 42 -0.785004
5200 20 840
  1 42 -0.0778578
  2 42 -0.245144
  3 42 -1.23707
  4 42 -0.682561
  5 42 -0.824681
  6 42 1.12339
  7 42 -0.456395
  8 42 0.20184
  9 42 -0.487763
  10 42 0.623746
  11 42 -0.641273
  12 42 -0.593047
  13 42 -0.452187
  14 42 1.09926
  15 42 -0.0819156
  16 42 1.43422
  17 42 0.914772
  18 42 -1.59343
  19 42 0.625974
  20 42 0.280414
5300 20 840
  1 42 0.710356
  2 42 0.966867
  3 42 -0.521557
  4 42 -1.04899
  5 42 0.0679079
  6 42 0.0480318
  7 42 -0.118646
  8 42 -0.150267
  9 42 -1.20339
  10 42 0.0297386
  11 42 1.24467
  12 42 -0.82362
  13 42 -0.197956
  14 42 0.344142
  15 42 0.146786
  16 42 -0.913921
  17 42 0.467036
  18 42 0.078489
  19 42 0.814187
  20 42 -0.516118
5400 20 840
  1 42 0.129098
  2 42 0.449436
  3 42 0.0697026
  4 42 0.64813
  5 42 -0.495642
  6 42 -1.47171
  7 42 -0.047334
  8 42 0.324075
  9 42 -1.3974
  10 42 0.780332
  11 42 -0.88831
  12 42 -2.6238
  13 42 0.802071
  14 42 -1.47515
  15 42 0.235807
  16 42 -0.693325
  17 42 -0.578557
  18 42 -1.31273
  19 42 -1.59547
  20 42 1.70853
5500 20 840
  1 42 -1.28395
  2 42 -0.408802
  3 42 0.337214
  4 42 -0.309036
  5 42 -1.49063
  6 42 -2.06517
  7 42 -0.468843
  8 42 0.0474644
  9 42 -0.922037
  10 42 0.672599
  11 42 -0.119102
  12 42 0.0800132
  13 42 -0.956671
  14 42 -1.43198
  15 42 -0.302192
  16 42 1.37702
  17 42 -1.7699
  18 42 0.224336
  19 42 -1.00938
  20 42 0.319549
5600 20 840
  1 42 -0.176329
  2 42 -0.0752167
  3 42 -1.28843
  4 42 -1.01903
  5 42 -0.71343
  6 42 -0.130237
  7 42 -0.00621143
  8 42 -0.00297852
  9 42 -0.953496
  10 42 -0.507496
  11 42 0.572365
  12 42 0.572041
  13 42 -0.880366
  14 42 -1.66859
  15 42 -0.470322
  16 42 0.617424
  17 42 -0.741619
  18 42 -0.227598
  19 42 -1.54653
  20 42 -1.42389
5700 20 840
  1 42 -0.424504
  2 42 -0.435241
  3 42 -0.119259
  4 42 -0.215442
  5 42 -0.53867
  6 42 0.168326
  7 42 -0.615652
  8 42 1.0391
  9 42 0.357851
  10 42 -0.607421
  11 42 0.710955
  12 42 -1.21483
  13 42 -0.351315
  14 42 -0.288771
  15 42 -0.419729
  16 42 -0.399877
  17 42 -0.501049
  18 42 0.307402
  19 42 -0.974815
  20 42 -0.148647
5800 20 840
  1 42 -0.433368
  2 42 0.52625
  3 42 -0.763332
  4 42 -0.0958433
  5 42 -0.225015
  6 42 0.0274501
  7 42 0.124082
  8 42 0.0954203
  9 42 -0.0383504
  10 42 0.854226
  11 42 -0.171626
  12 42 -0.762384
  13 42 -1.17511
  14 42 0.00619832
  15 42 -1.18168
  16 42 -1.41277
  17 42 0.380339
  18 42 -0.111824
  19 42 -0.276532
  20 42 -0.297389
5900 20 840
  1 42 -0.117699
  2 42 0.391229
  3 42 -0.989019
  4 42 0.282683
  5 42 -0.336354
  6 42 0.773402
  7 42 -0.0594505
  8 42 -0.260379
  9 42 -0.508332
  10 42 -0.101746
  11 42 0.478333
  12 42 0.304951
  13 42 -0.306814
  14 42 0.323082
  15 42 0.116439
  16 42 1.49118
  17 42 -0.416583
  18 42 0.977185
  19 42 0.49268
  20 42 -1.18805
6000 20 840
  1 42 -0.623112
  2 42 0.445602
  3 42 0.332386
  4 42 -1.02984
  5 42 0.458654
  6 42 0.678715
  7 42 0.366089
  8 42 -0.907083
  9 42 -0.426541
  10 42 -0.296229
  11 42 0.31878
  12 42 0.767605
  13 42 -0.613158
  14 42 0.239374
  15 42 -1.0821
  16 42 0.69113
  17 42 0.321916
  18 42 -0.659325
  19 42 -0.191805
  20 42 0.0103401
6100 20 840
  1 42 -0.617018
  2 42 -0.581345
  3 42 -0.884984
  4 42 0.516846
  5 42 0.58577
  6 42 0.402598
  7 42 0.661801
  8 42 -1.35797
  9 42 -1.03657
  10 42 -0.354
  11 42 -1.34074
  12 42 0.844282
  13 42 0.226461
  14 42 1.01672
  15 42 -0.78423
  16 42 0.0293525
  17 42 -0.52868
  18 42 1.35919
  19 42 0.903853
  20 42 -0.86541
6200 20 840
  1 42 -0.561228
  2 42 -0.46303
  3 42 0.558065
  4 42 0.499922
  5 42 0.510156
  6 42 -0.772848
  7 42 -0.742851
  8 42 -1.05202
  9 42 -0.137778
  10 42 -0.112458
  11 42 -0.512689
  12 42 1.06874
  13 42 -0.640117
  14 42 0.204703
  15 42 -0.019012
  16 42 2.04444
  17 42 -0.319975
  18 42 -0.461995
  19 42 0.822424
  20 42 1.31304
6300 20 840
  1 42 -0.0191958
  2 42 -0.259593
  3 42 -0.0378999
  4 42 -0.73701
  5 42 -0.0405945
  6 42 -0.0470623
  7 42 -0.6352
  8 42 0.556019
  9 42 0.190492
  10 42 -0.0724993
  11 42 0.734818
  12 42 1.033
  13 42 -0.292377
  14 42 -0.811089
  15 42 -0.762672
  16 42 1.27036
  17 42 0.0620445
  18 42 -0.766198
  19 42 1.12894
  20 42 -0.636256
6400 20 840
  1 42 0.373222
  2 42 -1.87767
  3 42 -1.00772
  4 42 0.582827
  5 42 -0.209215
  6 42 -0.19282
  7 42 -0.847358
  8 42 -0.732516
  9 42 -0.0455542
  10 42 1.08605
  11 42 0.64568
  12 42 -0.479102
  13 42 -0.8632
  14 42 -0.401212
  15 42 -0.323206
  16 42 -0.71138
  17 42 0.332929
  18 42 -0.299412
  19 42 1.04435
  20 42 -0.298615
6500 20 840
  1 42 -0.270711
  2 42 1.28405
  3 42 -0.266747
  4 42 -0.876108
  5 42 0.459712
  6 42 -0.276369
  7 42 -1.19472
  8 42 -0.838121
  9 42 -0.744113
  10 42 0.980353
  11 42 -0.31553
  12 42 -0.194648
  13 42 -0.855361
  14 42 0.302188
  15 42 -0.397209
  16 42 -0.512497
  17 42 0.00639197
  18 42 -0.0522813
  19 42 0.386464
  20 42 -0.597316
6600 20 840
  1 42 0.381403
  2 42 -0.620634
  3 42 0.470358
  4 42 -0.578488
  5 42 0.595777
  6 42 -0.663985
  7 42 -0.398553
  8 42 0.260407
  9 42 -0.410935
  10 42 -0.847188
  11 42 -0.220003
  12 42 -1.04569
  13 42 0.395744
  14 42 0.120304
  15 42 -0.371653
  16 42 1.6706
  17 42 0.234548
  18 42 -0.325521
  19 42 -0.650172
  20 42 -0.428546
6700 20 840
  1 42 -0.0616676
  2 42 0.0141575
  3 42 -0.196571
  4 42 -0.493698
  5 42 -0.479608
  6 42 -0.23949
  7 42 -0.101424
  8 42 0.129546
  9 42 -0.581093
  10 42 0.360799
  11 42 -1.17025
  12 42 0.382919
  13 42 -0.019523
  14 42 -0.452079
  15 42 0.450312
  16 42 -0.232908
  17 42 1.00236
  18 42 0.136685
  19 42 1.1142
  20 42 0.973091
6800 20 840
  1 42 0.617622
  2 42 -0.00375891
  3 42 0.383346
  4 42 -0.536642
  5 42 1.30358
  6 42 0.449849
  7 42 0.0664692
  8 42 0.557897
  9 42 0.91594
  10 42 -0.448343
  11 42 0.124894
  12 42 -1.28484
  13 42 -0.457521
  14 42 -0.366596
  15 42 -0.482536
  16 42 0.145265
  17 42 -0.408696
  18 42 0.41369
  19 42 0.866362
  20 42 0.278414
6900 20 840
  1 42 -0.159736
  2 42 -0.149928
  3 42 0.265938
  4 42 -0.0857216
  5 42 -0.572917
  6 42 0.213024
  7 42 0.421294
  8 42 -0.62515
  9 42 0.101226
  10 42 -0.80129
  11 42 -0.191649
  12 42 -0.430486
  13 42 -0.102839
  14 42 0.97269
  15 42 -0.289278
  16 42 -1.7764
  17 42 0.579676
  18 42 1.49227
  19 42 -2.14119
  20 42 -1.35613
7000 20 840
  1 42 0.248452
  2 42 0.392552
  3 42 -0.862989
  4 42 -0.810139
  5 42 -0.710989
  6 42 0.527691
  7 42 1.26903
  8 42 -0.975725
  9 42 1.44341
  10 42 0.341361
  11 42 0.598299
  12 42 1.04538
  13 42 -1.1401
  14 42 1.06917
  15 42 -1.06812
  16 42 0.437204
  17 42 -0.969525
  18 42 -0.561264
  19 42 -1.45419
  20 42 0.203535
7100 20 840
  1 42 -1.12899
  2 42 -1.40959
  3 42 -1.34294
  4 42 -0.680808
  5 42 -0.577253
  6 42 -1.16926
  7 42 -0.785237
  8 42 -0.0827617
  9 42 -0.202951
  10 42 -0.737944
  11 42 -0.0566375
  12 42 0.455642
  13 42 -0.45591
  14 42 0.476456
  15 42 -0.0846247
  16 42 -1.08683
  17 42 -0.983532
  18 42 -1.47963
  19 42 -0.137903
  20 42 -0.182094
7200 20 840
  1 42 0.137486
  2 42 0.999609
  3 42 0.20756
  4 42 0.280214
  5 42 0.00787085
  6 42 0.186
  7 42 -0.734507
  8 42 -0.232333
  9 42 0.249793
  10 42 -0.34948
  11 42 -0.954972
  12 42 -1.44497
  13 42 -0.580478
  14 42 -0.442931
  15 42 -0.274366
  16 42 -1.77851
  17 42 -0.701583
  18 42 -1.46232
  19 42 -1.33272
  20 42 0.966319
7300 20 840
  1 42 0.133968
  2 42 -0.354107
  3 42 0.199899
  4 42 0.166013
  5 42 0.565234
  6 42 -1.5762
  7 42 -0.616702
  8 42 -0.986875
  9 42 -0.367245
  10 42 -0.708401
  11 42 -0.137691
  12 42 -1.38225
  13 42 -0.0364591
  14 42 -0.0974282
  15 42 0.0224319
  16 42 0.996402
  17 42 -0.32553
  18 42 -0.714858
  19 42 -0.258467
  20 42 -0.79353
7400 20 840
  1 42 -0.38877
  2 42 -0.434645
  3 42 -0.118636
  4 42 -1.55542
  5 42 0.59036
  6 42 -1.33225
  7 42 0.431569
  8 42 -0.662371
  9 42 -0.358607
  10 42 0.7217
  11 42 -0.765506
  12 42 1.04772
  13 42 -0.0870611
  14 42 0.259117
  15 42 0.0856154
  16 42 0.23896
  17 42 0.0757672
  18 42 -0.0180979
  19 42 0.338595
  20 42 -0.439302
7500 20 840
  1 42 0.249165
  2 42 -0.255821
  3 42 -0.0374632
  4 42 -0.246328
  5 42 -1.00888
  6 42 -0.592267
  7 42 -0.108725
  8 42 -0.281958
  9 42 0.218745
  10 42 0.74469
  11 42 0.434282
  12 42 1.23266
  13 42 -0.242424
  14 42 0.0192161
  15 42 -0.511296
  16 42 -0.286913
  17 42 1.06669
  18 42 -0.452827
  19 42 0.450149
  20 42 -0.289943
7600 20 840
  1 42 0.589815
  2 42 0.123363
  3 42 0.302104
  4 42 0.524868
  5 42 0.0387229
  6 42 1.24713
  7 42 -0.653822
  8 42 0.168819
  9 42 0.265041
  10 42 0.0633105
  11 42 0.453887
  12 42 -0.17651
  13 42 -0.699663
  14 42 -0.228991
  15 42 0.502829
  16 42 0.297659
  17 42 -0.237067
  18 42 1.49246
  19 42 -0.232795
  20 42 2.49276
7700 20 840
  1 42 0.460422
  2 42 -0.0824189
  3 42 -0.0866116
  4 42 -0.0542968
  5 42 -0.611865
  6 42 0.96714
  7 42 -1.37696
  8 42 0.569575
  9 42 -0.00266304
  10 42 -0.153403
  11 42 -0.419125
  12 42 -0.495813
  13 42 -0.344016
  14 42 0.581366
  15 42 0.215853
  16 42 2.6736
  17 42 0.821484
  18 42 0.0975293
  19 42 1.25533
  20 42 0.625969
7800 20 840
  1 42 0.533867
  2 42 -0.626599
  3 42 -0.351321
  4 42 0.695805
  5 42 0.117395
  6 42 0.432238
  7 42 0.298427
  8 42 -0.233133
  9 42 -1.36831
  10 42 0.342967
  11 42 -1.18298
  12 42 -1.84207
  13 42 -0.74023
  14 42 -0.434735
  15 42 -0.180528
  16 42 -0.773033
  17 42 0.00699117
  18 42 1.48345
  19 42 -0.114029
  20 42 0.117027
7900 20 840
  1 42 -0.265985
  2 42 -0.448635
  3 42 0.344025
  4 42 0.400766
  5 42 -0.992802
  6 42 -0.291299
  7 42 -1.11042
  8 42 0.162397
  9 42 -0.490041
  10 42 0.123619
  11 42 0.035704
  12 42 -0.121943
  13 42 -0.235348
  14 42 -0.64789
  15 42 1.00193
  16 42 -1.07703
  17 42 -0.636331
  18 42 0.56218
  19 42 0.160846
  20 42 -0.363396
8000 20 840
  1 42 -0.661743
  2 42 -0.294463
  3 42 -0.393094
  4 42 -0.324746
  5 42 -0.00736779
  6 42 -0.0154758
  7 42 -0.751175
  8 42 -1.23027
  9 42 -1.22494
  10 42 -0.0406039
  11 42 -0.747216
  12 42 0.131446
  13 42 -1.05881
  14 42 -0.300436
  15 42 -0.266265
  16 42 1.93823
  17 42 0.0358062
  18 42 -0.465924
  19 42 0.0656951
  20 42 -0.355101
8100 20 840
  1 42 -0.83575
  2 42 -0.231116
  3 42 -0.626364
  4 42 0.00653439
  5 42 0.0777799
  6 42 0.516974
  7 42 0.990214
  8 42 -1.30697
  9 42 -0.3423
  10 42 0.377673
  11 42 -0.414061
  12 42 0.462886
  13 42 -0.234981
  14 42 0.0446563
  15 42 0.0525638
  16 42 -1.39866
  17 42 0.327751
  18 42 -1.00746
  19 42 0.346095
  20 42 -0.0692519
8200 20 840
  1 42 -1.35615
  2 42 0.38636
  3 42 0.232528
  4 42 -0.612294
  5 42 -0.122957
  6 42 -0.408595
  7 42 0.653764
  8 42 -0.375701
  9 42 -0.253775
  10 42 -0.342735
  11 42 0.578418
  12 42 -0.511067
  13 42 -0.525994
  14 42 -0.502035
  15 42 -0.560384
  16 42 -0.250292
  17 42 0.323208
  18 42 -2.56858
  19 42 -0.706549
  20 42 1.3707
8300 20 840
  1 42 -0.850642
  2 42 0.924987
  3 42 0.178075
  4 42 -1.27003
  5 42 0.496474
  6 42 0.997865
  7 42 0.662645
  8 42 -0.490285
  9 42 -1.09542
  10 42 0.22613
  11 42 0.194214
  12 42 0.417696
  13 42 0.0943165
  14 42 -0.894093
  15 42 0.121883
  16 42 -0.183298
  17 42 1.26954
  18 42 -1.82634
  19 42 -0.44274
  20 42 -1.42207
8400 20 840
  1 42 -0.110245
  2 42 -0.144118
  3 42 0.327308
  4 42 0.0469377
  5 42 -0.335614
  6 42 0.402737
  7 42 -0.374483
  8 42 -0.513466
  9 42 -0.154636
  10 42 -0.610069
  11 42 0.644316
  12 42 0.0487004
  13 42 -0.803624
  14 42 -0.778652
  15 42 0.377126
  16 42 -0.553663
  17 42 -0.597017
  18 42 -0.571675
  19 42 -0.409304
  20 42 -0.426513
8500 20 840
  1 42 -0.445546
  2 42 0.067041
  3 42 0.0954695
  4 42 -1.40237
  5 42 -0.207736
  6 42 0.465373
  7 42 0.329518
  8 42 0.318783
  9 42 -0.547445
  10 42 -1.27802
  11 42 -0.800031
  12 42 0.977535
  13 42 0.397601
  14 42 0.265923
  15 42 -0.785138
  16 42 1.46414
  17 42 -0.444166
  18 42 0.604123
  19 42 -0.904141
  20 42 -1.8239
8600 20 840
  1 42 -0.589419
  2 42 -0.0481247
  3 42 -1.14253
  4 42 -0.9446
  5 42 0.69668
  6 42 -0.432064
  7 42 -0.67937
  8 42 -0.24867
  9 42 0.144423
  10 42 -0.274892
  11 42 -0.850965
  12 42 0.710291
  13 42 -0.592441
  14 42 0.548993
  15 42 -0.385339
  16 42 -0.766165
  17 42 -0.644137
  18 42 0.887069
  19 42 -0.620778
  20 42 -0.815196
8700 20 840
  1 42 -0.752321
  2 42 0.388328
  3 42 -1.01977
  4 42 0.129778
  5 42 -0.17243
  6 42 -0.436631
  7 42 -0.878657
  8 42 0.654498
  9 42 -0.741879
  10 42 0.999487
  11 42 -0.0513203
  12 42 -1.50107
  13 42 -1.35571
  14 42 -0.960865
  15 42 -0.431578
  16 42 -0.242037
  17 42 0.245574
  18 42 0.82551
  19 42 0.781279
  20 42 0.579776
8800 20 840
  1 42 0.474492
  2 42 -1.15546
  3 42 0.0243536
  4 42 0.824884
  5 42 -0.737289
  6 42 0.324871
  7 42 -0.560396
  8 42 1.16088
  9 42 0.428494
  10 42 0.0366573
  11 42 0.548576
  12 42 -0.736746
  13 42 -1.58955
  14 42 0.947721
  15 42 -0.803079
  16 42 0.190124
  17 42 -0.0793027
  18 42 0.818157
  19 42 0.882579
  20 42 -0.130274
8900 20 840
  1 42 -0.205654
  2 42 0.096308
  3 42 -0.634839
  4 42 -0.470425
  5 42 -1.27539
  6 42 -1.22331
  7 42 -1.41348
  8 42 -0.0622339
  9 42 -1.09051
  10 42 0.916689
  11 42 0.0381524
  12 42 0.448412
  13 42 -1.0661
  14 42 0.109878
  15 42 0.131016
  16 42 -0.93524
  17 42 1.23673
  18 42 -0.904275
  19 42 0.649605
  20 42 -0.503335
9000 20 840
  1 42 0.427709
  2 42 0.143418
  3 42 -0.965491
  4 42 0.0947979
  5 42 0.464921
  6 42 0.446585
  7 42 1.10217
  8 42 0.0717262
  9 42 -0.0404009
  10 42 0.428007
  11 42 -0.31199
  12 42 -0.826958
  13 42 -0.122757
  14 42 0.285079
  15 42 -0.862175
  16 42 -0.0635018
  17 42 0.265136
  18 42 0.601742
  19 42 0.0726568
  20 42 0.0413801
9100 20 840
  1 42 -0.339279
  2 42 -1.40001
  3 42 0.0848249
  4 42 0.715619
  5 42 -1.05058
  6 42 -1.37567
  7 42 -0.497131
  8 42 0.193473
  9 42 -1.48591
  10 42 -1.14296
  11 42 -0.322455
  12 42 -0.946343
  13 42 -0.27568
  14 42 -0.634239
  15 42 -0.136509
  16 42 1.14632
  17 42 1.74049
  18 42 -2.23413
  19 42 -0.247417
  20 42 1.01528
9200 20 840
  1 42 1.00721
  2 42 0.071157
  3 42 0.537312
  4 42 -0.378556
  5 42 1.00162
  6 42 1.40719
  7 42 0.0829754
  8 42 0.0752331
  9 42 -0.279891
  10 42 -0.989135
  11 42 0.43954
  12 42 0.0949514
  13 42 -1.21305
  14 42 -0.479436
  15 42 -0.837771
  16 42 0.461803
  17 42 -0.669209
  18 42 0.630725
  19 42 0.261294
  20 42 -1.11546
9300 20 840
  1 42 -1.12478
  2 42 -0.753443
  3 42 0.250617
  4 42 -0.278008
  5 42 -0.981412
  6 42 1.40217
  7 42 -0.0103295
  8 42 -0.653802
  9 42 -0.306364
  10 42 0.28699
  11 42 -0.320716
  12 42 1.09023
  13 42 0.00491035
  14 42 -0.444319
  15 42 -0.519465
  16 42 -2.11325
  17 42 1.70186
  18 42 0.370653
  19 42 0.984172
  20 42 -1.18193
9400 20 840
  1 42 -0.672537
  2 42 -0.341865
  3 42 0.0729013
  4 42 -0.811995
  5 42 -0.369366
  6 42 0.344479
  7 42 0.00999988
  8 42 -0.00793842
  9 42 0.241389
  10 42 -0.412172
  11 42 -0.304102
  12 42 -0.239381
  13 42 -0.46997
  14 42 -0.686283
  15 42 -0.583063
  16 42 1.01456
  17 42 1.03597
  18 42 -0.673057
  19 42 0.224453
  20 42 -3.74869
9500 20 840
  1 42 -0.587856
  2 42 0.511483
  3 42 -1.04707
  4 42 -1.45832
  5 42 -0.0316742
  6 42 0.093154
  7 42 -0.405076
  8 42 -0.802151
  9 42 0.993925
  10 42 0.371215
  11 42 -0.29225
  12 42 1.42262
  13 42 -0.187207
  14 42 -0.0823074
  15 42 -0.33437
  16 42 -0.398829
  17 42 1.51966
  18 42 0.0197527
  19 42 -0.299032
  20 42 -1.33717
9600 20 840
  1 42 -0.0463937
  2 42 -0.486073
  3 42 -0.30604
  4 42 1.0032
  5 42 0.257249
  6 42 0.00635897
  7 42 -0.336914
  8 42 -0.380162
  9 42 -0.558232
  10 42 -0.268124
  11 42 -3.3655
  12 42 0.266398
  13 42 -0.43566
  14 42 -0.0111991
  15 42 0.608736
  16 42 1.00093
  17 42 0.0205135
  18 42 -0.817444
  19 42 -0.0256788
  20 42 3.3072
9700 20 840
  1 42 0.000255108
  2 42 -1.80302
  3 42 1.60569
  4 42 -0.534449
  5 42 -0.181782
  6 42 -1.40641
  7 42 0.0948939
  8 42 0.318521
  9 42 0.836394
  10 42 -0.59396
  11 42 -2.06952
  12 42 0.356148
  13 42 -0.325576
  14 42 -0.372312
  15 42 -1.18683
  16 42 0.0292637
  17 42 -0.111101
  18 42 -2.81147
  19 42 1.36668
  20 42 0.707994
9800 20 840
  1 42 0.462572
  2 42 0.513265
  3 42 -0.117276
  4 42 -0.938947
  5 42 0.435475
  6 42 -0.973911
  7 42 0.36622
  8 42 -0.172949
  9 42 -0.549676
  10 42 0.26542
  11 42 -1.61535
  12 42 -0.107708
  13 42 -0.612503
  14 42 -0.204716
  15 42 -0.439558
  16 42 -0.403528
  17 42 -0.542658
  18 42 -1.07691
  19 42 -0.541635
  20 42 0.743678
9900 20 840
  1 42 0.457376
  2 42 -0.675687
  3 42 0.0576976
  4 42 -0.272263
  5 42 -2.05165
  6 42 0.127598
  7 42 -0.508405
  8 42 0.563108
  9 42 -0.14472
  10 42 -0.164567
  11 42 0.0463429
  12 42 1.04467
  13 42 -0.31698
  14 42 1.02285
  15 42 0.457357
  16 42 -1.48509
  17 42 0.51382
  18 42 -0.736423
  19 42 1.03397
  20 42 -0.984845
10000 20 840
  1 42 0.455379
  2 42 -0.345341
  3 42 0.00147373
  4 42 -1.38591
  5 42 -1.09162
  6 42 1.7065
  7 42 -0.0640975
  8 42 0.340929
  9 42 1.19405
  10 42 -0.261443
  11 42 -0.566861
  12 42 0.0106756
  13 42 -1.40695
  14 42 1.09201
  15 42 -0.655309
  16 42 -0.75776
  17 42 -1.39994
  18 42 -0.867353
  19 42 0.292042
  20 42 -0.466883
