# Chunk-averaged data for fix sternForces and group all
# Timestep Number-of-chunks Total-count
# Chunk Ncount c_sternComp
0 20 840
  1 42 -0.109844
  2 42 -0.109844
  3 42 -0.109844
  4 42 -0.109844
  5 42 -0.109844
  6 42 -0.109844
  7 42 -0.109844
  8 42 -0.109844
  9 42 -0.109844
  10 42 -0.109844
  11 42 -0.109844
  12 42 -0.109844
  13 42 -0.109844
  14 42 -0.109844
  15 42 -0.109844
  16 42 -0.109844
  17 42 -0.109844
  18 42 -0.109844
  19 42 -0.109844
  20 42 -0.109844
100 20 840
  1 42 -0.756766
  2 42 -0.920947
  3 42 1.45771
  4 42 0.262714
  5 42 -1.33122
  6 42 -0.785229
  7 42 -0.140675
  8 42 2.21266
  9 42 -0.816104
  10 42 0.136591
  11 42 0.842269
  12 42 1.64969
  13 42 0.0359027
  14 42 -0.320918
  15 42 0.732699
  16 42 1.71626
  17 42 -1.07573
  18 42 -0.111166
  19 42 -1.25099
  20 42 -1.81423
200 20 840
  1 42 1.32077
  2 42 -1.28009
  3 42 0.784792
  4 42 -0.858485
  5 42 -0.872424
  6 42 0.279396
  7 42 1.39507
  8 42 1.42235
  9 42 -0.220531
  10 42 -0.604241
  11 42 -1.51121
  12 42 -1.17145
  13 42 2.09703
  14 42 -0.921329
  15 42 -1.68525
  16 42 -2.57808
  17 42 1.22873
  18 42 0.976042
  19 42 0.280403
  20 42 -1.7396
300 20 840
  1 42 0.0169461
  2 42 1.25135
  3 42 2.30717
  4 42 -1.31787
  5 42 2.39768
  6 42 0.82498
  7 42 1.42561
  8 42 -1.06513
  9 42 1.03085
  10 42 -1.38598
  11 42 -1.00796
  12 42 -1.22798
  13 42 -0.835788
  14 42 0.315135
  15 42 0.0607871
  16 42 2.13632
  17 42 -0.561625
  18 42 -0.713812
  19 42 -1.51512
  20 42 1.04197
400 20 840
  1 42 0.629444
  2 42 0.482808
  3 42 1.69953
  4 42 -1.97278
  5 42 0.821815
  6 42 0.644094
  7 42 1.98877
  8 42 -0.141364
  9 42 -0.963128
  10 42 -1.61069
  11 42 0.717475
  12 42 -0.514139
  13 42 0.11621
  14 42 -0.185811
  15 42 -0.428756
  16 42 -0.150157
  17 42 -0.913844
  18 42 -1.24378
  19 42 0.332784
  20 42 0.826181
500 20 840
  1 42 0.764322
  2 42 -0.955622
  3 42 -0.57046
  4 42 -0.793511
  5 42 -2.07211
  6 42 0.389733
  7 42 2.49631
  8 42 1.12148
  9 42 2.62992
  10 42 -1.08936
  11 42 1.05041
  12 42 -0.72862
  13 42 -0.115752
  14 42 0.00955909
  15 42 1.08356
  16 42 -0.110135
  17 42 0.219771
  18 42 0.240594
  19 42 3.44682
  20 42 -0.816972
600 20 840
  1 42 -0.555552
  2 42 -0.059699
  3 42 0.9161
  4 42 -2.20611
  5 42 0.810713
  6 42 0.800488
  7 42 0.742318
  8 42 -0.707914
  9 42 0.266546
  10 42 -2.21972
  11 42 -2.05563
  12 42 1.56091
  13 42 -0.590644
  14 42 -0.192396
  15 42 0.560455
  16 42 -0.0632779
  17 42 0.864325
  18 42 -1.40925
  19 42 1.38935
  20 42 -2.37582
700 20 840
  1 42 -0.801656
  2 42 0.284779
  3 42 -0.224718
  4 42 1.18494
  5 42 0.325132
  6 42 0.740726
  7 42 0.194519
  8 42 -0.286308
  9 42 -1.43895
  10 42 -0.612849
  11 42 -1.15044
  12 42 1.38463
  13 42 0.990961
  14 42 -0.114391
  15 42 -1.54986
  16 42 0.214202
  17 42 -1.7857
  18 42 0.439861
  19 42 3.10228
  20 42 -2.47877
800 20 840
  1 42 -0.393854
  2 42 3.50597
  3 42 -0.684934
  4 42 0.563864
  5 42 0.47074
  6 42 1.77808
  7 42 -0.883041
  8 42 -1.17143
  9 42 -2.3474
  10 42 2.53797
  11 42 -2.88335
  12 42 -0.127187
  13 42 -1.06967
  14 42 -1.08066
  15 42 -0.358585
  16 42 1.63483
  17 42 -0.964975
  18 42 -0.546755
  19 42 -4.37383
  20 42 2.83055
900 20 840
  1 42 0.666052
  2 42 1.54385
  3 42 -0.381678
  4 42 0.296366
  5 42 -1.43045
  6 42 -0.152993
  7 42 -1.13093
  8 42 0.39435
  9 42 -1.49152
  10 42 -1.59182
  11 42 -1.34298
  12 42 1.33681
  13 42 -0.951396
  14 42 0.232891
  15 42 0.52968
  16 42 -0.087152
  17 42 -1.13341
  18 42 1.40427
  19 42 -1.86564
  20 42 -0.452299
1000 20 840
  1 42 -1.5893
  2 42 -0.82656
  3 42 1.50978
  4 42 -0.574136
  5 42 1.64205
  6 42 -0.159164
  7 42 -0.96849
  8 42 0.107353
  9 42 -0.209233
  10 42 -1.64715
  11 42 0.93931
  12 42 2.36257
  13 42 -1.1256
  14 42 0.287187
  15 42 -1.52792
  16 42 0.637337
  17 42 1.19791
  18 42 -1.06542
  19 42 1.55932
  20 42 0.619406
1100 20 840
  1 42 -1.18027
  2 42 0.505087
  3 42 -1.16421
  4 42 0.722204
  5 42 -0.551885
  6 42 1.98523
  7 42 -2.47123
  8 42 -0.873361
  9 42 -0.320431
  10 42 0.586406
  11 42 0.152959
  12 42 1.8314
  13 42 -1.3747
  14 42 2.28045
  15 42 0.91414
  16 42 -1.62049
  17 42 0.488558
  18 42 0.0772887
  19 42 0.857761
  20 42 -0.574833
1200 20 840
  1 42 -2.24026
  2 42 -2.15565
  3 42 -1.44035
  4 42 0.206605
  5 42 -2.05732
  6 42 -0.868381
  7 42 -0.761796
  8 42 -0.479921
  9 42 2.60423
  10 42 0.691083
  11 42 -2.11982
  12 42 -1.27805
  13 42 0.402177
  14 42 -0.679842
  15 42 -0.870362
  16 42 0.860936
  17 42 0.769995
  18 42 -0.376801
  19 42 0.503339
  20 42 -0.486213
1300 20 840
  1 42 -1.4616
  2 42 -0.35746
  3 42 -1.45724
  4 42 -2.37566
  5 42 0.613199
  6 42 -3.54773
  7 42 -0.555582
  8 42 -0.507751
  9 42 0.314492
  10 42 1.80373
  11 42 0.898961
  12 42 -0.776777
  13 42 -1.56477
  14 42 -3.15621
  15 42 1.84436
  16 42 -1.49041
  17 42 -1.57237
  18 42 0.542574
  19 42 4.47142
  20 42 -0.264274
1400 20 840
  1 42 -0.674434
  2 42 -1.20324
  3 42 0.234
  4 42 1.67309
  5 42 -1.27394
  6 42 -1.55414
  7 42 0.1102
  8 42 -0.846899
  9 42 -0.891507
  10 42 -0.778534
  11 42 0.442871
  12 42 -2.7096
  13 42 0.326045
  14 42 -2.70032
  15 42 0.391784
  16 42 -0.304927
  17 42 -0.833857
  18 42 -2.0935
  19 42 -2.99486
  20 42 -1.99181
1500 20 840
  1 42 0.174508
  2 42 -1.20581
  3 42 -1.33684
  4 42 -0.353027
  5 42 -1.50173
  6 42 -0.135924
  7 42 -2.23182
  8 42 1.44589
  9 42 0.558769
  10 42 -0.674636
  11 42 -0.290964
  12 42 -1.11848
  13 42 0.431119
  14 42 0.445917
  15 42 -0.340065
  16 42 -1.84387
  17 42 -1.46409
  18 42 -0.89264
  19 42 1.04285
  20 42 0.407705
1600 20 840
  1 42 1.59634
  2 42 -1.99065
  3 42 1.83703
  4 42 0.090954
  5 42 1.82635
  6 42 -1.84351
  7 42 0.195386
  8 42 -0.349751
  9 42 4.39083
  10 42 0.19016
  11 42 2.76153
  12 42 -1.59826
  13 42 -1.99181
  14 42 -0.565301
  15 42 -1.02077
  16 42 1.07222
  17 42 -0.278975
  18 42 -1.2246
  19 42 -1.48848
  20 42 1.66146
1700 20 840
  1 42 0.939749
  2 42 -2.95113
  3 42 -1.43161
  4 42 -1.00863
  5 42 -2.38524
  6 42 -0.0814808
  7 42 0.148799
  8 42 2.14675
  9 42 1.22548
  10 42 -1.32571
  11 42 0.801631
  12 42 -1.62176
  13 42 0.274969
  14 42 -0.0548084
  15 42 -2.25042
  16 42 -1.14465
  17 42 1.86084
  18 42 1.24081
  19 42 -3.53206
  20 42 -0.0520596
1800 20 840
  1 42 3.9503
  2 42 -0.00162253
  3 42 0.751725
  4 42 -0.724475
  5 42 0.122211
  6 42 1.6238
  7 42 -1.36037
  8 42 0.757783
  9 42 -1.0074
  10 42 0.307427
  11 42 1.0076
  12 42 -1.72776
  13 42 -2.13214
  14 42 -0.426518
  15 42 -1.60902
  16 42 0.777602
  17 42 0.452356
  18 42 1.37653
  19 42 -0.873394
  20 42 -0.0628181
1900 20 840
  1 42 0.593198
  2 42 1.04786
  3 42 2.22167
  4 42 0.755362
  5 42 1.05091
  6 42 -0.358191
  7 42 0.00458093
  8 42 0.653798
  9 42 0.650278
  10 42 -0.337532
  11 42 -0.172627
  12 42 -1.01897
  13 42 2.05475
  14 42 -0.517646
  15 42 -0.229807
  16 42 0.898815
  17 42 -0.403333
  18 42 1.07788
  19 42 2.05503
  20 42 -0.316981
2000 20 840
  1 42 -0.204022
  2 42 0.102479
  3 42 0.849505
  4 42 1.614
  5 42 -0.911647
  6 42 0.253418
  7 42 -1.81852
  8 42 -2.02659
  9 42 -1.55302
  10 42 1.68286
  11 42 -2.74923
  12 42 -0.941523
  13 42 0.857875
  14 42 0.304805
  15 42 -2.50395
  16 42 -1.57539
  17 42 0.167532
  18 42 1.48241
  19 42 0.614456
  20 42 -2.37597
2100 20 840
  1 42 0.890204
  2 42 0.206153
  3 42 1.59348
  4 42 -1.84825
  5 42 0.432152
  6 42 0.767353
  7 42 1.01736
  8 42 0.668974
  9 42 -0.366827
  10 42 -0.227948
  11 42 0.37539
  12 42 2.53353
  13 42 -0.141416
  14 42 -0.638634
  15 42 1.47505
  16 42 0.339132
  17 42 1.40682
  18 42 0.396948
  19 42 2.48524
  20 42 -1.20791
2200 20 840
  1 42 0.474812
  2 42 0.585214
  3 42 0.102383
  4 42 -1.62962
  5 42 -1.48874
  6 42 0.136727
  7 42 -1.64016
  8 42 -0.537664
  9 42 0.151042
  10 42 -1.76855
  11 42 1.74359
  12 42 1.35067
  13 42 -0.618627
  14 42 0.154106
  15 42 0.107033
  16 42 -0.39517
  17 42 -0.591707
  18 42 -0.326315
  19 42 -1.66057
  20 42 0.384375
2300 20 840
  1 42 -0.984163
  2 42 3.15538
  3 42 1.76995
  4 42 -1.47978
  5 42 2.28768
  6 42 -0.61833
  7 42 2.67652
  8 42 -1.17088
  9 42 -1.43441
  10 42 -1.83474
  11 42 0.322303
  12 42 -1.12511
  13 42 -1.27385
  14 42 0.479901
  15 42 1.43983
  16 42 1.37847
  17 42 -3.44446
  18 42 -2.19572
  19 42 -2.92355
  20 42 4.92648
2400 20 840
  1 42 0.589092
  2 42 1.75384
  3 42 0.586213
  4 42 0.280855
  5 42 -0.170778
  6 42 -0.0976325
  7 42 -1.83619
  8 42 -1.47106
  9 42 -1.50192
  10 42 -2.25971
  11 42 -0.169828
  12 42 1.10408
  13 42 1.6669
  14 42 0.643363
  15 42 0.90804
  16 42 -1.3797
  17 42 -0.439344
  18 42 -2.41457
  19 42 -0.967236
  20 42 -0.321452
2500 20 840
  1 42 -4.3362
  2 42 0.421934
  3 42 0.668712
  4 42 -0.530346
  5 42 -2.7543
  6 42 -1.12455
  7 42 3.26542
  8 42 -0.188588
  9 42 -2.19436
  10 42 0.164509
  11 42 -2.22791
  12 42 2.3124
  13 42 1.6964
  14 42 -0.248892
  15 42 -0.136998
  16 42 -0.107574
  17 42 -1.35259
  18 42 -1.43969
  19 42 1.00673
  20 42 -1.83426
2600 20 840
  1 42 -2.7444
  2 42 -2.1518
  3 42 2.38982
  4 42 -0.0847308
  5 42 -0.715038
  6 42 -1.76152
  7 42 1.85984
  8 42 0.721051
  9 42 2.60659
  10 42 0.511363
  11 42 -1.95448
  12 42 -0.555732
  13 42 -0.702426
  14 42 -1.17963
  15 42 0.609482
  16 42 -0.0906079
  17 42 0.359497
  18 42 -0.910595
  19 42 -0.0625351
  20 42 -0.524475
2700 20 840
  1 42 1.43714
  2 42 1.02383
  3 42 0.093942
  4 42 0.60311
  5 42 -0.562836
  6 42 -0.572785
  7 42 1.12455
  8 42 -1.27041
  9 42 2.69317
  10 42 1.83201
  11 42 -1.14177
  12 42 -0.0202891
  13 42 0.593327
  14 42 1.29243
  15 42 1.42504
  16 42 -1.0942
  17 42 0.540284
  18 42 1.71564
  19 42 2.47604
  20 42 -0.815925
2800 20 840
  1 42 -1.9021
  2 42 0.0242606
  3 42 0.147564
  4 42 -0.47779
  5 42 2.46883
  6 42 -0.611766
  7 42 3.05716
  8 42 -0.675388
  9 42 0.0105794
  10 42 -0.860646
  11 42 -1.33915
  12 42 -0.0608956
  13 42 -0.65731
  14 42 0.309545
  15 42 -0.420911
  16 42 0.545457
  17 42 -0.066262
  18 42 -1.40446
  19 42 -0.12587
  20 42 2.46328
2900 20 840
  1 42 0.377521
  2 42 0.335088
  3 42 -0.778351
  4 42 0.599093
  5 42 -0.450456
  6 42 2.65355
  7 42 -1.4234
  8 42 2.61025
  9 42 -0.487803
  10 42 -2.79329
  11 42 0.522062
  12 42 0.00110753
  13 42 0.292346
  14 42 0.98347
  15 42 -0.710929
  16 42 -0.618701
  17 42 1.46973
  18 42 -0.959054
  19 42 1.03997
  20 42 -0.799917
3000 20 840
  1 42 0.350199
  2 42 -2.22307
  3 42 -3.53285
  4 42 -0.472776
  5 42 -1.76797
  6 42 0.493183
  7 42 -1.39411
  8 42 1.74842
  9 42 3.17314
  10 42 -1.28889
  11 42 0.482671
  12 42 -0.649339
  13 42 -0.880529
  14 42 -1.84689
  15 42 -2.90351
  16 42 -0.0389472
  17 42 0.0565404
  18 42 0.781856
  19 42 -1.87376
  20 42 0.072491
3100 20 840
  1 42 -0.841097
  2 42 -0.161746
  3 42 0.671543
  4 42 0.260663
  5 42 1.3663
  6 42 -0.601056
  7 42 -0.469579
  8 42 0.232516
  9 42 -3.60466
  10 42 1.17884
  11 42 -1.30902
  12 42 -0.0650908
  13 42 -1.70912
  14 42 -2.15739
  15 42 -1.38451
  16 42 0.213211
  17 42 -0.250313
  18 42 0.810877
  19 42 -2.92742
  20 42 -0.413263
3200 20 840
  1 42 1.05807
  2 42 -1.36203
  3 42 -2.14575
  4 42 1.96011
  5 42 -1.2641
  6 42 2.84857
  7 42 -3.53633
  8 42 0.103507
  9 42 -0.485177
  10 42 1.14336
  11 42 -0.488616
  12 42 -1.1255
  13 42 0.83496
  14 42 -0.400759
  15 42 -2.34664
  16 42 -0.67762
  17 42 0.247114
  18 42 -1.21571
  19 42 1.6156
  20 42 1.43899
3300 20 840
  1 42 -0.778078
  2 42 -0.163543
  3 42 0.750589
  4 42 -3.12012
  5 42 -0.574682
  6 42 -1.63152
  7 42 0.871969
  8 42 0.416408
  9 42 -1.29741
  10 42 -1.43031
  11 42 0.540572
  12 42 -0.87188
  13 42 -1.22905
  14 42 -2.4552
  15 42 0.0297127
  16 42 -0.992856
  17 42 1.45089
  18 42 -0.10986
  19 42 0.506961
  20 42 0.938838
3400 20 840
  1 42 1.8516
  2 42 -1.70452
  3 42 1.0296
  4 42 0.158228
  5 42 -0.135856
  6 42 -0.452456
  7 42 -2.4901
  8 42 -0.722847
  9 42 2.43428
  10 42 -1.33445
  11 42 1.92313
  12 42 0.467945
  13 42 -1.62352
  14 42 -1.18798
  15 42 1.19038
  16 42 -0.647285
  17 42 -0.406898
  18 42 0.252257
  19 42 3.53015
  20 42 -1.11151
3500 20 840
  1 42 -1.12771
  2 42 -3.45056
  3 42 1.42911
  4 42 0.798743
  5 42 -2.13025
  6 42 -1.2293
  7 42 -1.81831
  8 42 1.41419
  9 42 0.490947
  10 42 0.983372
  11 42 0.382602
  12 42 -0.815454
  13 42 0.460654
  14 42 0.958392
  15 42 -1.6739
  16 42 0.677215
  17 42 1.44096
  18 42 -1.3826
  19 42 0.400816
  20 42 1.70064
3600 20 840
  1 42 0.331664
  2 42 -0.440597
  3 42 -1.07474
  4 42 -0.77662
  5 42 -0.177142
  6 42 1.15003
  7 42 1.12767
  8 42 -1.81925
  9 42 -1.56333
  10 42 -0.940872
  11 42 -2.18636
  12 42 0.351087
  13 42 -1.67085
  14 42 0.513518
  15 42 -2.23142
  16 42 0.0141612
  17 42 -0.873064
  18 42 0.842658
  19 42 -1.00246
  20 42 -1.79923
3700 20 840
  1 42 -1.39522
  2 42 -0.440915
  3 42 2.20938
  4 42 -1.98365
  5 42 1.07687
  6 42 -0.856432
  7 42 -0.778978
  8 42 0.109556
  9 42 -0.0536911
  10 42 -2.88234
  11 42 -0.423175
  12 42 0.172197
  13 42 -0.682115
  14 42 -0.731193
  15 42 -0.169389
  16 42 0.921663
  17 42 -0.168642
  18 42 -1.1149
  19 42 -2.63155
  20 42 -1.4161
3800 20 840
  1 42 1.83808
  2 42 -0.444497
  3 42 0.194903
  4 42 2.29797
  5 42 -1.3145
  6 42 -1.09057
  7 42 -2.6438
  8 42 1.04678
  9 42 -1.46377
  10 42 1.04566
  11 42 -1.42775
  12 42 -0.89821
  13 42 -1.43141
  14 42 -0.739443
  15 42 1.41886
  16 42 -0.955441
  17 42 -3.54122
  18 42 -0.579436
  19 42 0.393182
  20 42 -0.278763
3900 20 840
  1 42 -0.78093
  2 42 -0.146366
  3 42 3.85684
  4 42 0.385679
  5 42 1.55459
  6 42 0.473337
  7 42 -0.629249
  8 42 0.723387
  9 42 2.16529
  10 42 -0.850842
  11 42 -3.75791
  12 42 1.82831
  13 42 0.751457
  14 42 0.999043
  15 42 0.971111
  16 42 0.892023
  17 42 -0.686446
  18 42 -1.71051
  19 42 -1.18383
  20 42 0.945256
4000 20 840
  1 42 -0.527365
  2 42 0.672155
  3 42 -2.62046
  4 42 -0.78258
  5 42 -0.567135
  6 42 -0.190672
  7 42 -2.36989
  8 42 -0.423807
  9 42 4.60956
  10 42 -0.370482
  11 42 0.614388
  12 42 2.3189
  13 42 -0.739602
  14 42 1.40127
  15 42 0.0641672
  16 42 -1.65876
  17 42 0.982971
  18 42 -0.596581
  19 42 4.60229
  20 42 -0.204838
4100 20 840
  1 42 -2.62603
  2 42 -0.33085
  3 42 2.42967
  4 42 -1.35076
  5 42 4.3965
  6 42 0.378611
  7 42 3.3876
  8 42 -0.720129
  9 42 0.101401
  10 42 1.75695
  11 42 -1.49157
  12 42 -0.596572
  13 42 -0.615039
  14 42 0.0442535
  15 42 0.250298
  16 42 1.05443
  17 42 1.21083
  18 42 1.48359
  19 42 1.25209
  20 42 0.637903
4200 20 840
  1 42 -0.114424
  2 42 -0.455299
  3 42 -1.09206
  4 42 0.903658
  5 42 -2.1621
  6 42 -0.183573
  7 42 -1.27969
  8 42 0.592382
  9 42 1.03071
  10 42 1.18051
  11 42 0.342377
  12 42 -0.224071
  13 42 -0.979527
  14 42 0.38389
  15 42 -0.281393
  16 42 0.19892
  17 42 1.91866
  18 42 1.29974
  19 42 -1.00399
  20 42 -1.42787
4300 20 840
  1 42 1.36917
  2 42 2.98665
  3 42 3.4029
  4 42 -2.37312
  5 42 2.03334
  6 42 0.7318
  7 42 1.39261
  8 42 0.0477836
  9 42 -0.922549
  10 42 -0.0770513
  11 42 -0.335931
  12 42 1.63619
  13 42 -0.0478662
  14 42 0.275904
  15 42 -0.464379
  16 42 0.00311118
  17 42 1.0035
  18 42 1.3466
  19 42 1.40808
  20 42 0.119964
4400 20 840
  1 42 -0.805843
  2 42 0.750438
  3 42 1.64217
  4 42 2.2852
  5 42 1.26246
  6 42 0.171341
  7 42 -0.305533
  8 42 -0.411744
  9 42 -0.271506
  10 42 -1.84083
  11 42 -0.0578985
  12 42 0.463672
  13 42 -0.0399731
  14 42 0.939276
  15 42 -2.28754
  16 42 -0.43416
  17 42 1.51321
  18 42 0.200278
  19 42 -1.84124
  20 42 -0.341833
4500 20 840
  1 42 1.80216
  2 42 1.48106
  3 42 1.91152
  4 42 0.624891
  5 42 -2.48924
  6 42 0.215617
  7 42 -0.87817
  8 42 -1.12875
  9 42 -0.0758808
  10 42 0.851418
  11 42 2.37778
  12 42 -0.0979977
  13 42 -1.81563
  14 42 -1.64671
  15 42 -0.429938
  16 42 -0.732327
  17 42 0.810462
  18 42 0.482225
  19 42 -4.15665
  20 42 0.634595
4600 20 840
  1 42 2.07362
  2 42 -0.857155
  3 42 1.31076
  4 42 -2.52941
  5 42 1.20766
  6 42 0.786011
  7 42 1.08187
  8 42 0.258369
  9 42 2.35424
  10 42 -3.28777
  11 42 2.25917
  12 42 0.157124
  13 42 0.813814
  14 42 -1.2507
  15 42 1.1862
  16 42 0.799362
  17 42 -0.511658
  18 42 0.17002
  19 42 1.56494
  20 42 -0.208667
4700 20 840
  1 42 -0.690671
  2 42 -0.169195
  3 42 2.95969
  4 42 0.185261
  5 42 -0.714335
  6 42 0.505033
  7 42 0.230771
  8 42 -1.56307
  9 42 -1.19852
  10 42 -2.44505
  11 42 1.24955
  12 42 -1.88127
  13 42 2.08558
  14 42 0.0627041
  15 42 -0.371493
  16 42 -0.592016
  17 42 0.205827
  18 42 1.11155
  19 42 0.160391
  20 42 -1.6408
4800 20 840
  1 42 -0.495438
  2 42 0.0160922
  3 42 -0.795393
  4 42 2.35101
  5 42 1.26998
  6 42 -1.51204
  7 42 1.23722
  8 42 -1.9652
  9 42 -0.37002
  10 42 -0.186849
  11 42 0.55159
  12 42 -2.14019
  13 42 -0.0379712
  14 42 -1.18123
  15 42 -0.795639
  16 42 -1.11203
  17 42 -1.41303
  18 42 -1.73022
  19 42 1.93049
  20 42 -1.11913
4900 20 840
  1 42 -1.56557
  2 42 -2.41969
  3 42 0.242839
  4 42 0.753394
  5 42 -1.84674
  6 42 -1.32148
  7 42 -0.0797593
  8 42 0.138455
  9 42 -1.60052
  10 42 0.304167
  11 42 -1.88834
  12 42 -0.296599
  13 42 0.621602
  14 42 -1.0027
  15 42 0.163716
  16 42 -0.0544276
  17 42 -0.137576
  18 42 1.36194
  19 42 1.86556
  20 42 -3.40319
5000 20 840
  1 42 -0.978089
  2 42 -2.14582
  3 42 -1.7248
  4 42 0.881205
  5 42 -5.90064
  6 42 -0.157567
  7 42 -1.49587
  8 42 0.215757
  9 42 0.983082
  10 42 -1.17844
  11 42 -3.02797
  12 42 -1.28395
  13 42 -1.34945
  14 42 -0.760418
  15 42 -1.54377
  16 42 -0.500344
  17 42 -2.0168
  18 42 -0.667486
  19 42 -4.17008
  20 42 0.972546
5100 20 840
  1 42 0.9394
  2 42 -3.33575
  3 42 -0.667485
  4 42 -0.324408
  5 42 -1.02697
  6 42 -1.31608
  7 42 -0.264354
  8 42 0.141542
  9 42 -0.463986
  10 42 -2.09813
  11 42 -1.08438
  12 42 0.488244
  13 42 -1.44038
  14 42 0.0388296
  15 42 -0.603977
  16 42 -0.617061
  17 42 0.743284
  18 42 0.226553
  19 42 -1.70805
  20 42 -0.191283
5200 20 840
  1 42 0.492599
  2 42 -0.382358
  3 42 -0.994806
  4 42 0.557715
  5 42 0.821377
  6 42 0.453879
  7 42 -3.89705
  8 42 -0.762394
  9 42 -0.654657
  10 42 0.167793
  11 42 -1.37607
  12 42 0.612716
  13 42 -0.618138
  14 42 1.66168
  15 42 -0.345741
  16 42 -0.37854
  17 42 1.38121
  18 42 -2.30178
  19 42 0.370778
  20 42 1.65316
5300 20 840
  1 42 -2.92868
  2 42 -0.570421
  3 42 -1.80772
  4 42 2.50166
  5 42 -3.51363
  6 42 -0.0549914
  7 42 -4.6376
  8 42 -0.633402
  9 42 0.45893
  10 42 0.267892
  11 42 -1.55884
  12 42 -0.948875
  13 42 -0.384399
  14 42 -0.366225
  15 42 -1.01345
  16 42 0.24818
  17 42 -0.259562
  18 42 -2.08385
  19 42 -2.49382
  20 42 1.3115
5400 20 840
  1 42 -0.59802
  2 42 -0.691883
  3 42 -1.59773
  4 42 -1.72646
  5 42 -0.496443
  6 42 -0.132592
  7 42 -0.521213
  8 42 -1.15584
  9 42 -1.61936
  10 42 -0.799098
  11 42 -1.52623
  12 42 0.537523
  13 42 -1.85713
  14 42 -0.899014
  15 42 -2.75675
  16 42 0.26131
  17 42 1.03045
  18 42 -0.874495
  19 42 2.14074
  20 42 -0.577913
5500 20 840
  1 42 -1.88748
  2 42 -1.64057
  3 42 -0.936679
  4 42 -2.0051
  5 42 -2.6209
  6 42 -1.48278
  7 42 -2.19074
  8 42 -1.80443
  9 42 -0.307016
  10 42 -0.445309
  11 42 -1.97188
  12 42 0.46695
  13 42 -2.13139
  14 42 -1.07326
  15 42 -0.00169803
  16 42 0.157108
  17 42 0.990351
  18 42 -0.339341
  19 42 -0.37308
  20 42 -0.898164
5600 20 840
  1 42 -1.15221
  2 42 0.973668
  3 42 -0.274219
  4 42 0.0213934
  5 42 -0.0772557
  6 42 0.623898
  7 42 0.199586
  8 42 -1.90488
  9 42 -0.103479
  10 42 3.05216
  11 42 -1.9188
  12 42 -0.727726
  13 42 -1.13428
  14 42 -1.05355
  15 42 0.731063
  16 42 0.0245514
  17 42 1.07834
  18 42 -1.52204
  19 42 0.373792
  20 42 0.0492003
5700 20 840
  1 42 -0.780365
  2 42 1.46788
  3 42 2.12618
  4 42 -2.91188
  5 42 3.92912
  6 42 -0.258354
  7 42 -1.0624
  8 42 0.211041
  9 42 3.23391
  10 42 -2.08159
  11 42 1.50479
  12 42 -0.606274
  13 42 -0.941904
  14 42 -0.669143
  15 42 1.43391
  16 42 -1.10702
  17 42 0.472776
  18 42 -0.420229
  19 42 1.39624
  20 42 1.00035
5800 20 840
  1 42 -0.14331
  2 42 1.03638
  3 42 0.752014
  4 42 -2.96586
  5 42 -0.466304
  6 42 -2.80703
  7 42 0.835334
  8 42 0.422422
  9 42 1.40826
  10 42 -3.24148
  11 42 1.34122
  12 42 -0.301652
  13 42 -0.914173
  14 42 -2.29401
  15 42 -0.374333
  16 42 -0.17958
  17 42 -0.0618175
  18 42 -1.53937
  19 42 -2.95953
  20 42 -1.09956
5900 20 840
  1 42 -0.426245
  2 42 -0.905954
  3 42 1.98233
  4 42 0.517171
  5 42 0.74213
  6 42 2.61522
  7 42 -1.24735
  8 42 -0.262808
  9 42 0.541917
  10 42 -0.711234
  11 42 -0.545553
  12 42 -0.464005
  13 42 0.188949
  14 42 0.115214
  15 42 -0.0276438
  16 42 0.509658
  17 42 -1.20756
  18 42 0.207711
  19 42 -0.637399
  20 42 1.00431
6000 20 840
  1 42 1.53947
  2 42 -1.44156
  3 42 0.0756042
  4 42 0.636491
  5 42 -0.0598223
  6 42 0.595005
  7 42 2.11756
  8 42 -0.068153
  9 42 -0.43526
  10 42 -0.155172
  11 42 1.4728
  12 42 -0.868023
  13 42 0.595885
  14 42 -0.636185
  15 42 -1.50474
  16 42 0.536285
  17 42 -1.12722
  18 42 -0.186632
  19 42 -1.61958
  20 42 0.393199
6100 20 840
  1 42 2.07015
  2 42 0.411185
  3 42 0.895405
  4 42 -1.99893
  5 42 3.67966
  6 42 1.77087
  7 42 1.36835
  8 42 -1.47368
  9 42 -0.272107
  10 42 -1.43167
  11 42 -0.251737
  12 42 1.93916
  13 42 1.07169
  14 42 0.416498
  15 42 1.72056
  16 42 -0.717727
  17 42 -0.145682
  18 42 0.827574
  19 42 2.64984
  20 42 -1.49459
6200 20 840
  1 42 1.16032
  2 42 -0.788279
  3 42 3.81264
  4 42 0.744163
  5 42 1.24625
  6 42 0.322551
  7 42 2.178
  8 42 1.32715
  9 42 -1.16222
  10 42 0.236947
  11 42 -0.255923
  12 42 -0.399292
  13 42 -1.00057
  14 42 -0.822097
  15 42 0.63205
  16 42 -1.33089
  17 42 0.574427
  18 42 -0.716246
  19 42 3.64478
  20 42 -0.499005
6300 20 840
  1 42 2.00794
  2 42 1.41168
  3 42 -0.351418
  4 42 0.812372
  5 42 -1.62536
  6 42 0.834892
  7 42 -0.991753
  8 42 1.14764
  9 42 1.91274
  10 42 1.60718
  11 42 1.80244
  12 42 1.60044
  13 42 0.923498
  14 42 0.0490853
  15 42 -0.181661
  16 42 -0.84864
  17 42 -0.93386
  18 42 -0.335919
  19 42 0.647672
  20 42 -0.86936
6400 20 840
  1 42 0.239116
  2 42 2.52935
  3 42 1.67827
  4 42 -0.0740649
  5 42 1.02902
  6 42 0.304271
  7 42 1.19477
  8 42 -0.551456
  9 42 3.68287
  10 42 -1.62156
  11 42 0.62556
  12 42 1.58775
  13 42 -0.813106
  14 42 1.02354
  15 42 -1.14546
  16 42 0.568769
  17 42 -1.80294
  18 42 0.0115244
  19 42 -1.73435
  20 42 -0.374116
6500 20 840
  1 42 -0.682621
  2 42 0.661678
  3 42 -0.943851
  4 42 1.02498
  5 42 -2.05427
  6 42 -0.215032
  7 42 -0.181008
  8 42 0.877313
  9 42 0.026909
  10 42 0.804234
  11 42 1.26242
  12 42 -1.02246
  13 42 0.248928
  14 42 0.100248
  15 42 -2.17044
  16 42 -0.688713
  17 42 0.215675
  18 42 0.41925
  19 42 -0.46142
  20 42 1.4444
6600 20 840
  1 42 -0.224791
  2 42 1.19985
  3 42 -0.322205
  4 42 1.24032
  5 42 -1.47766
  6 42 -0.274028
  7 42 -1.07819
  8 42 1.02794
  9 42 -3.697
  10 42 0.227979
  11 42 0.256611
  12 42 0.822343
  13 42 0.366911
  14 42 0.657372
  15 42 0.165011
  16 42 0.868085
  17 42 -0.737011
  18 42 -0.241762
  19 42 -3.13549
  20 42 -1.40747
6700 20 840
  1 42 -0.71635
  2 42 -1.42385
  3 42 0.0444982
  4 42 -0.466383
  5 42 -4.70155
  6 42 -2.4933
  7 42 0.552361
  8 42 1.56054
  9 42 1.32635
  10 42 0.477351
  11 42 -0.706347
  12 42 1.05398
  13 42 -0.818212
  14 42 -1.03524
  15 42 0.170161
  16 42 -0.258625
  17 42 1.26272
  18 42 0.446707
  19 42 0.373376
  20 42 0.241204
6800 20 840
  1 42 -0.879795
  2 42 0.3624
  3 42 -0.0401732
  4 42 0.257792
  5 42 -1.82652
  6 42 -0.847476
  7 42 0.336055
  8 42 -0.299558
  9 42 1.64174
  10 42 0.317122
  11 42 -1.34952
  12 42 -1.25975
  13 42 0.564181
  14 42 0.108242
  15 42 0.184595
  16 42 -0.48278
  17 42 -0.469973
  18 42 0.972694
  19 42 -0.77658
  20 42 2.47632
6900 20 840
  1 42 -3.876
  2 42 -1.50564
  3 42 0.546474
  4 42 1.76475
  5 42 -0.667955
  6 42 -1.69726
  7 42 0.643148
  8 42 -1.69039
  9 42 0.935182
  10 42 -1.55222
  11 42 -1.98709
  12 42 -0.42169
  13 42 -1.92411
  14 42 -1.10492
  15 42 -0.189929
  16 42 0.496741
  17 42 0.681895
  18 42 -1.5396
  19 42 0.027525
  20 42 0.450356
7000 20 840
  1 42 -2.35152
  2 42 -0.428543
  3 42 2.04065
  4 42 -3.62162
  5 42 -0.244532
  6 42 -0.594489
  7 42 0.49625
  8 42 -1.55097
  9 42 1.90297
  10 42 -1.66305
  11 42 -0.734743
  12 42 -0.795459
  13 42 -0.396199
  14 42 -2.52082
  15 42 -0.101447
  16 42 -0.080986
  17 42 0.28191
  18 42 -0.315084
  19 42 2.08466
  20 42 -0.781186
7100 20 840
  1 42 -0.118141
  2 42 -1.88467
  3 42 -1.5393
  4 42 1.56042
  5 42 0.14389
  6 42 -0.290496
  7 42 -0.404692
  8 42 -1.63645
  9 42 3.07304
  10 42 -2.22157
  11 42 -1.2641
  12 42 -2.59798
  13 42 0.662192
  14 42 -0.76572
  15 42 1.2441
  16 42 -0.725712
  17 42 0.568178
  18 42 -0.265468
  19 42 1.6349
  20 42 -0.683623
7200 20 840
  1 42 -1.2783
  2 42 -0.839144
  3 42 2.31424
  4 42 0.281718
  5 42 3.7965
  6 42 -1.27412
  7 42 -0.0580323
  8 42 -0.831854
  9 42 -3.40176
  10 42 -1.70983
  11 42 -2.21103
  12 42 -2.9495
  13 42 -1.5761
  14 42 0.232735
  15 42 -0.763901
  16 42 0.13415
  17 42 -0.100383
  18 42 -0.674874
  19 42 -2.2942
  20 42 0.396923
7300 20 840
  1 42 2.67005
  2 42 -0.708169
  3 42 -2.28789
  4 42 1.07316
  5 42 0.697378
  6 42 2.37754
  7 42 -4.40545
  8 42 -1.28979
  9 42 0.15705
  10 42 -1.23701
  11 42 -1.42894
  12 42 0.203318
  13 42 -1.01558
  14 42 -1.56211
  15 42 -1.66322
  16 42 -1.18593
  17 42 -0.810496
  18 42 -0.386921
  19 42 -2.053
  20 42 -2.16817
7400 20 840
  1 42 0.515159
  2 42 0.215024
  3 42 3.03201
  4 42 -0.742008
  5 42 -1.69864
  6 42 2.02639
  7 42 -2.01461
  8 42 0.554901
  9 42 0.525248
  10 42 -2.03655
  11 42 -2.20853
  12 42 0.483101
  13 42 -0.348163
  14 42 -0.723163
  15 42 -0.460061
  16 42 1.19309
  17 42 0.353652
  18 42 0.468058
  19 42 -2.31028
  20 42 0.585111
7500 20 840
  1 42 0.701715
  2 42 -1.1617
  3 42 1.70275
  4 42 0.389685
  5 42 -1.75893
  6 42 0.514933
  7 42 -2.43176
  8 42 0.561855
  9 42 0.773233
  10 42 -1.60188
  11 42 0.280718
  12 42 -0.856825
  13 42 -0.745568
  14 42 -0.428486
  15 42 -1.68942
  16 42 -0.478202
  17 42 0.241221
  18 42 -0.66139
  19 42 0.347892
  20 42 -0.003211
7600 20 840
  1 42 2.45361
  2 42 -0.35262
  3 42 3.27885
  4 42 -0.912639
  5 42 2.41735
  6 42 0.649017
  7 42 -1.81913
  8 42 -0.299547
  9 42 -0.517266
  10 42 0.475806
  11 42 2.39022
  12 42 1.36709
  13 42 1.08269
  14 42 -0.00404964
  15 42 0.574392
  16 42 -1.2905
  17 42 3.22743
  18 42 0.491315
  19 42 3.09527
  20 42 -3.88004
7700 20 840
  1 42 -1.95265
  2 42 1.54591
  3 42 2.13097
  4 42 0.320783
  5 42 -0.898522
  6 42 4.6379
  7 42 -1.99903
  8 42 0.154586
  9 42 -0.469565
  10 42 0.518221
  11 42 -1.44501
  12 42 -0.109157
  13 42 -0.452054
  14 42 0.13585
  15 42 0.684799
  16 42 -0.663878
  17 42 2.92933
  18 42 -1.41286
  19 42 0.896222
  20 42 0.274522
7800 20 840
  1 42 -0.688285
  2 42 0.0240781
  3 42 1.05516
  4 42 -0.872102
  5 42 -2.57899
  6 42 -0.0546394
  7 42 1.63177
  8 42 1.48262
  9 42 0.221758
  10 42 0.315204
  11 42 2.18057
  12 42 -0.875505
  13 42 -2.35175
  14 42 -0.835793
  15 42 -0.510634
  16 42 1.18747
  17 42 -2.68158
  18 42 -1.36058
  19 42 -0.0663405
  20 42 0.84405
7900 20 840
  1 42 0.287218
  2 42 0.454966
  3 42 0.290118
  4 42 -0.491257
  5 42 0.132851
  6 42 -0.310795
  7 42 -1.32514
  8 42 -0.61863
  9 42 -0.341863
  10 42 -0.521449
  11 42 1.07726
  12 42 2.35441
  13 42 -0.467339
  14 42 -0.332361
  15 42 2.1743
  16 42 -0.406294
  17 42 1.00207
  18 42 -2.48166
  19 42 -0.222534
  20 42 -0.227739
8000 20 840
  1 42 0.16754
  2 42 -0.826442
  3 42 1.38555
  4 42 0.352326
  5 42 -0.221671
  6 42 0.845102
  7 42 -0.453336
  8 42 0.184527
  9 42 -3.76363
  10 42 -0.710623
  11 42 0.987112
  12 42 1.13921
  13 42 -0.580525
  14 42 0.0293077
  15 42 2.70326
  16 42 -0.560241
  17 42 -1.49573
  18 42 -0.868304
  19 42 -0.467485
  20 42 -0.0659763
8100 20 840
  1 42 -2.12858
  2 42 -0.0784919
  3 42 -0.0215557
  4 42 -0.00493252
  5 42 1.749
  6 42 0.193041
  7 42 -0.426467
  8 42 0.724049
  9 42 3.02068
  10 42 0.266609
  11 42 1.42008
  12 42 0.623252
  13 42 0.121984
  14 42 -0.760982
  15 42 -0.667634
  16 42 0.0804443
  17 42 1.53774
  18 42 -3.5436
  19 42 -0.572366
  20 42 0.649629
8200 20 840
  1 42 -0.600867
  2 42 -0.358129
  3 42 0.993299
  4 42 -0.205233
  5 42 1.79995
  6 42 -2.90144
  7 42 3.37029
  8 42 -0.0864936
  9 42 3.09904
  10 42 -0.918887
  11 42 0.953311
  12 42 0.59125
  13 42 -2.8125
  14 42 -1.9966
  15 42 1.88155
  16 42 -0.542276
  17 42 -2.64969
  18 42 1.55101
  19 42 -0.00786128
  20 42 -0.110918
8300 20 840
  1 42 -2.69394
  2 42 -2.47687
  3 42 -1.06663
  4 42 0.348723
  5 42 -2.54599
  6 42 -1.94277
  7 42 -0.469436
  8 42 -0.447523
  9 42 1.73044
  10 42 2.24862
  11 42 -1.91866
  12 42 -1.80228
  13 42 0.770877
  14 42 -0.757217
  15 42 -1.8106
  16 42 1.25062
  17 42 1.51037
  18 42 0.134744
  19 42 -1.95003
  20 42 0.606944
8400 20 840
  1 42 0.16527
  2 42 0.232684
  3 42 -0.631697
  4 42 1.79481
  5 42 0.34573
  6 42 1.24619
  7 42 -0.380224
  8 42 -0.663568
  9 42 0.143652
  10 42 -0.425559
  11 42 -0.989079
  12 42 0.405365
  13 42 0.393639
  14 42 2.8368
  15 42 -0.0748387
  16 42 -0.824982
  17 42 -0.24332
  18 42 2.39557
  19 42 4.24797
  20 42 -1.31352
8500 20 840
  1 42 -0.944366
  2 42 -1.59075
  3 42 0.907377
  4 42 -0.780267
  5 42 2.31617
  6 42 -1.86632
  7 42 2.92222
  8 42 -0.083905
  9 42 1.55934
  10 42 0.439709
  11 42 -0.947078
  12 42 0.31218
  13 42 -0.252737
  14 42 0.834205
  15 42 -2.47213
  16 42 -0.123432
  17 42 1.59283
  18 42 1.69444
  19 42 0.46167
  20 42 0.322276
8600 20 840
  1 42 1.07128
  2 42 1.97526
  3 42 -0.968326
  4 42 -0.00819175
  5 42 -0.30932
  6 42 1.33587
  7 42 -1.76886
  8 42 1.22529
  9 42 0.650969
  10 42 0.777555
  11 42 -1.28926
  12 42 -0.157122
  13 42 -0.573237
  14 42 0.590593
  15 42 -0.966059
  16 42 -1.60215
  17 42 0.733074
  18 42 2.92954
  19 42 -1.65407
  20 42 -0.168063
8700 20 840
  1 42 1.813
  2 42 0.472265
  3 42 1.71547
  4 42 0.473299
  5 42 -0.599556
  6 42 -0.776772
  7 42 0.196272
  8 42 0.369396
  9 42 0.676954
  10 42 -0.582573
  11 42 0.634503
  12 42 0.0992777
  13 42 -2.30951
  14 42 -1.64124
  15 42 -2.29114
  16 42 0.620804
  17 42 0.162193
  18 42 0.00212722
  19 42 -2.94256
  20 42 2.4999
8800 20 840
  1 42 1.5964
  2 42 0.756346
  3 42 -0.404266
  4 42 -2.17782
  5 42 -0.418878
  6 42 0.249064
  7 42 -0.846454
  8 42 -1.06734
  9 42 1.84628
  10 42 -3.57812
  11 42 2.06507
  12 42 1.6899
  13 42 1.5698
  14 42 0.0069449
  15 42 -3.75406
  16 42 0.609284
  17 42 -0.850528
  18 42 0.858779
  19 42 -1.23145
  20 42 -0.415957
8900 20 840
  1 42 0.970103
  2 42 0.413987
  3 42 2.48976
  4 42 1.76554
  5 42 -2.17706
  6 42 0.455719
  7 42 -0.936446
  8 42 -2.32656
  9 42 -0.24386
  10 42 -2.59845
  11 42 -1.3319
  12 42 -0.75612
  13 42 -0.402459
  14 42 0.545379
  15 42 -1.13804
  16 42 -1.11413
  17 42 -0.432491
  18 42 -1.30014
  19 42 0.555446
  20 42 0.061159
9000 20 840
  1 42 -1.9762
  2 42 -0.731149
  3 42 0.134463
  4 42 -1.51884
  5 42 -0.794162
  6 42 -3.5012
  7 42 -0.199108
  8 42 0.594844
  9 42 -1.88492
  10 42 1.57324
  11 42 0.914067
  12 42 -0.976768
  13 42 1.28018
  14 42 -0.0804326
  15 42 0.637315
  16 42 -0.261621
  17 42 0.683741
  18 42 -1.53856
  19 42 2.61558
  20 42 -1.08307
9100 20 840
  1 42 0.491392
  2 42 -1.71131
  3 42 1.34677
  4 42 -2.10348
  5 42 -0.371287
  6 42 -1.03678
  7 42 -0.955049
  8 42 -0.704155
  9 42 0.460662
  10 42 -1.44696
  11 42 -0.710699
  12 42 0.503942
  13 42 0.481749
  14 42 -1.52775
  15 42 -1.38305
  16 42 -0.672824
  17 42 0.184748
  18 42 -1.35133
  19 42 -0.108288
  20 42 -3.37292
9200 20 840
  1 42 0.0238727
  2 42 -0.47861
  3 42 2.03324
  4 42 -2.82909
  5 42 1.80807
  6 42 -0.967522
  7 42 0.959101
  8 42 0.715198
  9 42 0.562027
  10 42 -2.67086
  11 42 0.706956
  12 42 0.220628
  13 42 -0.327511
  14 42 0.234993
  15 42 0.185238
  16 42 0.255478
  17 42 0.083626
  18 42 -1.69463
  19 42 -0.00697854
  20 42 1.28789
9300 20 840
  1 42 -0.735954
  2 42 0.225252
  3 42 0.889494
  4 42 0.232329
  5 42 1.00762
  6 42 0.375269
  7 42 -1.08581
  8 42 -0.903797
  9 42 -1.67238
  10 42 -1.24719
  11 42 -0.0656134
  12 42 -1.08101
  13 42 0.112316
  14 42 -0.67362
  15 42 -1.48857
  16 42 0.188537
  17 42 -2.51805
  18 42 -0.440498
  19 42 -1.47592
  20 42 -0.793582
9400 20 840
  1 42 -0.762734
  2 42 -1.03011
  3 42 0.219364
  4 42 -0.722336
  5 42 0.237845
  6 42 -1.13496
  7 42 -2.07038
  8 42 0.752839
  9 42 -1.2721
  10 42 -2.96918
  11 42 -1.65176
  12 42 0.293687
  13 42 -1.36568
  14 42 -1.07899
  15 42 0.0952066
  16 42 0.358912
  17 42 -1.75683
  18 42 -3.7883
  19 42 -0.0520553
  20 42 -0.98486
9500 20 840
  1 42 -1.16729
  2 42 -0.764153
  3 42 -2.76905
  4 42 -1.12081
  5 42 -1.57893
  6 42 1.27003
  7 42 -1.51599
  8 42 0.472685
  9 42 -0.14835
  10 42 -0.960222
  11 42 0.875969
  12 42 -0.520777
  13 42 1.40695
  14 42 -0.385536
  15 42 -1.41905
  16 42 0.126545
  17 42 1.65493
  18 42 -1.31901
  19 42 -0.502238
  20 42 1.20085
9600 20 840
  1 42 -1.03812
  2 42 -1.08854
  3 42 -4.33498
  4 42 0.559621
  5 42 0.653639
  6 42 0.703657
  7 42 -0.740632
  8 42 -0.268339
  9 42 -1.63234
  10 42 -0.201292
  11 42 -0.475888
  12 42 -1.88428
  13 42 -1.16152
  14 42 -0.125219
  15 42 -0.611987
  16 42 -1.5366
  17 42 -1.36264
  18 42 0.0503801
  19 42 -0.474558
  20 42 1.29234
9700 20 840
  1 42 -1.15617
  2 42 0.511404
  3 42 0.239815
  4 42 0.86569
  5 42 1.33613
  6 42 -0.435707
  7 42 -2.47906
  8 42 -0.24602
  9 42 0.630424
  10 42 2.60446
  11 42 -1.7183
  12 42 -0.34486
  13 42 -1.36066
  14 42 -0.782132
  15 42 0.358995
  16 42 0.79202
  17 42 0.39669
  18 42 -0.661514
  19 42 -1.13157
  20 42 1.77378
9800 20 840
  1 42 0.678419
  2 42 0.32714
  3 42 -1.76564
  4 42 0.142308
  5 42 -1.04109
  6 42 1.00759
  7 42 -0.333248
  8 42 1.15787
  9 42 1.56899
  10 42 1.65548
  11 42 -1.6489
  12 42 -0.276908
  13 42 0.899067
  14 42 0.14876
  15 42 0.0341726
  16 42 -0.437503
  17 42 0.301569
  18 42 0.515542
  19 42 3.17362
  20 42 1.11471
9900 20 840
  1 42 -1.81254
  2 42 0.240756
  3 42 2.97088
  4 42 -1.1062
  5 42 0.194341
  6 42 -0.883237
  7 42 0.186443
  8 42 1.21815
  9 42 -0.199904
  10 42 -0.873122
  11 42 -1.3606
  12 42 0.59016
  13 42 -1.15181
  14 42 0.457444
  15 42 -1.44498
  16 42 1.05167
  17 42 2.34647
  18 42 0.450604
  19 42 0.112762
  20 42 1.34807
10000 20 840
  1 42 1.52333
  2 42 -1.01076
  3 42 0.116739
  4 42 1.1917
  5 42 1.07101
  6 42 -1.41834
  7 42 -0.0549672
  8 42 0.562505
  9 42 0.292888
  10 42 1.9343
  11 42 3.5287
  12 42 0.491575
  13 42 -0.998509
  14 42 0.420824
  15 42 -0.218963
  16 42 -1.36538
  17 42 1.37034
  18 42 1.01843
  19 42 -1.15781
  20 42 -1.32846
