# Chunk-averaged data for fix sternForces and group all
# Timestep Number-of-chunks Total-count
# Chunk Ncount c_sternComp
0 20 840
  1 42 -0.190759
  2 42 -0.190759
  3 42 -0.190759
  4 42 -0.190759
  5 42 -0.190759
  6 42 -0.190759
  7 42 -0.190759
  8 42 -0.190759
  9 42 -0.190759
  10 42 -0.190759
  11 42 -0.190759
  12 42 -0.190759
  13 42 -0.190759
  14 42 -0.190759
  15 42 -0.190759
  16 42 -0.190759
  17 42 -0.190759
  18 42 -0.190759
  19 42 -0.190759
  20 42 -0.190759
100 20 840
  1 42 0.726816
  2 42 -0.324006
  3 42 -1.02086
  4 42 -0.861092
  5 42 -0.284782
  6 42 0.024804
  7 42 -0.673475
  8 42 1.23366
  9 42 1.86698
  10 42 -0.14849
  11 42 -0.38123
  12 42 -0.510811
  13 42 1.51045
  14 42 0.698982
  15 42 -1.73861
  16 42 -1.19556
  17 42 0.29612
  18 42 1.09498
  19 42 -0.0815093
  20 42 1.77628
200 20 840
  1 42 -0.123612
  2 42 0.841493
  3 42 0.948433
  4 42 -1.50855
  5 42 0.306354
  6 42 -1.42139
  7 42 0.904984
  8 42 0.384102
  9 42 0.67216
  10 42 2.11661
  11 42 0.13571
  12 42 -0.775944
  13 42 -0.951208
  14 42 -0.793855
  15 42 1.37032
  16 42 0.033249
  17 42 0.321018
  18 42 -0.638243
  19 42 2.02133
  20 42 0.587594
300 20 840
  1 42 0.261111
  2 42 -1.20864
  3 42 -3.03243
  4 42 0.0573403
  5 42 -3.66575
  6 42 -0.946924
  7 42 -1.82879
  8 42 1.43968
  9 42 -1.71088
  10 42 2.7585
  11 42 -0.0922626
  12 42 -0.293252
  13 42 2.31846
  14 42 -0.368592
  15 42 -1.10167
  16 42 -2.77068
  17 42 1.43448
  18 42 0.565006
  19 42 1.25364
  20 42 -1.54276
400 20 840
  1 42 -0.5007
  2 42 -0.499894
  3 42 -0.0741901
  4 42 1.35606
  5 42 0.861573
  6 42 -0.777286
  7 42 -0.643417
  8 42 0.557978
  9 42 0.442908
  10 42 -0.177488
  11 42 0.0958497
  12 42 -0.403464
  13 42 0.114688
  14 42 -0.728578
  15 42 0.480952
  16 42 -1.87493
  17 42 0.630532
  18 42 0.0976869
  19 42 0.410231
  20 42 -0.576667
500 20 840
  1 42 -1.58538
  2 42 0.491888
  3 42 -1.18224
  4 42 0.927047
  5 42 0.54621
  6 42 -1.59685
  7 42 -1.60736
  8 42 -0.385274
  9 42 -2.56562
  10 42 0.899629
  11 42 -0.338932
  12 42 1.80387
  13 42 -2.10685
  14 42 -0.37485
  15 42 -0.495705
  16 42 0.112444
  17 42 -0.521669
  18 42 -1.29793
  19 42 -1.10035
  20 42 0.622787
600 20 840
  1 42 -1.8368
  2 42 -1.26275
  3 42 1.3446
  4 42 0.517602
  5 42 -3.20465
  6 42 -0.66694
  7 42 -0.359174
  8 42 1.63874
  9 42 -0.929222
  10 42 -1.92302
  11 42 -1.0169
  12 42 -0.431397
  13 42 1.17028
  14 42 -1.01512
  15 42 0.129578
  16 42 0.759895
  17 42 -1.47417
  18 42 1.11087
  19 42 -0.0478684
  20 42 0.584356
700 20 840
  1 42 -2.03582
  2 42 -0.288481
  3 42 1.78103
  4 42 0.403038
  5 42 -0.881432
  6 42 -0.761934
  7 42 -0.617864
  8 42 -0.678518
  9 42 0.522841
  10 42 -1.28959
  11 42 -1.1408
  12 42 -0.230992
  13 42 0.235727
  14 42 -0.931814
  15 42 0.68396
  16 42 0.715736
  17 42 0.183655
  18 42 -0.747768
  19 42 -2.8927
  20 42 0.50356
800 20 840
  1 42 -0.101973
  2 42 -1.79972
  3 42 -2.461
  4 42 -1.28539
  5 42 2.47116
  6 42 0.050613
  7 42 1.56674
  8 42 -2.15059
  9 42 0.464433
  10 42 0.331084
  11 42 -0.802784
  12 42 -0.200814
  13 42 0.226916
  14 42 1.23549
  15 42 -2.23379
  16 42 1.2198
  17 42 -0.956206
  18 42 -1.24978
  19 42 -0.682986
  20 42 -0.237136
900 20 840
  1 42 -0.959071
  2 42 -0.619313
  3 42 0.50105
  4 42 -0.574045
  5 42 1.87502
  6 42 -0.0242692
  7 42 0.901674
  8 42 -1.71779
  9 42 1.7748
  10 42 0.219019
  11 42 0.135825
  12 42 -0.10536
  13 42 0.03736
  14 42 -0.665352
  15 42 -0.974353
  16 42 1.26045
  17 42 0.457204
  18 42 -0.899454
  19 42 0.216206
  20 42 0.714097
1000 20 840
  1 42 0.361954
  2 42 0.00553869
  3 42 -0.587138
  4 42 0.582721
  5 42 -1.28042
  6 42 -0.583517
  7 42 -0.321396
  8 42 0.149229
  9 42 -0.681599
  10 42 0.606538
  11 42 -0.140653
  12 42 -1.568
  13 42 0.0653701
  14 42 -0.678256
  15 42 -0.096711
  16 42 0.454397
  17 42 -1.32157
  18 42 -0.72134
  19 42 -0.42568
  20 42 -0.112819
1100 20 840
  1 42 1.70789
  2 42 0.655831
  3 42 0.206125
  4 42 -2.39018
  5 42 1.90805
  6 42 -1.23709
  7 42 0.0683739
  8 42 -0.565112
  9 42 0.00421447
  10 42 -0.485933
  11 42 2.47854
  12 42 -0.58858
  13 42 -1.31765
  14 42 -0.149497
  15 42 -1.05298
  16 42 0.261409
  17 42 -1.45321
  18 42 1.2667
  19 42 0.428362
  20 42 1.05602
1200 20 840
  1 42 1.58663
  2 42 -0.0155631
  3 42 0.191958
  4 42 0.0833459
  5 42 2.5631
  6 42 0.816653
  7 42 -1.66583
  8 42 -0.86383
  9 42 -1.37291
  10 42 0.0819577
  11 42 1.26335
  12 42 0.97062
  13 42 -0.851097
  14 42 0.437297
  15 42 -0.181527
  16 42 -0.0281962
  17 42 -1.24714
  18 42 2.24312
  19 42 1.20037
  20 42 -0.916201
1300 20 840
  1 42 0.381678
  2 42 -1.11572
  3 42 -0.412959
  4 42 2.30703
  5 42 -2.07109
  6 42 -0.15817
  7 42 -2.04246
  8 42 0.282661
  9 42 -0.444676
  10 42 1.11117
  11 42 0.270484
  12 42 0.02435
  13 42 -0.816421
  14 42 -2.37025
  15 42 -1.37999
  16 42 -0.927378
  17 42 -2.78393
  18 42 0.120242
  19 42 -1.46594
  20 42 -1.72497
1400 20 840
  1 42 -1.10667
  2 42 0.226004
  3 42 1.48239
  4 42 -2.24848
  5 42 -1.5439
  6 42 -0.808591
  7 42 0.46684
  8 42 1.64777
  9 42 -2.24118
  10 42 -0.206958
  11 42 1.34976
  12 42 0.465487
  13 42 -1.53654
  14 42 -1.92573
  15 42 2.25794
  16 42 -0.649312
  17 42 -1.20636
  18 42 -0.57225
  19 42 1.87781
  20 42 -1.60268
1500 20 840
  1 42 0.368703
  2 42 0.50228
  3 42 -1.35961
  4 42 -1.64832
  5 42 0.0491034
  6 42 0.884003
  7 42 -0.984701
  8 42 0.662852
  9 42 -0.237873
  10 42 0.537666
  11 42 1.9074
  12 42 -0.752363
  13 42 1.91104
  14 42 2.31609
  15 42 -1.08874
  16 42 -0.629983
  17 42 -0.149871
  18 42 -0.192269
  19 42 0.35242
  20 42 0.882938
1600 20 840
  1 42 -1.91486
  2 42 0.221831
  3 42 -1.68226
  4 42 0.171616
  5 42 -1.50275
  6 42 -1.52325
  7 42 0.537023
  8 42 -1.51774
  9 42 -0.575566
  10 42 0.110751
  11 42 -1.07745
  12 42 -1.13268
  13 42 0.741405
  14 42 1.97186
  15 42 -0.411597
  16 42 -0.172883
  17 42 -1.82547
  18 42 -2.31539
  19 42 -1.38017
  20 42 2.35049
1700 20 840
  1 42 0.806757
  2 42 1.27888
  3 42 0.237709
  4 42 -1.54791
  5 42 -2.51211
  6 42 0.500995
  7 42 1.07956
  8 42 -0.863293
  9 42 -1.99447
  10 42 1.49683
  11 42 -0.591624
  12 42 1.452
  13 42 1.38606
  14 42 0.736292
  15 42 2.06457
  16 42 1.87688
  17 42 0.724064
  18 42 -1.67841
  19 42 0.753272
  20 42 0.548852
1800 20 840
  1 42 -1.11601
  2 42 -1.45574
  3 42 0.507992
  4 42 -0.146179
  5 42 -1.82076
  6 42 -1.97232
  7 42 0.639129
  8 42 -0.391909
  9 42 1.36548
  10 42 -0.360705
  11 42 -2.67932
  12 42 0.0708769
  13 42 0.356713
  14 42 -0.499471
  15 42 1.44669
  16 42 -1.35508
  17 42 -0.323628
  18 42 -0.0262579
  19 42 0.41819
  20 42 0.332214
1900 20 840
  1 42 1.07475
  2 42 -0.00755886
  3 42 -0.461668
  4 42 0.836512
  5 42 2.35526
  6 42 0.305501
  7 42 1.54123
  8 42 -1.06942
  9 42 -0.82149
  10 42 -2.05799
  11 42 -1.61403
  12 42 1.0968
  13 42 -1.78398
  14 42 1.02591
  15 42 -0.306883
  16 42 -1.5035
  17 42 -0.183941
  18 42 -1.26115
  19 42 -0.587011
  20 42 -0.643758
2000 20 840
  1 42 0.269074
  2 42 -0.744205
  3 42 -0.1468
  4 42 1.2331
  5 42 1.08035
  6 42 -0.368033
  7 42 -0.000308973
  8 42 0.0234191
  9 42 1.14308
  10 42 -2.17552
  11 42 -1.09566
  12 42 0.263585
  13 42 -0.241003
  14 42 0.17955
  15 42 -0.196962
  16 42 2.32105
  17 42 0.513245
  18 42 2.69284
  19 42 -1.68061
  20 42 0.908711
2100 20 840
  1 42 0.743764
  2 42 0.511067
  3 42 0.532542
  4 42 0.872368
  5 42 -0.598629
  6 42 -1.84299
  7 42 -1.34921
  8 42 0.470787
  9 42 0.399547
  10 42 0.312418
  11 42 1.82811
  12 42 -0.482799
  13 42 -1.92203
  14 42 -1.54911
  15 42 -1.10804
  16 42 -1.43944
  17 42 -0.256455
  18 42 1.53868
  19 42 -2.74261
  20 42 -0.262772
2200 20 840
  1 42 -0.539402
  2 42 -0.533871
  3 42 0.708951
  4 42 0.777993
  5 42 0.848813
  6 42 -0.464953
  7 42 0.351258
  8 42 0.313786
  9 42 0.312718
  10 42 1.60252
  11 42 -2.95451
  12 42 -1.98474
  13 42 -1.99253
  14 42 -0.159233
  15 42 -0.829853
  16 42 -1.579
  17 42 -0.708971
  18 42 0.491621
  19 42 0.723396
  20 42 -0.534397
2300 20 840
  1 42 0.552961
  2 42 0.519717
  3 42 0.940399
  4 42 0.00679664
  5 42 0.62794
  6 42 0.00840336
  7 42 -2.30964
  8 42 -0.654595
  9 42 1.84197
  10 42 1.43154
  11 42 4.55541
  12 42 -0.153569
  13 42 -0.36773
  14 42 1.34788
  15 42 -1.80736
  16 42 -0.332227
  17 42 0.428409
  18 42 -0.578373
  19 42 0.190472
  20 42 0.637302
2400 20 840
  1 42 -0.421885
  2 42 1.468
  3 42 -0.114712
  4 42 -0.0565413
  5 42 1.78167
  6 42 -0.51254
  7 42 0.133391
  8 42 0.0615919
  9 42 -1.3456
  10 42 -0.869644
  11 42 -0.186219
  12 42 -0.697724
  13 42 0.903183
  14 42 0.00370403
  15 42 0.898343
  16 42 0.376368
  17 42 -0.604489
  18 42 -0.992092
  19 42 0.695788
  20 42 -0.936321
2500 20 840
  1 42 0.351831
  2 42 -0.302465
  3 42 -0.0270094
  4 42 -0.966631
  5 42 -0.921988
  6 42 -1.62775
  7 42 -0.775046
  8 42 -0.109506
  9 42 0.539363
  10 42 1.17751
  11 42 -0.515487
  12 42 -0.836808
  13 42 -0.124837
  14 42 -0.995738
  15 42 0.223945
  16 42 0.486966
  17 42 -0.131935
  18 42 -0.145003
  19 42 -0.821542
  20 42 2.21246
2600 20 840
  1 42 1.99966
  2 42 -0.862902
  3 42 0.763155
  4 42 -1.80162
  5 42 0.21315
  6 42 0.761791
  7 42 0.731592
  8 42 0.306999
  9 42 -0.933053
  10 42 -2.53925
  11 42 1.28958
  12 42 0.696312
  13 42 -0.485495
  14 42 -0.30665
  15 42 0.0439066
  16 42 0.900611
  17 42 -2.81109
  18 42 -0.806361
  19 42 1.44625
  20 42 2.31331
2700 20 840
  1 42 -1.48592
  2 42 -0.093665
  3 42 -1.30356
  4 42 -0.286309
  5 42 -0.117608
  6 42 1.90056
  7 42 -0.933448
  8 42 -2.19781
  9 42 -0.501569
  10 42 -0.142647
  11 42 -2.54533
  12 42 1.04565
  13 42 -0.337182
  14 42 -0.172639
  15 42 -1.55215
  16 42 0.42306
  17 42 -2.04853
  18 42 -0.46718
  19 42 -1.85168
  20 42 0.422559
2800 20 840
  1 42 -0.197535
  2 42 -0.360241
  3 42 -1.44074
  4 42 0.286211
  5 42 -3.145
  6 42 -0.43718
  7 42 0.717458
  8 42 -1.0452
  9 42 -0.514509
  10 42 -0.429512
  11 42 0.587883
  12 42 0.289514
  13 42 -1.00527
  14 42 0.277166
  15 42 1.55148
  16 42 0.009344
  17 42 -1.82554
  18 42 -0.63304
  19 42 -0.249368
  20 42 -2.74717
2900 20 840
  1 42 0.213412
  2 42 0.712598
  3 42 0.138479
  4 42 -1.71517
  5 42 0.294864
  6 42 -0.897988
  7 42 0.788419
  8 42 0.897857
  9 42 0.211964
  10 42 0.193573
  11 42 1.93679
  12 42 -1.1614
  13 42 -0.395116
  14 42 -0.329076
  15 42 -0.349774
  16 42 0.110322
  17 42 -0.890948
  18 42 0.0362585
  19 42 -0.425883
  20 42 -0.681125
3000 20 840
  1 42 -0.0570727
  2 42 1.45733
  3 42 -0.127341
  4 42 0.176643
  5 42 0.861706
  6 42 -0.154779
  7 42 -0.214759
  8 42 -1.01172
  9 42 -0.792711
  10 42 1.44632
  11 42 0.789945
  12 42 -0.774516
  13 42 0.29312
  14 42 0.765415
  15 42 0.0513358
  16 42 0.457048
  17 42 -2.95536
  18 42 2.46865
  19 42 -0.332523
  20 42 -0.438058
3100 20 840
  1 42 1.36177
  2 42 -0.502896
  3 42 -0.729818
  4 42 1.56257
  5 42 -0.724863
  6 42 0.0736936
  7 42 -0.0127948
  8 42 -1.793
  9 42 -1.2836
  10 42 2.73683
  11 42 0.940958
  12 42 0.735829
  13 42 0.163417
  14 42 0.617078
  15 42 -0.945526
  16 42 -0.0511886
  17 42 -0.984382
  18 42 0.232012
  19 42 1.17325
  20 42 -1.28929
3200 20 840
  1 42 -1.82572
  2 42 -0.413322
  3 42 0.0754437
  4 42 -1.0939
  5 42 0.61077
  6 42 -0.800169
  7 42 1.01696
  8 42 1.81954
  9 42 -0.595506
  10 42 0.495976
  11 42 0.552996
  12 42 0.145434
  13 42 0.230143
  14 42 -1.34534
  15 42 0.336418
  16 42 1.72599
  17 42 -0.686976
  18 42 1.37396
  19 42 1.9862
  20 42 -1.3108
3300 20 840
  1 42 -0.80799
  2 42 0.838929
  3 42 -0.164641
  4 42 1.07713
  5 42 0.307935
  6 42 -0.861788
  7 42 -0.303637
  8 42 0.202518
  9 42 -0.831757
  10 42 0.890764
  11 42 2.01224
  12 42 0.318417
  13 42 -0.40677
  14 42 0.199666
  15 42 -0.968754
  16 42 -1.48678
  17 42 0.0656787
  18 42 -1.36479
  19 42 -1.25398
  20 42 0.0381356
3400 20 840
  1 42 -1.75548
  2 42 -0.626907
  3 42 0.0224446
  4 42 1.63958
  5 42 1.13878
  6 42 1.44615
  7 42 -0.802031
  8 42 -0.376779
  9 42 -0.367435
  10 42 -2.1069
  11 42 -1.90178
  12 42 -1.34233
  13 42 -0.0834312
  14 42 -0.0432065
  15 42 0.0676406
  16 42 2.08215
  17 42 -0.645191
  18 42 -0.933001
  19 42 -0.227251
  20 42 -0.0308654
3500 20 840
  1 42 -0.915252
  2 42 0.499481
  3 42 2.73397
  4 42 -0.536733
  5 42 0.484586
  6 42 0.178877
  7 42 -1.78769
  8 42 -0.912475
  9 42 -0.379071
  10 42 -0.355621
  11 42 0.794929
  12 42 0.742225
  13 42 -0.36431
  14 42 -1.48914
  15 42 -0.718103
  16 42 1.32396
  17 42 -1.83821
  18 42 -1.39413
  19 42 -0.0711887
  20 42 2.51119
3600 20 840
  1 42 -0.686041
  2 42 -0.302551
  3 42 0.360393
  4 42 1.23612
  5 42 -0.487794
  6 42 -2.04254
  7 42 0.377787
  8 42 -1.43758
  9 42 1.09009
  10 42 -0.131433
  11 42 -2.48439
  12 42 -1.71758
  13 42 0.0679838
  14 42 -0.885419
  15 42 -1.07162
  16 42 -2.00024
  17 42 -0.0240041
  18 42 -1.1553
  19 42 -2.13519
  20 42 -0.132059
3700 20 840
  1 42 -0.106717
  2 42 -0.996854
  3 42 -0.548322
  4 42 -0.132201
  5 42 2.1013
  6 42 0.397349
  7 42 0.0331041
  8 42 -1.46817
  9 42 -0.194982
  10 42 -0.0332811
  11 42 -0.886772
  12 42 0.384945
  13 42 1.05273
  14 42 1.20352
  15 42 -1.4742
  16 42 0.886451
  17 42 -0.387846
  18 42 0.135572
  19 42 1.31365
  20 42 -0.00645282
3800 20 840
  1 42 -0.721472
  2 42 0.649799
  3 42 -0.890717
  4 42 -0.860473
  5 42 0.400097
  6 42 -1.88533
  7 42 1.22715
  8 42 -1.64223
  9 42 0.197481
  10 42 -0.129401
  11 42 -0.806231
  12 42 0.544013
  13 42 -0.372939
  14 42 -1.04455
  15 42 -1.28962
  16 42 -0.274181
  17 42 0.0480262
  18 42 -1.09657
  19 42 0.820805
  20 42 0.0196827
3900 20 840
  1 42 0.874256
  2 42 0.154949
  3 42 -0.313025
  4 42 0.692222
  5 42 -0.306298
  6 42 -2.17868
  7 42 0.496116
  8 42 -0.197694
  9 42 0.411793
  10 42 0.581934
  11 42 0.82166
  12 42 -1.50147
  13 42 -0.0186216
  14 42 -1.13233
  15 42 0.178682
  16 42 -1.39717
  17 42 0.248285
  18 42 1.90855
  19 42 -0.179045
  20 42 -1.3547
4000 20 840
  1 42 -0.720931
  2 42 0.476266
  3 42 -1.41243
  4 42 -1.36131
  5 42 -1.01767
  6 42 -1.78105
  7 42 0.0693572
  8 42 0.165325
  9 42 -0.501691
  10 42 0.892175
  11 42 1.94819
  12 42 0.203239
  13 42 -0.556291
  14 42 0.126938
  15 42 2.61658
  16 42 -2.15464
  17 42 -0.299985
  18 42 1.57833
  19 42 0.0939744
  20 42 1.6711
4100 20 840
  1 42 0.241582
  2 42 0.340881
  3 42 -1.73245
  4 42 -0.0385692
  5 42 0.215401
  6 42 0.0469461
  7 42 -0.663184
  8 42 0.30958
  9 42 -1.38183
  10 42 -0.160379
  11 42 2.28631
  12 42 -2.34971
  13 42 -0.251724
  14 42 0.547458
  15 42 -1.84333
  16 42 1.49655
  17 42 -1.29489
  18 42 0.762168
  19 42 -0.821728
  20 42 -0.369232
4200 20 840
  1 42 -0.461896
  2 42 -0.348947
  3 42 -0.236925
  4 42 0.873124
  5 42 -1.58493
  6 42 0.285465
  7 42 -1.42372
  8 42 0.0507173
  9 42 -1.19256
  10 42 -0.151854
  11 42 -0.890672
  12 42 0.425335
  13 42 -1.18647
  14 42 0.374644
  15 42 0.408218
  16 42 -0.870343
  17 42 -1.47127
  18 42 0.0329172
  19 42 0.41264
  20 42 -0.703475
4300 20 840
  1 42 -0.00111759
  2 42 -0.929111
  3 42 0.681167
  4 42 -0.789142
  5 42 -2.1216
  6 42 -1.65355
  7 42 -0.703153
  8 42 1.58686
  9 42 1.0299
  10 42 -0.547876
  11 42 0.462115
  12 42 -0.0629094
  13 42 -0.416531
  14 42 -0.721099
  15 42 0.432016
  16 42 1.47973
  17 42 -2.75197
  18 42 -0.266354
  19 42 -0.19335
  20 42 0.281065
4400 20 840
  1 42 1.18367
  2 42 -0.272364
  3 42 0.836164
  4 42 -1.91878
  5 42 0.24209
  6 42 -0.84738
  7 42 -0.179077
  8 42 -0.266374
  9 42 -0.362297
  10 42 -0.920417
  11 42 0.181854
  12 42 -1.10299
  13 42 0.459487
  14 42 -0.913213
  15 42 0.246285
  16 42 1.65303
  17 42 -1.09427
  18 42 -0.803383
  19 42 -0.556178
  20 42 1.12547
4500 20 840
  1 42 1.26917
  2 42 0.258991
  3 42 0.748309
  4 42 -1.07431
  5 42 0.139359
  6 42 1.10307
  7 42 0.0210649
  8 42 -1.14571
  9 42 -0.622326
  10 42 2.16702
  11 42 -2.1918
  12 42 -0.129182
  13 42 0.327298
  14 42 0.188376
  15 42 -1.20307
  16 42 0.367875
  17 42 -0.939183
  18 42 -1.43848
  19 42 -0.384298
  20 42 1.90407
4600 20 840
  1 42 1.25079
  2 42 -2.13111
  3 42 -0.585961
  4 42 0.312043
  5 42 -1.80371
  6 42 -0.888542
  7 42 0.763983
  8 42 -1.35171
  9 42 -0.315198
  10 42 -0.340821
  11 42 -0.351192
  12 42 0.208711
  13 42 -0.898455
  14 42 -0.429311
  15 42 0.542699
  16 42 0.0342917
  17 42 -1.38019
  18 42 -0.773615
  19 42 0.164392
  20 42 -2.14301
4700 20 840
  1 42 -0.511693
  2 42 3.05678
  3 42 0.49972
  4 42 -1.61007
  5 42 0.533357
  6 42 -2.63564
  7 42 0.913962
  8 42 -1.08313
  9 42 -0.16441
  10 42 0.693356
  11 42 -0.330222
  12 42 1.08965
  13 42 -1.2531
  14 42 -0.794595
  15 42 0.306308
  16 42 -0.885387
  17 42 0.148307
  18 42 -1.66272
  19 42 -0.193289
  20 42 0.867634
4800 20 840
  1 42 0.253867
  2 42 -0.547641
  3 42 -0.684191
  4 42 1.78051
  5 42 1.91588
  6 42 -0.183969
  7 42 0.926082
  8 42 -0.841156
  9 42 -0.0777404
  10 42 -2.59792
  11 42 1.46382
  12 42 0.304103
  13 42 0.698193
  14 42 0.845177
  15 42 0.22746
  16 42 1.18674
  17 42 -0.33717
  18 42 0.568318
  19 42 -1.14996
  20 42 -0.847166
4900 20 840
  1 42 0.101275
  2 42 -0.630428
  3 42 1.2517
  4 42 1.6972
  5 42 2.21608
  6 42 0.731879
  7 42 -0.443825
  8 42 -1.59531
  9 42 -1.44897
  10 42 -0.170506
  11 42 0.204664
  12 42 0.832622
  13 42 -1.34087
  14 42 0.500119
  15 42 0.810952
  16 42 0.38014
  17 42 -1.31687
  18 42 0.827695
  19 42 0.311085
  20 42 0.296632
5000 20 840
  1 42 -0.756217
  2 42 2.18825
  3 42 0.0791813
  4 42 -1.37046
  5 42 0.101047
  6 42 0.756532
  7 42 1.01835
  8 42 0.462398
  9 42 0.797748
  10 42 1.20297
  11 42 -0.502555
  12 42 -0.706055
  13 42 -1.3528
  14 42 -2.01009
  15 42 -0.482058
  16 42 -0.0836697
  17 42 -0.598345
  18 42 1.3523
  19 42 0.573251
  20 42 0.07479
5100 20 840
  1 42 -0.646953
  2 42 -2.52463
  3 42 -0.294603
  4 42 0.422261
  5 42 -2.2314
  6 42 -1.33596
  7 42 -0.017196
  8 42 1.83982
  9 42 1.37215
  10 42 -0.0601313
  11 42 1.15039
  12 42 -0.595241
  13 42 -0.668662
  14 42 0.383276
  15 42 -1.74627
  16 42 -0.798675
  17 42 -1.56951
  18 42 0.616351
  19 42 0.461508
  20 42 0.416648
5200 20 840
  1 42 -1.54313
  2 42 -0.149581
  3 42 -1.16534
  4 42 -0.0110533
  5 42 -0.799669
  6 42 2.14723
  7 42 -0.042584
  8 42 -0.263473
  9 42 0.53127
  10 42 0.295328
  11 42 0.105077
  12 42 0.38962
  13 42 -1.36823
  14 42 1.03727
  15 42 -0.146939
  16 42 1.59315
  17 42 0.669706
  18 42 -1.95849
  19 42 0.108285
  20 42 0.21821
5300 20 840
  1 42 -0.211277
  2 42 0.0964283
  3 42 0.952045
  4 42 -0.721158
  5 42 1.61895
  6 42 -0.722838
  7 42 -0.089029
  8 42 -0.375654
  9 42 -1.37471
  10 42 0.196965
  11 42 -0.79165
  12 42 -1.51892
  13 42 0.668178
  14 42 -0.232485
  15 42 0.0314329
  16 42 -1.26477
  17 42 0.811692
  18 42 0.373261
  19 42 0.379938
  20 42 0.140887
5400 20 840
  1 42 0.163023
  2 42 -0.178744
  3 42 0.631299
  4 42 1.0583
  5 42 -3.64722
  6 42 -3.82515
  7 42 -1.04352
  8 42 -0.164661
  9 42 -1.32042
  10 42 0.913435
  11 42 -1.20554
  12 42 -2.26318
  13 42 0.350896
  14 42 -2.35272
  15 42 2.7549
  16 42 -2.26884
  17 42 0.965753
  18 42 -0.99869
  19 42 -0.533387
  20 42 0.804534
5500 20 840
  1 42 -0.414498
  2 42 -0.558994
  3 42 0.413822
  4 42 -0.79875
  5 42 -1.13961
  6 42 -2.40798
  7 42 0.241165
  8 42 0.16699
  9 42 -1.90242
  10 42 0.0260119
  11 42 -2.08117
  12 42 -0.998357
  13 42 -0.00675743
  14 42 -1.68126
  15 42 -0.729122
  16 42 1.20298
  17 42 -1.48432
  18 42 0.294543
  19 42 -0.911754
  20 42 0.594295
5600 20 840
  1 42 0.748859
  2 42 1.38222
  3 42 -2.20294
  4 42 -0.377488
  5 42 0.0676914
  6 42 1.29299
  7 42 -0.653777
  8 42 -1.17824
  9 42 -2.53689
  10 42 -2.07012
  11 42 -0.386469
  12 42 1.08349
  13 42 0.20547
  14 42 0.610344
  15 42 -1.28521
  16 42 -1.19194
  17 42 1.51222
  18 42 0.0814883
  19 42 -1.30949
  20 42 -3.51979
5700 20 840
  1 42 0.404192
  2 42 0.927305
  3 42 1.61558
  4 42 0.413822
  5 42 -0.634678
  6 42 0.0248954
  7 42 0.197393
  8 42 0.3526
  9 42 1.94544
  10 42 -1.85003
  11 42 0.566351
  12 42 0.26508
  13 42 -1.08909
  14 42 2.35766
  15 42 -0.196746
  16 42 0.242142
  17 42 -1.10913
  18 42 -0.576205
  19 42 -0.767032
  20 42 -1.33732
5800 20 840
  1 42 -0.913401
  2 42 0.113273
  3 42 -1.31147
  4 42 -0.244264
  5 42 -1.60262
  6 42 -0.673667
  7 42 0.896584
  8 42 0.778592
  9 42 0.670388
  10 42 -0.305433
  11 42 0.443968
  12 42 0.00571249
  13 42 -1.37383
  14 42 -0.331377
  15 42 -1.18563
  16 42 -1.2511
  17 42 -0.37683
  18 42 -0.193416
  19 42 -2.11899
  20 42 -0.276555
5900 20 840
  1 42 0.661999
  2 42 2.53661
  3 42 -0.803791
  4 42 -1.00459
  5 42 0.0722243
  6 42 1.03179
  7 42 -0.306644
  8 42 0.464399
  9 42 -1.15856
  10 42 0.840305
  11 42 2.52206
  12 42 -0.893324
  13 42 -0.0844838
  14 42 -0.593267
  15 42 0.0307207
  16 42 1.25829
  17 42 -1.00215
  18 42 0.809358
  19 42 0.394525
  20 42 0.177281
6000 20 840
  1 42 -1.05576
  2 42 -2.05291
  3 42 -0.513245
  4 42 0.0604328
  5 42 0.226359
  6 42 1.50228
  7 42 -1.04165
  8 42 -1.33819
  9 42 0.0524264
  10 42 1.27422
  11 42 0.707217
  12 42 1.10259
  13 42 -0.167037
  14 42 0.487934
  15 42 -0.828461
  16 42 1.68936
  17 42 -0.703766
  18 42 -0.483379
  19 42 -0.246923
  20 42 0.085048
6100 20 840
  1 42 -0.550838
  2 42 -0.636599
  3 42 -0.422994
  4 42 0.66799
  5 42 -0.355389
  6 42 -1.36994
  7 42 1.96701
  8 42 0.053561
  9 42 -0.552006
  10 42 0.244528
  11 42 0.186785
  12 42 1.37834
  13 42 -0.662731
  14 42 -0.219309
  15 42 -1.37422
  16 42 1.11437
  17 42 -1.29198
  18 42 0.430883
  19 42 0.941095
  20 42 -0.95627
6200 20 840
  1 42 -0.884046
  2 42 -0.624138
  3 42 -0.518954
  4 42 0.217181
  5 42 1.5356
  6 42 -2.08631
  7 42 -0.619003
  8 42 -1.0197
  9 42 0.610292
  10 42 0.951966
  11 42 0.88125
  12 42 0.626659
  13 42 -0.474201
  14 42 -2.31049
  15 42 1.26331
  16 42 2.61132
  17 42 1.26441
  18 42 -1.22689
  19 42 -0.725443
  20 42 2.75234
6300 20 840
  1 42 0.725789
  2 42 -2.54595
  3 42 1.50162
  4 42 0.125876
  5 42 2.74752
  6 42 0.827768
  7 42 -0.751618
  8 42 -0.502207
  9 42 -1.52165
  10 42 0.646962
  11 42 0.202646
  12 42 -0.790771
  13 42 -0.479916
  14 42 -1.68367
  15 42 -0.536108
  16 42 2.18472
  17 42 -0.475812
  18 42 -1.26516
  19 42 0.472602
  20 42 0.113811
6400 20 840
  1 42 0.77643
  2 42 -1.1472
  3 42 0.558421
  4 42 0.958244
  5 42 -0.729835
  6 42 0.593513
  7 42 -0.815954
  8 42 -1.81564
  9 42 -0.322945
  10 42 0.636813
  11 42 -0.23105
  12 42 -3.17636
  13 42 -1.40579
  14 42 -2.3917
  15 42 -0.686527
  16 42 -0.476199
  17 42 0.590924
  18 42 -1.7595
  19 42 0.428751
  20 42 -0.889211
6500 20 840
  1 42 0.290859
  2 42 1.00195
  3 42 0.247682
  4 42 -0.819429
  5 42 0.0284685
  6 42 0.583765
  7 42 -0.484573
  8 42 0.803557
  9 42 -0.0157341
  10 42 -0.73041
  11 42 -0.348082
  12 42 -0.890833
  13 42 0.306154
  14 42 0.922727
  15 42 -0.90274
  16 42 -0.166965
  17 42 0.342277
  18 42 0.618313
  19 42 0.314645
  20 42 -1.45502
6600 20 840
  1 42 -0.688438
  2 42 0.103993
  3 42 -0.291447
  4 42 -0.464634
  5 42 -1.23581
  6 42 0.0544677
  7 42 0.448952
  8 42 0.0176107
  9 42 -0.0172601
  10 42 -3.75897
  11 42 -1.4994
  12 42 0.866805
  13 42 -0.385231
  14 42 1.04981
  15 42 -0.842029
  16 42 -1.08597
  17 42 0.370393
  18 42 -0.943077
  19 42 0.406676
  20 42 -1.31377
6700 20 840
  1 42 -0.350683
  2 42 0.528668
  3 42 -1.15259
  4 42 -0.421097
  5 42 1.50493
  6 42 0.447996
  7 42 -0.23742
  8 42 -1.72386
  9 42 0.340968
  10 42 -1.11248
  11 42 -1.80961
  12 42 1.75305
  13 42 -0.263604
  14 42 1.2084
  15 42 0.482444
  16 42 -0.635053
  17 42 -0.323898
  18 42 0.378665
  19 42 1.58153
  20 42 -0.300954
6800 20 840
  1 42 -0.404612
  2 42 1.07719
  3 42 -0.792211
  4 42 -0.737823
  5 42 -0.957732
  6 42 0.0461569
  7 42 0.288872
  8 42 -0.345763
  9 42 -0.440329
  10 42 0.648027
  11 42 0.0720851
  12 42 0.781693
  13 42 1.4929
  14 42 0.139618
  15 42 1.69497
  16 42 -2.96912
  17 42 1.10011
  18 42 0.0983975
  19 42 1.71944
  20 42 -0.556835
6900 20 840
  1 42 -1.02255
  2 42 -0.839532
  3 42 -1.21519
  4 42 -1.48269
  5 42 -2.5083
  6 42 -2.2882
  7 42 0.256702
  8 42 0.797885
  9 42 -0.701889
  10 42 -0.274835
  11 42 0.638601
  12 42 0.628705
  13 42 0.0897465
  14 42 0.66168
  15 42 1.04027
  16 42 -0.0331653
  17 42 -0.247274
  18 42 0.00685926
  19 42 -1.78409
  20 42 -0.361127
7000 20 840
  1 42 -0.458873
  2 42 -0.387871
  3 42 -1.91699
  4 42 -0.514357
  5 42 -1.3476
  6 42 0.525915
  7 42 0.365898
  8 42 -0.464035
  9 42 0.461132
  10 42 2.09342
  11 42 0.424136
  12 42 0.596558
  13 42 0.558726
  14 42 1.25832
  15 42 -1.71628
  16 42 0.374665
  17 42 1.58161
  18 42 -1.81991
  19 42 -3.22612
  20 42 0.526179
7100 20 840
  1 42 -1.06524
  2 42 -0.440777
  3 42 0.00205618
  4 42 -1.46432
  5 42 -0.00660348
  6 42 -1.41967
  7 42 -0.414803
  8 42 -0.578724
  9 42 0.215365
  10 42 0.398286
  11 42 -0.359757
  12 42 -0.349424
  13 42 -0.117949
  14 42 0.143202
  15 42 -0.986224
  16 42 -1.62808
  17 42 -0.937998
  18 42 -2.20299
  19 42 -0.536679
  20 42 1.36884
7200 20 840
  1 42 0.306584
  2 42 -0.358846
  3 42 0.740122
  4 42 0.193832
  5 42 -1.32427
  6 42 -1.37779
  7 42 -2.47686
  8 42 -0.0817881
  9 42 0.688276
  10 42 0.929438
  11 42 0.125065
  12 42 -1.30455
  13 42 -0.925721
  14 42 -0.730294
  15 42 0.0707199
  16 42 0.294513
  17 42 -0.202402
  18 42 -0.811283
  19 42 -3.44567
  20 42 -0.359899
7300 20 840
  1 42 0.386647
  2 42 -0.507954
  3 42 1.84665
  4 42 0.162807
  5 42 0.00792763
  6 42 -2.43388
  7 42 -0.808688
  8 42 -0.200175
  9 42 -0.538188
  10 42 -2.05804
  11 42 0.848176
  12 42 -3.42631
  13 42 -0.441246
  14 42 -2.03386
  15 42 0.0201707
  16 42 -0.43769
  17 42 0.26286
  18 42 -0.0229793
  19 42 -0.985057
  20 42 -0.409803
7400 20 840
  1 42 0.935953
  2 42 -1.29806
  3 42 0.0180208
  4 42 -2.14324
  5 42 3.03757
  6 42 0.496525
  7 42 -0.120042
  8 42 -0.165685
  9 42 -0.843154
  10 42 -0.898824
  11 42 -0.175017
  12 42 -0.606479
  13 42 -0.0380867
  14 42 -0.714479
  15 42 -1.12016
  16 42 0.570281
  17 42 0.691696
  18 42 0.408177
  19 42 1.60268
  20 42 -0.653457
7500 20 840
  1 42 0.872845
  2 42 -0.168761
  3 42 0.115953
  4 42 0.786198
  5 42 -0.0357636
  6 42 0.320198
  7 42 1.45742
  8 42 -1.07751
  9 42 0.477577
  10 42 0.329766
  11 42 -1.97652
  12 42 1.57271
  13 42 -1.66168
  14 42 1.16284
  15 42 -1.10771
  16 42 -1.06954
  17 42 -0.461016
  18 42 0.561571
  19 42 1.11509
  20 42 -0.526096
7600 20 840
  1 42 0.753276
  2 42 -0.073887
  3 42 -0.603424
  4 42 0.452439
  5 42 -0.747615
  6 42 -0.317217
  7 42 0.833985
  8 42 0.038529
  9 42 0.30261
  10 42 -1.58156
  11 42 0.898696
  12 42 0.641672
  13 42 -0.970029
  14 42 -0.309992
  15 42 0.661204
  16 42 0.607963
  17 42 0.809247
  18 42 -0.55444
  19 42 0.943967
  20 42 2.33541
7700 20 840
  1 42 0.887428
  2 42 0.572603
  3 42 -0.898384
  4 42 -2.2881
  5 42 0.4106
  6 42 1.01251
  7 42 0.208359
  8 42 0.25825
  9 42 0.0496397
  10 42 -0.750737
  11 42 0.46026
  12 42 0.806944
  13 42 0.271728
  14 42 0.909575
  15 42 0.295438
  16 42 2.702
  17 42 0.617386
  18 42 0.845883
  19 42 1.42688
  20 42 -0.268574
7800 20 840
  1 42 0.416385
  2 42 -0.836393
  3 42 0.130327
  4 42 1.01289
  5 42 0.0990264
  6 42 0.81556
  7 42 -0.221326
  8 42 -1.39923
  9 42 -0.694749
  10 42 1.13176
  11 42 -2.28749
  12 42 -1.52051
  13 42 -0.992443
  14 42 0.406526
  15 42 -0.113262
  16 42 0.0413417
  17 42 0.291578
  18 42 -1.94604
  19 42 0.187998
  20 42 -0.244864
7900 20 840
  1 42 0.424372
  2 42 -0.875895
  3 42 -0.173917
  4 42 0.285111
  5 42 -1.08632
  6 42 0.0899789
  7 42 -0.669439
  8 42 1.07069
  9 42 -0.264527
  10 42 0.456161
  11 42 -0.927643
  12 42 -0.222203
  13 42 0.558691
  14 42 -0.455901
  15 42 0.641503
  16 42 1.22716
  17 42 -1.49705
  18 42 0.937483
  19 42 -0.0679946
  20 42 -0.403221
8000 20 840
  1 42 -1.60466
  2 42 0.0558931
  3 42 0.080757
  4 42 -1.39223
  5 42 -2.32043
  6 42 -0.584978
  7 42 -0.499962
  8 42 0.472092
  9 42 0.0730451
  10 42 0.591579
  11 42 -0.739994
  12 42 1.20057
  13 42 -0.0306436
  14 42 -0.396354
  15 42 -0.816326
  16 42 1.30571
  17 42 1.64129
  18 42 -1.59534
  19 42 0.666004
  20 42 2.43284
8100 20 840
  1 42 0.095597
  2 42 -0.974847
  3 42 -1.12634
  4 42 0.481234
  5 42 0.0830835
  6 42 0.686256
  7 42 -0.184265
  8 42 -0.284619
  9 42 -0.0628286
  10 42 -0.507927
  11 42 0.676031
  12 42 1.931
  13 42 -1.65077
  14 42 0.182375
  15 42 0.441334
  16 42 0.651502
  17 42 -0.864826
  18 42 -1.7904
  19 42 -0.567196
  20 42 -2.24795
8200 20 840
  1 42 -1.45333
  2 42 -0.26644
  3 42 0.425615
  4 42 -0.301138
  5 42 0.268978
  6 42 1.05518
  7 42 -1.53391
  8 42 -0.575618
  9 42 -0.652718
  10 42 1.32629
  11 42 -0.291902
  12 42 -0.598026
  13 42 0.711378
  14 42 -0.576452
  15 42 -0.624893
  16 42 -3.38439
  17 42 2.20041
  18 42 -0.913677
  19 42 -1.81216
  20 42 -0.313271
8300 20 840
  1 42 -0.701436
  2 42 0.035893
  3 42 0.852951
  4 42 -0.955224
  5 42 -0.0553598
  6 42 -0.0699259
  7 42 0.639037
  8 42 -0.440335
  9 42 -1.23588
  10 42 -0.242464
  11 42 0.89888
  12 42 0.0812299
  13 42 -0.802684
  14 42 -1.16196
  15 42 0.926627
  16 42 -0.640011
  17 42 1.68136
  18 42 -1.42227
  19 42 -1.47031
  20 42 -1.13248
8400 20 840
  1 42 -2.12184
  2 42 -0.112283
  3 42 -0.642122
  4 42 -0.182678
  5 42 0.27928
  6 42 0.304096
  7 42 -0.527083
  8 42 1.32515
  9 42 -0.932893
  10 42 -0.897606
  11 42 -1.23281
  12 42 -0.672551
  13 42 -0.312223
  14 42 -0.732003
  15 42 0.257547
  16 42 -3.14373
  17 42 1.97571
  18 42 -1.45172
  19 42 -1.18711
  20 42 -1.40845
8500 20 840
  1 42 -1.272
  2 42 1.22545
  3 42 -0.308351
  4 42 -1.69442
  5 42 1.6203
  6 42 1.63906
  7 42 0.706568
  8 42 -0.76192
  9 42 0.366698
  10 42 -3.19432
  11 42 -0.729889
  12 42 1.2226
  13 42 1.48549
  14 42 1.29989
  15 42 -0.262348
  16 42 0.198522
  17 42 0.388053
  18 42 0.00083323
  19 42 0.272998
  20 42 -1.30724
8600 20 840
  1 42 -0.813843
  2 42 0.294118
  3 42 -0.741324
  4 42 -0.329762
  5 42 -0.286987
  6 42 0.0792983
  7 42 0.53487
  8 42 -2.24838
  9 42 0.0356385
  10 42 -1.47004
  11 42 -0.43863
  12 42 1.96469
  13 42 -0.354005
  14 42 1.09211
  15 42 -0.552372
  16 42 0.720224
  17 42 1.42302
  18 42 -0.475208
  19 42 0.34608
  20 42 -1.00777
8700 20 840
  1 42 -0.798874
  2 42 0.0187341
  3 42 -0.925329
  4 42 0.923903
  5 42 -1.48432
  6 42 -0.12973
  7 42 -0.970676
  8 42 0.275439
  9 42 -0.704602
  10 42 -0.36743
  11 42 -1.61537
  12 42 -1.10203
  13 42 -1.97327
  14 42 0.29501
  15 42 -0.25527
  16 42 1.1937
  17 42 -1.30973
  18 42 1.72183
  19 42 -0.187077
  20 42 -2.01859
8800 20 840
  1 42 0.480534
  2 42 -1.67907
  3 42 0.451028
  4 42 0.114309
  5 42 0.265191
  6 42 0.520575
  7 42 -0.768431
  8 42 0.683267
  9 42 -0.782992
  10 42 -0.0957578
  11 42 0.826683
  12 42 -1.63176
  13 42 -1.60606
  14 42 -1.46046
  15 42 -0.10588
  16 42 0.830457
  17 42 0.759752
  18 42 1.07654
  19 42 -0.0671908
  20 42 0.752927
8900 20 840
  1 42 0.708992
  2 42 -0.554812
  3 42 -0.935135
  4 42 -2.02904
  5 42 -0.860659
  6 42 0.396416
  7 42 0.396702
  8 42 -0.693446
  9 42 0.0806269
  10 42 0.851534
  11 42 -0.0710288
  12 42 -0.739239
  13 42 -0.50114
  14 42 -0.191828
  15 42 -0.0768304
  16 42 -2.22423
  17 42 0.550407
  18 42 0.430978
  19 42 -0.564547
  20 42 0.276659
9000 20 840
  1 42 0.232894
  2 42 -0.99061
  3 42 -0.0997281
  4 42 0.767597
  5 42 0.0319895
  6 42 -1.54196
  7 42 0.591026
  8 42 0.136907
  9 42 1.06971
  10 42 0.796876
  11 42 0.185915
  12 42 -1.46044
  13 42 -0.571352
  14 42 0.772933
  15 42 0.00911709
  16 42 0.96793
  17 42 0.517133
  18 42 -0.0596663
  19 42 0.17805
  20 42 1.54727
9100 20 840
  1 42 -0.183525
  2 42 -1.83088
  3 42 -0.315604
  4 42 0.555314
  5 42 -2.74917
  6 42 -2.58021
  7 42 -0.575493
  8 42 -0.0725502
  9 42 -1.01884
  10 42 0.94046
  11 42 1.81001
  12 42 -0.636052
  13 42 0.478986
  14 42 -2.66368
  15 42 0.141819
  16 42 -0.214092
  17 42 2.00742
  18 42 0.262688
  19 42 0.0385589
  20 42 -1.50844
9200 20 840
  1 42 -0.273161
  2 42 0.595859
  3 42 0.685004
  4 42 -3.97682
  5 42 0.0903431
  6 42 1.40813
  7 42 0.0845532
  8 42 0.899385
  9 42 -1.0147
  10 42 1.39535
  11 42 -0.137996
  12 42 -1.41989
  13 42 0.497577
  14 42 -0.973178
  15 42 -0.684948
  16 42 -1.64159
  17 42 0.925591
  18 42 -1.37262
  19 42 0.275341
  20 42 -1.16331
9300 20 840
  1 42 -0.173643
  2 42 -0.702014
  3 42 0.154949
  4 42 1.19477
  5 42 -1.0648
  6 42 1.86962
  7 42 -1.24611
  8 42 0.245354
  9 42 -0.531133
  10 42 0.201382
  11 42 1.27432
  12 42 0.970586
  13 42 -0.883141
  14 42 0.0359062
  15 42 -0.235835
  16 42 -2.45565
  17 42 1.01823
  18 42 -1.081
  19 42 -0.0704349
  20 42 -1.86591
9400 20 840
  1 42 -0.265073
  2 42 0.642489
  3 42 -0.418258
  4 42 1.2444
  5 42 -2.66745
  6 42 2.71574
  7 42 -0.360324
  8 42 1.22952
  9 42 0.0506453
  10 42 -1.63554
  11 42 0.1475
  12 42 0.294053
  13 42 1.11651
  14 42 0.330326
  15 42 -0.17911
  16 42 -0.427212
  17 42 1.83843
  18 42 -1.67619
  19 42 0.294421
  20 42 -1.4557
9500 20 840
  1 42 -0.421954
  2 42 1.70726
  3 42 -0.0302365
  4 42 -2.56526
  5 42 0.37247
  6 42 1.18931
  7 42 -0.615125
  8 42 -0.530101
  9 42 -0.309702
  10 42 -1.17624
  11 42 -0.595927
  12 42 4.32397
  13 42 -1.083
  14 42 0.363346
  15 42 0.755273
  16 42 1.08825
  17 42 -0.982248
  18 42 -1.84933
  19 42 0.747032
  20 42 -1.74494
9600 20 840
  1 42 0.578603
  2 42 -1.21414
  3 42 -0.353731
  4 42 1.44055
  5 42 0.243382
  6 42 1.69153
  7 42 -0.807347
  8 42 -0.354543
  9 42 -1.18214
  10 42 -0.323559
  11 42 -2.99748
  12 42 0.435542
  13 42 -0.0010936
  14 42 0.729956
  15 42 0.590776
  16 42 0.64845
  17 42 -0.151639
  18 42 -2.16417
  19 42 0.161988
  20 42 -1.9122
9700 20 840
  1 42 -0.342408
  2 42 -2.81335
  3 42 0.089625
  4 42 -1.13229
  5 42 -0.668177
  6 42 -0.995136
  7 42 -0.0384945
  8 42 -2.17024
  9 42 0.0198151
  10 42 -1.8541
  11 42 -2.43943
  12 42 0.408225
  13 42 0.0920674
  14 42 -0.154616
  15 42 -0.275651
  16 42 0.733254
  17 42 0.18148
  18 42 -0.0183263
  19 42 -0.829536
  20 42 -0.433617
9800 20 840
  1 42 0.298406
  2 42 0.563656
  3 42 -0.287261
  4 42 -0.568934
  5 42 -0.630808
  6 42 -2.16884
  7 42 0.10726
  8 42 -0.771445
  9 42 -0.410015
  10 42 0.688846
  11 42 -1.83624
  12 42 -0.129997
  13 42 -0.126805
  14 42 -0.194689
  15 42 0.228306
  16 42 1.83864
  17 42 2.94631
  18 42 -0.12146
  19 42 0.0306398
  20 42 1.82826
9900 20 840
  1 42 0.329192
  2 42 -2.06897
  3 42 -1.36547
  4 42 -0.110186
  5 42 1.61744
  6 42 -0.827859
  7 42 0.482275
  8 42 -0.139185
  9 42 0.748727
  10 42 -0.129477
  11 42 -0.698228
  12 42 -1.35075
  13 42 0.140522
  14 42 1.23556
  15 42 -0.00059064
  16 42 -0.2944
  17 42 -0.166406
  18 42 -0.122438
  19 42 0.0127706
  20 42 -0.963549
10000 20 840
  1 42 -0.826906
  2 42 0.873238
  3 42 -0.486477
  4 42 -3.38756
  5 42 2.2791
  6 42 0.676838
  7 42 0.964338
  8 42 0.176886
  9 42 0.876324
  10 42 1.48343
  11 42 -1.27423
  12 42 0.473533
  13 42 -1.76218
  14 42 -1.31298
  15 42 -0.741775
  16 42 -0.319882
  17 42 0.279968
  18 42 0.240492
  19 42 0.240784
  20 42 1.18569
