# Chunk-averaged data for fix sternForces and group all
# Timestep Number-of-chunks Total-count
# Chunk Ncount c_sternComp
0 20 840
  1 42 -0.133187
  2 42 -0.133187
  3 42 -0.133187
  4 42 -0.133187
  5 42 -0.133187
  6 42 -0.133187
  7 42 -0.133187
  8 42 -0.133187
  9 42 -0.133187
  10 42 -0.133187
  11 42 -0.133187
  12 42 -0.133187
  13 42 -0.133187
  14 42 -0.133187
  15 42 -0.133187
  16 42 -0.133187
  17 42 -0.133187
  18 42 -0.133187
  19 42 -0.133187
  20 42 -0.133187
100 20 840
  1 42 -0.430487
  2 42 0.0753095
  3 42 -0.0834963
  4 42 -0.826351
  5 42 -0.683127
  6 42 0.28685
  7 42 -0.177838
  8 42 0.70477
  9 42 0.501768
  10 42 -0.400223
  11 42 -0.124709
  12 42 0.851083
  13 42 0.236348
  14 42 0.0139039
  15 42 -0.449199
  16 42 0.616712
  17 42 -0.34646
  18 42 0.205605
  19 42 -0.740392
  20 42 -0.342569
200 20 840
  1 42 -0.00812626
  2 42 -0.574668
  3 42 -0.644252
  4 42 -0.146461
  5 42 0.113078
  6 42 0.513397
  7 42 1.28139
  8 42 0.159544
  9 42 -0.214491
  10 42 -0.480975
  11 42 -0.841488
  12 42 -0.376725
  13 42 -0.76657
  14 42 -1.03315
  15 42 -0.0585072
  16 42 -0.906827
  17 42 -0.532462
  18 42 0.325801
  19 42 0.802531
  20 42 -0.593886
300 20 840
  1 42 0.189383
  2 42 -0.0282793
  3 42 -0.52013
  4 42 -0.846997
  5 42 -0.235072
  6 42 0.964563
  7 42 -0.321133
  8 42 0.268138
  9 42 -0.0409463
  10 42 0.41346
  11 42 -1.05724
  12 42 -0.854803
  13 42 0.0425616
  14 42 0.439796
  15 42 -1.26483
  16 42 0.656765
  17 42 0.960139
  18 42 0.437325
  19 42 0.0128357
  20 42 0.247112
400 20 840
  1 42 0.283081
  2 42 -0.0176856
  3 42 0.0426874
  4 42 -0.0985555
  5 42 -0.106732
  6 42 -0.351165
  7 42 0.408581
  8 42 0.259919
  9 42 -0.98168
  10 42 -0.888451
  11 42 0.791271
  12 42 -1.35731
  13 42 -0.462209
  14 42 -0.287432
  15 42 -0.600266
  16 42 -0.823367
  17 42 0.306066
  18 42 -0.251573
  19 42 0.0657214
  20 42 0.0976042
500 20 840
  1 42 -1.25614
  2 42 0.156616
  3 42 -1.56933
  4 42 -0.0531036
  5 42 -0.484376
  6 42 -1.39642
  7 42 -0.804173
  8 42 0.473458
  9 42 -0.313235
  10 42 0.703936
  11 42 0.898338
  12 42 0.1882
  13 42 -0.621827
  14 42 -0.335113
  15 42 0.10512
  16 42 -0.189457
  17 42 0.0608885
  18 42 -0.40967
  19 42 0.0459625
  20 42 0.497376
600 20 840
  1 42 -0.6313
  2 42 -0.821824
  3 42 -1.30244
  4 42 -1.03074
  5 42 -0.569336
  6 42 0.217151
  7 42 0.0267088
  8 42 0.373536
  9 42 -0.322887
  10 42 0.0518884
  11 42 -0.495081
  12 42 0.334358
  13 42 -0.450834
  14 42 -0.622687
  15 42 -0.799286
  16 42 -0.150387
  17 42 -1.20196
  18 42 -0.443011
  19 42 -0.0731366
  20 42 0.170471
700 20 840
  1 42 -0.692328
  2 42 0.0780576
  3 42 0.365445
  4 42 -0.121143
  5 42 -0.0578427
  6 42 -1.31052
  7 42 -0.413135
  8 42 0.17544
  9 42 -1.10259
  10 42 -0.776202
  11 42 0.177271
  12 42 -0.57457
  13 42 -0.208526
  14 42 -0.922031
  15 42 -0.129966
  16 42 0.458425
  17 42 -0.833123
  18 42 -0.665234
  19 42 -0.208904
  20 42 -1.03591
800 20 840
  1 42 -0.750035
  2 42 0.631192
  3 42 -0.0325219
  4 42 -0.775957
  5 42 0.51915
  6 42 -0.0762688
  7 42 -0.478472
  8 42 -1.04435
  9 42 -0.335656
  10 42 1.50744
  11 42 -0.611617
  12 42 -0.193816
  13 42 -0.0775589
  14 42 -0.736607
  15 42 -1.3072
  16 42 0.278144
  17 42 -0.923944
  18 42 0.425616
  19 42 -1.06583
  20 42 0.600719
900 20 840
  1 42 -0.270766
  2 42 -0.720092
  3 42 0.882296
  4 42 0.0416516
  5 42 -0.353269
  6 42 0.0594028
  7 42 -0.192799
  8 42 0.387985
  9 42 -1.27898
  10 42 -0.854053
  11 42 -0.439683
  12 42 0.65156
  13 42 0.209058
  14 42 0.305027
  15 42 -0.463884
  16 42 0.311881
  17 42 0.831673
  18 42 -0.250297
  19 42 1.12047
  20 42 -1.12354
1000 20 840
  1 42 -0.0784123
  2 42 -0.118195
  3 42 1.24677
  4 42 -0.235401
  5 42 0.740695
  6 42 1.08159
  7 42 -0.55045
  8 42 0.0297677
  9 42 0.0468346
  10 42 -0.380974
  11 42 0.889885
  12 42 0.944713
  13 42 -0.157049
  14 42 0.0905232
  15 42 -0.976838
  16 42 -0.20241
  17 42 -0.742147
  18 42 -0.993221
  19 42 0.326309
  20 42 0.268822
1100 20 840
  1 42 -0.279404
  2 42 0.665294
  3 42 -0.33562
  4 42 -0.885452
  5 42 -0.310941
  6 42 0.494091
  7 42 -0.979923
  8 42 -0.639996
  9 42 -0.122667
  10 42 0.451736
  11 42 0.395626
  12 42 0.96623
  13 42 -0.216832
  14 42 0.714186
  15 42 -0.0450311
  16 42 -0.533451
  17 42 -0.385672
  18 42 0.956617
  19 42 -0.168367
  20 42 -0.389767
1200 20 840
  1 42 -0.449959
  2 42 -0.814845
  3 42 -0.567531
  4 42 -0.179163
  5 42 -0.0211409
  6 42 -0.257207
  7 42 -0.299498
  8 42 0.0890504
  9 42 -0.838684
  10 42 -0.058906
  11 42 -1.08907
  12 42 -0.237791
  13 42 0.211256
  14 42 0.0971582
  15 42 0.408325
  16 42 0.432863
  17 42 0.555029
  18 42 0.17696
  19 42 1.10516
  20 42 -0.502639
1300 20 840
  1 42 -0.514335
  2 42 -1.0588
  3 42 0.189589
  4 42 -0.153245
  5 42 -0.173366
  6 42 -0.203029
  7 42 -0.605834
  8 42 -0.307097
  9 42 0.720826
  10 42 0.1496
  11 42 -0.117843
  12 42 0.100794
  13 42 -0.614535
  14 42 -1.33846
  15 42 -0.230734
  16 42 -0.305845
  17 42 -0.764389
  18 42 0.394848
  19 42 1.40423
  20 42 -0.171382
1400 20 840
  1 42 0.479391
  2 42 -0.0594332
  3 42 0.00455624
  4 42 0.429174
  5 42 -0.760971
  6 42 -0.542455
  7 42 0.0201162
  8 42 -0.294399
  9 42 -0.291733
  10 42 -0.96152
  11 42 -0.36587
  12 42 -0.328218
  13 42 -0.595352
  14 42 -0.84272
  15 42 0.358837
  16 42 -0.595716
  17 42 0.258861
  18 42 0.284275
  19 42 -0.857715
  20 42 -1.55567
1500 20 840
  1 42 0.101843
  2 42 -0.343762
  3 42 -0.872085
  4 42 -0.70901
  5 42 0.0445398
  6 42 -0.482638
  7 42 0.231587
  8 42 0.494312
  9 42 -0.257367
  10 42 -0.363015
  11 42 -0.705353
  12 42 -0.300155
  13 42 -0.31305
  14 42 0.129691
  15 42 -0.230257
  16 42 -0.806723
  17 42 -0.596434
  18 42 -0.660478
  19 42 0.499749
  20 42 0.0509557
1600 20 840
  1 42 0.118071
  2 42 0.415164
  3 42 -0.431925
  4 42 -0.794865
  5 42 -0.868392
  6 42 -1.94464
  7 42 0.987636
  8 42 -0.00570912
  9 42 1.52564
  10 42 0.988565
  11 42 0.208403
  12 42 -0.0825873
  13 42 -0.449516
  14 42 -0.0744347
  15 42 -0.897829
  16 42 0.205127
  17 42 -0.0294392
  18 42 -1.47814
  19 42 -0.919655
  20 42 0.804638
1700 20 840
  1 42 0.532438
  2 42 -0.734638
  3 42 -0.498234
  4 42 -0.231936
  5 42 -1.16643
  6 42 -0.0983394
  7 42 0.738309
  8 42 0.0819469
  9 42 -0.193874
  10 42 -1.08064
  11 42 0.641306
  12 42 0.245239
  13 42 -0.401157
  14 42 -0.177776
  15 42 0.195234
  16 42 0.207613
  17 42 0.70119
  18 42 -0.160026
  19 42 -1.9554
  20 42 -0.166843
1800 20 840
  1 42 0.504937
  2 42 0.046031
  3 42 0.282199
  4 42 -0.0839404
  5 42 0.127496
  6 42 -0.466263
  7 42 -1.01126
  8 42 0.0824625
  9 42 -0.479715
  10 42 -0.0189126
  11 42 -0.454142
  12 42 -0.357875
  13 42 -0.460377
  14 42 0.480467
  15 42 -0.412783
  16 42 0.673644
  17 42 0.555386
  18 42 0.195361
  19 42 -0.848289
  20 42 -0.217356
1900 20 840
  1 42 0.171076
  2 42 -0.202981
  3 42 1.5875
  4 42 0.219188
  5 42 0.0576751
  6 42 -0.46395
  7 42 1.13689
  8 42 0.0628009
  9 42 0.0234722
  10 42 -1.24345
  11 42 -0.69664
  12 42 -1.34732
  13 42 -0.521706
  14 42 -0.450707
  15 42 0.00139586
  16 42 -0.705381
  17 42 -0.357255
  18 42 0.449427
  19 42 0.674635
  20 42 -0.523124
2000 20 840
  1 42 -0.057159
  2 42 -0.556738
  3 42 -0.574022
  4 42 -0.145266
  5 42 -0.773462
  6 42 0.302356
  7 42 -0.783813
  8 42 0.0950929
  9 42 0.495848
  10 42 -0.422351
  11 42 -1.08872
  12 42 0.440373
  13 42 -0.0423975
  14 42 0.300471
  15 42 -0.37974
  16 42 0.559234
  17 42 0.0618911
  18 42 0.719284
  19 42 -0.554291
  20 42 -0.613071
2100 20 840
  1 42 -0.802331
  2 42 -0.556545
  3 42 -0.129423
  4 42 -0.499591
  5 42 -0.112975
  6 42 -0.284972
  7 42 -0.253009
  8 42 -0.208279
  9 42 0.110829
  10 42 -0.108793
  11 42 -0.0340943
  12 42 1.06141
  13 42 -0.284506
  14 42 -0.25222
  15 42 0.725844
  16 42 -0.175359
  17 42 -0.227658
  18 42 0.11571
  19 42 0.915563
  20 42 -0.647635
2200 20 840
  1 42 -0.0857956
  2 42 -0.427762
  3 42 0.235823
  4 42 0.729791
  5 42 -0.67647
  6 42 -0.7616
  7 42 -1.44184
  8 42 -0.789259
  9 42 -0.714211
  10 42 0.00337675
  11 42 -0.0257093
  12 42 -0.715356
  13 42 -0.957386
  14 42 -0.231712
  15 42 0.341714
  16 42 -1.14148
  17 42 -0.955606
  18 42 -0.152357
  19 42 -0.489382
  20 42 0.0632553
2300 20 840
  1 42 -0.253638
  2 42 1.59072
  3 42 1.28815
  4 42 -0.717626
  5 42 -0.0960125
  6 42 -0.201818
  7 42 -0.947356
  8 42 0.308245
  9 42 -0.9366
  10 42 0.383533
  11 42 -0.327893
  12 42 -0.658045
  13 42 0.0296235
  14 42 0.281827
  15 42 0.0834664
  16 42 -0.29224
  17 42 -0.220015
  18 42 -0.50511
  19 42 -1.53758
  20 42 0.283565
2400 20 840
  1 42 -0.0899986
  2 42 -0.442951
  3 42 0.476489
  4 42 -0.0182815
  5 42 -0.174748
  6 42 -0.520953
  7 42 -1.07603
  8 42 -0.354924
  9 42 -1.04845
  10 42 -0.940964
  11 42 -0.28819
  12 42 -0.0289437
  13 42 0.0831553
  14 42 -0.295499
  15 42 0.714257
  16 42 -0.209782
  17 42 -0.648926
  18 42 -1.21434
  19 42 -0.319003
  20 42 -0.758063
2500 20 840
  1 42 -0.404075
  2 42 -0.401048
  3 42 0.693262
  4 42 -0.00886317
  5 42 -1.06738
  6 42 -0.580027
  7 42 0.43373
  8 42 -0.574902
  9 42 -1.13214
  10 42 0.390624
  11 42 -0.88818
  12 42 0.259779
  13 42 0.263961
  14 42 0.209218
  15 42 -0.333252
  16 42 0.162206
  17 42 0.105296
  18 42 -0.161128
  19 42 1.05401
  20 42 0.111867
2600 20 840
  1 42 0.378061
  2 42 -0.973976
  3 42 1.26455
  4 42 0.00982343
  5 42 0.00749102
  6 42 0.170625
  7 42 0.612242
  8 42 -0.156232
  9 42 1.68063
  10 42 -0.984765
  11 42 -0.0741037
  12 42 -0.508518
  13 42 -0.489844
  14 42 -0.201851
  15 42 -0.832094
  16 42 -0.29302
  17 42 -1.4402
  18 42 -0.319127
  19 42 0.186348
  20 42 -0.0269872
2700 20 840
  1 42 0.249079
  2 42 0.198298
  3 42 0.35788
  4 42 0.162642
  5 42 -0.376472
  6 42 0.36872
  7 42 -0.202607
  8 42 -0.407811
  9 42 -0.0608028
  10 42 0.508699
  11 42 0.168018
  12 42 0.882533
  13 42 -0.0299217
  14 42 0.550895
  15 42 1.67401
  16 42 0.885814
  17 42 0.576962
  18 42 0.49011
  19 42 1.67243
  20 42 -1.12347
2800 20 840
  1 42 0.231873
  2 42 0.404325
  3 42 -0.986332
  4 42 -0.773026
  5 42 1.18416
  6 42 0.586671
  7 42 1.57687
  8 42 0.102342
  9 42 0.550905
  10 42 0.534031
  11 42 -0.654255
  12 42 0.0648167
  13 42 0.0809969
  14 42 -0.407237
  15 42 -0.92655
  16 42 -1.16091
  17 42 0.658421
  18 42 0.803055
  19 42 -0.655268
  20 42 0.409591
2900 20 840
  1 42 -0.694454
  2 42 0.349387
  3 42 -0.636339
  4 42 0.116332
  5 42 -0.0758932
  6 42 -0.700674
  7 42 -0.68498
  8 42 1.24467
  9 42 -0.766074
  10 42 -1.37139
  11 42 0.227727
  12 42 -0.416585
  13 42 0.563391
  14 42 -0.221369
  15 42 -0.173883
  16 42 0.357054
  17 42 0.941439
  18 42 -1.24843
  19 42 -0.431504
  20 42 0.128628
3000 20 840
  1 42 -0.46617
  2 42 0.488169
  3 42 -0.764896
  4 42 -0.542954
  5 42 0.906117
  6 42 1.17329
  7 42 -0.144915
  8 42 -0.273507
  9 42 1.15847
  10 42 0.0702344
  11 42 -0.107145
  12 42 0.233637
  13 42 -0.670251
  14 42 -0.518232
  15 42 -0.386731
  16 42 -0.65416
  17 42 -0.483424
  18 42 -0.037613
  19 42 -0.183782
  20 42 0.132981
3100 20 840
  1 42 -0.903849
  2 42 0.322266
  3 42 0.223605
  4 42 -0.651704
  5 42 0.617542
  6 42 0.331132
  7 42 0.742245
  8 42 -0.384859
  9 42 -0.237415
  10 42 -0.289475
  11 42 -0.910372
  12 42 0.39012
  13 42 -0.888521
  14 42 -0.471079
  15 42 -0.346428
  16 42 -0.588018
  17 42 -0.369223
  18 42 0.233056
  19 42 -0.493264
  20 42 -1.11745
3200 20 840
  1 42 -0.643492
  2 42 -0.355027
  3 42 -0.0949683
  4 42 -0.626998
  5 42 -0.57954
  6 42 -0.44268
  7 42 -0.351445
  8 42 0.465482
  9 42 0.147964
  10 42 -0.00453628
  11 42 -1.08086
  12 42 -1.05237
  13 42 -0.0930968
  14 42 -0.963387
  15 42 -1.20909
  16 42 1.31728
  17 42 -0.436923
  18 42 -0.68896
  19 42 -0.75273
  20 42 0.205922
3300 20 840
  1 42 -0.776254
  2 42 0.389379
  3 42 -0.0620644
  4 42 -0.446372
  5 42 0.127209
  6 42 0.22545
  7 42 0.0252908
  8 42 0.239737
  9 42 -0.370258
  10 42 -0.143144
  11 42 -0.0466968
  12 42 0.136021
  13 42 -0.280164
  14 42 -0.53956
  15 42 -0.837922
  16 42 -1.05737
  17 42 0.276499
  18 42 0.64574
  19 42 -0.0180312
  20 42 -1.1195
3400 20 840
  1 42 -0.192401
  2 42 -0.0916611
  3 42 1.12016
  4 42 0.051853
  5 42 0.891542
  6 42 0.886534
  7 42 -1.4675
  8 42 -0.114521
  9 42 -0.760498
  10 42 -0.144254
  11 42 0.693556
  12 42 0.476999
  13 42 -0.748481
  14 42 0.204391
  15 42 0.0829203
  16 42 0.375684
  17 42 -0.274983
  18 42 -0.225986
  19 42 0.664631
  20 42 -0.710619
3500 20 840
  1 42 -1.00036
  2 42 -1.78608
  3 42 1.05779
  4 42 -0.266859
  5 42 -0.650115
  6 42 -0.10396
  7 42 -1.54371
  8 42 0.298639
  9 42 -0.129084
  10 42 -0.120011
  11 42 0.916399
  12 42 0.55029
  13 42 0.0576355
  14 42 0.0437404
  15 42 -0.882001
  16 42 0.607064
  17 42 -0.759763
  18 42 -0.655052
  19 42 0.271045
  20 42 1.07794
3600 20 840
  1 42 -0.56688
  2 42 0.0930621
  3 42 -0.0440466
  4 42 -0.479921
  5 42 -0.840819
  6 42 -0.992443
  7 42 -0.450417
  8 42 -1.47533
  9 42 -1.64042
  10 42 0.241009
  11 42 -0.634719
  12 42 0.482714
  13 42 -0.865089
  14 42 0.552235
  15 42 -0.822041
  16 42 0.540289
  17 42 -0.0254311
  18 42 0.600987
  19 42 -0.316134
  20 42 -0.0479106
3700 20 840
  1 42 -0.317695
  2 42 -0.563879
  3 42 0.359307
  4 42 0.225934
  5 42 0.330445
  6 42 0.447995
  7 42 -0.729562
  8 42 -0.244895
  9 42 -1.13848
  10 42 -0.961889
  11 42 -0.36219
  12 42 -0.202464
  13 42 -0.656132
  14 42 0.027242
  15 42 0.115822
  16 42 -0.47196
  17 42 0.0126458
  18 42 0.329435
  19 42 -0.218135
  20 42 -0.66248
3800 20 840
  1 42 0.887465
  2 42 0.319732
  3 42 0.907172
  4 42 -0.773727
  5 42 0.217774
  6 42 0.046869
  7 42 -1.9779
  8 42 1.6986
  9 42 -0.167855
  10 42 0.151871
  11 42 -1.12438
  12 42 -0.983919
  13 42 -0.285848
  14 42 -0.355583
  15 42 -1.28027
  16 42 0.349774
  17 42 -0.45977
  18 42 -0.759412
  19 42 1.34458
  20 42 -0.500165
3900 20 840
  1 42 -0.315712
  2 42 0.223174
  3 42 0.53512
  4 42 -1.11043
  5 42 0.228565
  6 42 0.146499
  7 42 0.385883
  8 42 0.762543
  9 42 -0.429636
  10 42 0.766145
  11 42 -0.631977
  12 42 0.487421
  13 42 0.118031
  14 42 -0.364642
  15 42 0.122736
  16 42 -1.6539
  17 42 0.00419941
  18 42 0.860223
  19 42 1.2616
  20 42 -0.151616
4000 20 840
  1 42 -0.609074
  2 42 0.863893
  3 42 -1.27543
  4 42 -0.310872
  5 42 -0.0768156
  6 42 -0.795545
  7 42 -0.245464
  8 42 0.186162
  9 42 0.660012
  10 42 0.863713
  11 42 -0.104018
  12 42 0.06034
  13 42 -0.734623
  14 42 0.659437
  15 42 0.0903334
  16 42 -0.0929082
  17 42 -0.0336459
  18 42 -0.18961
  19 42 0.889367
  20 42 0.252533
4100 20 840
  1 42 0.0319744
  2 42 -0.321418
  3 42 0.640168
  4 42 -0.649681
  5 42 -0.526481
  6 42 -0.758666
  7 42 1.49736
  8 42 -0.0663495
  9 42 0.309161
  10 42 0.348445
  11 42 -0.0431548
  12 42 -0.884562
  13 42 -0.392632
  14 42 -0.0123434
  15 42 0.107685
  16 42 0.478952
  17 42 0.46682
  18 42 0.147209
  19 42 0.788095
  20 42 -0.239353
4200 20 840
  1 42 0.476689
  2 42 -1.39978
  3 42 0.052074
  4 42 0.845005
  5 42 -1.70802
  6 42 -0.0023061
  7 42 0.123752
  8 42 -0.301426
  9 42 1.43969
  10 42 -0.521331
  11 42 -0.0450554
  12 42 -0.717534
  13 42 -1.14176
  14 42 0.101281
  15 42 0.191759
  16 42 -0.177066
  17 42 0.188702
  18 42 0.658495
  19 42 -0.716678
  20 42 -0.439889
4300 20 840
  1 42 0.537715
  2 42 0.159628
  3 42 0.822033
  4 42 -0.829454
  5 42 0.44698
  6 42 -0.214102
  7 42 1.05219
  8 42 0.357431
  9 42 -0.200016
  10 42 -0.708094
  11 42 -0.361319
  12 42 0.802751
  13 42 -0.23734
  14 42 -0.145985
  15 42 -0.402478
  16 42 -0.193014
  17 42 0.446159
  18 42 0.325955
  19 42 -0.702034
  20 42 -0.550389
4400 20 840
  1 42 -0.056239
  2 42 -0.753224
  3 42 0.466724
  4 42 0.0232077
  5 42 0.648072
  6 42 -0.730849
  7 42 0.634871
  8 42 -0.284904
  9 42 0.768354
  10 42 -1.46408
  11 42 -0.548362
  12 42 0.537761
  13 42 -0.555334
  14 42 -0.224151
  15 42 -0.660436
  16 42 0.601414
  17 42 -0.19942
  18 42 -0.294856
  19 42 -1.30098
  20 42 -0.676718
4500 20 840
  1 42 -0.183717
  2 42 -0.244093
  3 42 0.0275283
  4 42 -0.871806
  5 42 -0.757393
  6 42 -0.21854
  7 42 -0.0973081
  8 42 -0.780415
  9 42 -0.472811
  10 42 0.157119
  11 42 -0.465614
  12 42 0.517172
  13 42 -0.750436
  14 42 -0.353107
  15 42 -0.603666
  16 42 0.693718
  17 42 0.650536
  18 42 -0.260443
  19 42 -1.61723
  20 42 0.0351646
4600 20 840
  1 42 -0.653081
  2 42 -1.01158
  3 42 -0.0737292
  4 42 -0.778653
  5 42 1.55419
  6 42 0.64186
  7 42 -0.968411
  8 42 -0.712607
  9 42 -0.0741383
  10 42 -1.48716
  11 42 0.845959
  12 42 -0.216767
  13 42 -0.850178
  14 42 0.0139261
  15 42 -0.3438
  16 42 -0.28485
  17 42 -0.965371
  18 42 -1.05847
  19 42 0.102213
  20 42 -1.47465
4700 20 840
  1 42 -0.520271
  2 42 0.23047
  3 42 -0.146449
  4 42 0.304053
  5 42 -1.39622
  6 42 -0.309396
  7 42 -1.21763
  8 42 -1.13805
  9 42 -0.716126
  10 42 -0.152091
  11 42 -0.0624121
  12 42 -0.324215
  13 42 -0.0886472
  14 42 0.228611
  15 42 0.252365
  16 42 -0.58008
  17 42 0.847168
  18 42 -0.0923363
  19 42 -1.44195
  20 42 -0.167472
4800 20 840
  1 42 -0.775169
  2 42 0.217445
  3 42 -1.13287
  4 42 0.0869585
  5 42 0.098448
  6 42 -0.696418
  7 42 -0.931704
  8 42 -0.377357
  9 42 0.861403
  10 42 -0.705754
  11 42 -0.87212
  12 42 -0.832589
  13 42 -0.509175
  14 42 -0.163791
  15 42 -0.910076
  16 42 0.724906
  17 42 -0.961902
  18 42 -0.61898
  19 42 0.773808
  20 42 0.889249
4900 20 840
  1 42 -0.934009
  2 42 -1.0018
  3 42 0.513248
  4 42 0.259152
  5 42 -0.0199936
  6 42 -0.21228
  7 42 -1.73047
  8 42 -0.00623578
  9 42 -2.31263
  10 42 -0.743356
  11 42 -0.500834
  12 42 -0.113618
  13 42 0.270692
  14 42 -0.0557885
  15 42 0.934674
  16 42 -0.125423
  17 42 0.0215097
  18 42 -0.00902743
  19 42 1.88692
  20 42 -1.21004
5000 20 840
  1 42 0.404372
  2 42 -0.144042
  3 42 0.330858
  4 42 0.0319445
  5 42 -1.23021
  6 42 0.397305
  7 42 -2.0319
  8 42 -0.425776
  9 42 0.600183
  10 42 -0.0602173
  11 42 -0.816059
  12 42 0.257595
  13 42 -0.867935
  14 42 -0.653938
  15 42 -0.0144971
  16 42 -0.129903
  17 42 -1.32089
  18 42 1.12222
  19 42 -1.24081
  20 42 -0.718236
5100 20 840
  1 42 -0.375738
  2 42 -1.1546
  3 42 0.0758723
  4 42 -0.167511
  5 42 -0.969364
  6 42 -0.619343
  7 42 -0.449401
  8 42 0.209589
  9 42 0.319915
  10 42 0.0772635
  11 42 0.927382
  12 42 0.446111
  13 42 -1.14216
  14 42 -0.318041
  15 42 0.440866
  16 42 -0.960788
  17 42 -0.620716
  18 42 0.432807
  19 42 -0.460796
  20 42 -0.651215
5200 20 840
  1 42 0.413489
  2 42 -0.610661
  3 42 -0.747335
  4 42 -0.617039
  5 42 0.388011
  6 42 0.82395
  7 42 -0.776649
  8 42 0.495263
  9 42 -1.18975
  10 42 0.88594
  11 42 0.355531
  12 42 -0.195878
  13 42 -0.348523
  14 42 0.261234
  15 42 0.402805
  16 42 1.32378
  17 42 0.722539
  18 42 -0.707128
  19 42 1.22135
  20 42 -0.158381
5300 20 840
  1 42 0.770011
  2 42 0.528023
  3 42 -0.270481
  4 42 0.0985635
  5 42 -1.35257
  6 42 0.658798
  7 42 -0.432267
  8 42 0.22738
  9 42 -0.605149
  10 42 0.0666179
  11 42 0.470089
  12 42 -0.520607
  13 42 0.0938223
  14 42 0.426006
  15 42 -0.526849
  16 42 -0.903758
  17 42 0.502031
  18 42 -0.0589621
  19 42 -0.805741
  20 42 -0.901044
5400 20 840
  1 42 0.495488
  2 42 0.691179
  3 42 0.329561
  4 42 -0.393858
  5 42 0.0182877
  6 42 0.132933
  7 42 0.520808
  8 42 0.217655
  9 42 -1.31881
  10 42 -0.373737
  11 42 -0.917142
  12 42 -1.41406
  13 42 -0.569142
  14 42 -0.20324
  15 42 -0.575239
  16 42 0.895823
  17 42 -0.801307
  18 42 -1.33908
  19 42 -0.340225
  20 42 1.17602
5500 20 840
  1 42 -0.699769
  2 42 -0.891125
  3 42 -0.850373
  4 42 -0.220447
  5 42 -0.50371
  6 42 -0.49728
  7 42 0.738015
  8 42 -0.0205984
  9 42 0.377652
  10 42 -0.1394
  11 42 -0.751706
  12 42 0.2568
  13 42 -0.669144
  14 42 -0.766762
  15 42 -0.370313
  16 42 0.0516052
  17 42 -0.0260414
  18 42 0.0347636
  19 42 -0.0345665
  20 42 -0.32595
5600 20 840
  1 42 -0.777065
  2 42 -0.135243
  3 42 -1.62089
  4 42 -0.639004
  5 42 0.468052
  6 42 0.297489
  7 42 2.10954
  8 42 -0.642278
  9 42 0.0406149
  10 42 0.680398
  11 42 -1.31567
  12 42 -0.103253
  13 42 -0.98808
  14 42 -1.40659
  15 42 0.0521845
  16 42 0.721617
  17 42 -0.638919
  18 42 0.910111
  19 42 -1.31337
  20 42 -0.806475
5700 20 840
  1 42 -1.04988
  2 42 0.130376
  3 42 -0.139683
  4 42 -0.844737
  5 42 0.799459
  6 42 -0.181597
  7 42 0.488343
  8 42 0.428519
  9 42 0.0562347
  10 42 -1.15548
  11 42 0.184298
  12 42 -0.0928985
  13 42 -0.484712
  14 42 -0.836246
  15 42 0.110564
  16 42 -0.426463
  17 42 0.111973
  18 42 -0.0840365
  19 42 -0.189636
  20 42 -0.677555
5800 20 840
  1 42 -0.820977
  2 42 0.119231
  3 42 -0.754605
  4 42 -0.4166
  5 42 1.30396
  6 42 0.152089
  7 42 1.08726
  8 42 0.372337
  9 42 0.422189
  10 42 -1.00992
  11 42 -1.04103
  12 42 0.0840932
  13 42 -0.918061
  14 42 0.235829
  15 42 -1.57817
  16 42 -1.21586
  17 42 0.433467
  18 42 0.0426842
  19 42 0.568876
  20 42 -0.594143
5900 20 840
  1 42 -1.03961
  2 42 -0.179811
  3 42 0.499331
  4 42 0.410094
  5 42 -0.244564
  6 42 0.960547
  7 42 -1.05098
  8 42 -0.787266
  9 42 -0.619484
  10 42 0.191633
  11 42 0.108561
  12 42 1.00541
  13 42 -1.17986
  14 42 -0.36028
  15 42 0.0218789
  16 42 0.771032
  17 42 0.45082
  18 42 -0.441263
  19 42 -0.709658
  20 42 -0.112784
6000 20 840
  1 42 0.386891
  2 42 0.0607837
  3 42 0.367862
  4 42 -0.172438
  5 42 -1.35253
  6 42 0.669663
  7 42 0.408141
  8 42 -0.600489
  9 42 -0.656032
  10 42 -0.705135
  11 42 -0.278827
  12 42 0.161086
  13 42 -0.525499
  14 42 0.0570443
  15 42 -1.10847
  16 42 1.05278
  17 42 -0.133807
  18 42 -0.472683
  19 42 -0.283424
  20 42 -0.426519
6100 20 840
  1 42 -0.0913471
  2 42 0.260431
  3 42 1.59202
  4 42 -1.49487
  5 42 0.51113
  6 42 1.01593
  7 42 -0.722461
  8 42 -0.538473
  9 42 -1.58541
  10 42 0.154404
  11 42 -1.1514
  12 42 0.524928
  13 42 -0.0201898
  14 42 0.623771
  15 42 -0.373693
  16 42 -0.311099
  17 42 0.0413062
  18 42 0.59855
  19 42 0.251713
  20 42 -0.222081
6200 20 840
  1 42 -0.157672
  2 42 -0.254925
  3 42 0.596986
  4 42 0.522926
  5 42 0.806998
  6 42 -0.286221
  7 42 0.224715
  8 42 0.226209
  9 42 -0.172046
  10 42 -0.0210103
  11 42 -0.188246
  12 42 -0.122127
  13 42 -0.616205
  14 42 -0.186415
  15 42 -0.65597
  16 42 -0.565038
  17 42 -1.15479
  18 42 0.126425
  19 42 1.51295
  20 42 -0.415595
6300 20 840
  1 42 -0.268937
  2 42 -0.260519
  3 42 0.94576
  4 42 -1.13321
  5 42 -1.36772
  6 42 0.231151
  7 42 -2.36458
  8 42 0.735044
  9 42 1.01603
  10 42 0.338784
  11 42 2.80087
  12 42 1.3144
  13 42 1.0332
  14 42 -0.32558
  15 42 -0.038017
  16 42 1.27545
  17 42 0.202753
  18 42 -0.143368
  19 42 2.60106
  20 42 -0.379648
6400 20 840
  1 42 -0.485582
  2 42 -0.681059
  3 42 -0.798853
  4 42 0.449436
  5 42 -1.03879
  6 42 -0.394015
  7 42 -1.3258
  8 42 -0.804651
  9 42 0.602255
  10 42 0.357361
  11 42 0.810333
  12 42 0.425852
  13 42 -1.28495
  14 42 0.218247
  15 42 0.256293
  16 42 -0.134987
  17 42 -0.297664
  18 42 0.5064
  19 42 1.06964
  20 42 -0.392167
6500 20 840
  1 42 1.07923
  2 42 -0.00266365
  3 42 -0.603072
  4 42 -0.374146
  5 42 -0.645854
  6 42 -0.637811
  7 42 -1.62004
  8 42 -0.623354
  9 42 -0.962372
  10 42 0.669485
  11 42 -0.939303
  12 42 -0.817394
  13 42 -0.320282
  14 42 -0.150299
  15 42 -1.10749
  16 42 -0.333135
  17 42 0.195879
  18 42 -0.0791313
  19 42 -1.17704
  20 42 0.550353
6600 20 840
  1 42 1.20665
  2 42 -0.355631
  3 42 -0.26184
  4 42 -0.636589
  5 42 0.355572
  6 42 0.539953
  7 42 -2.40178
  8 42 0.189542
  9 42 -1.85544
  10 42 -0.464161
  11 42 -0.577768
  12 42 -0.496029
  13 42 0.601301
  14 42 0.350663
  15 42 0.300667
  16 42 1.78707
  17 42 0.0778031
  18 42 0.191632
  19 42 -1.22276
  20 42 -0.761809
6700 20 840
  1 42 -0.436029
  2 42 -0.147558
  3 42 0.161534
  4 42 -0.276546
  5 42 0.293621
  6 42 0.0506555
  7 42 0.724929
  8 42 0.11593
  9 42 -0.520597
  10 42 -0.10968
  11 42 -0.89117
  12 42 0.0437623
  13 42 -0.319515
  14 42 -0.759824
  15 42 0.594773
  16 42 -1.08377
  17 42 1.47555
  18 42 0.694869
  19 42 0.167892
  20 42 0.0103501
6800 20 840
  1 42 0.880675
  2 42 -0.569723
  3 42 -0.529809
  4 42 -0.381636
  5 42 0.835027
  6 42 0.885448
  7 42 0.714613
  8 42 0.694303
  9 42 2.12947
  10 42 -0.769337
  11 42 -0.811339
  12 42 -1.11022
  13 42 -0.57606
  14 42 -0.195307
  15 42 -1.55768
  16 42 1.03053
  17 42 -0.4974
  18 42 0.057943
  19 42 0.707033
  20 42 -0.377738
6900 20 840
  1 42 -0.0833457
  2 42 -0.541547
  3 42 0.790475
  4 42 -0.239512
  5 42 -0.184087
  6 42 0.238167
  7 42 1.41779
  8 42 0.0939749
  9 42 1.17035
  10 42 -0.639892
  11 42 -0.691969
  12 42 -0.81849
  13 42 -0.892605
  14 42 0.647205
  15 42 -0.680254
  16 42 -1.27432
  17 42 0.981293
  18 42 0.159571
  19 42 -0.209704
  20 42 -1.60019
7000 20 840
  1 42 -0.539902
  2 42 -0.0590629
  3 42 -1.60389
  4 42 -0.664176
  5 42 -0.0117099
  6 42 0.0299889
  7 42 1.74983
  8 42 -0.654189
  9 42 0.140112
  10 42 0.244345
  11 42 -0.520144
  12 42 -0.169015
  13 42 -1.04775
  14 42 -0.255927
  15 42 -1.11618
  16 42 -0.350373
  17 42 -0.296381
  18 42 0.523049
  19 42 -0.672792
  20 42 0.106007
7100 20 840
  1 42 -1.1309
  2 42 -1.13236
  3 42 -1.69355
  4 42 0.359357
  5 42 -0.589633
  6 42 -0.165646
  7 42 -0.666953
  8 42 -0.579417
  9 42 1.13556
  10 42 -0.131275
  11 42 0.867425
  12 42 0.239442
  13 42 -0.578274
  14 42 -0.263111
  15 42 1.22625
  16 42 0.370597
  17 42 0.410477
  18 42 -0.474971
  19 42 -0.409537
  20 42 -0.106719
7200 20 840
  1 42 -0.935028
  2 42 0.773584
  3 42 -0.102924
  4 42 0.166737
  5 42 1.40645
  6 42 -0.679152
  7 42 1.33295
  8 42 0.149523
  9 42 -0.290004
  10 42 -1.48116
  11 42 -0.828995
  12 42 -1.37934
  13 42 -0.812798
  14 42 -0.655904
  15 42 -0.31717
  16 42 -0.121297
  17 42 0.114057
  18 42 -0.988114
  19 42 -0.383941
  20 42 0.759687
7300 20 840
  1 42 -0.789721
  2 42 0.0635085
  3 42 -0.0137742
  4 42 0.422321
  5 42 -0.328593
  6 42 -0.783642
  7 42 -2.51081
  8 42 -0.63808
  9 42 -0.052915
  10 42 -1.03146
  11 42 0.348864
  12 42 -0.0646245
  13 42 -0.924095
  14 42 -0.00432453
  15 42 -0.45904
  16 42 -0.783939
  17 42 -0.652949
  18 42 -0.559753
  19 42 -1.55834
  20 42 -0.74845
7400 20 840
  1 42 -0.0397629
  2 42 -0.447832
  3 42 0.947255
  4 42 -0.744164
  5 42 -0.332212
  6 42 -0.10511
  7 42 0.75149
  8 42 -0.424181
  9 42 -0.163427
  10 42 -0.121255
  11 42 -0.387331
  12 42 0.128324
  13 42 -0.235443
  14 42 -0.370233
  15 42 0.669832
  16 42 -1.45209
  17 42 -0.361599
  18 42 -0.255017
  19 42 -1.08647
  20 42 -0.671707
7500 20 840
  1 42 -0.391965
  2 42 -0.252316
  3 42 0.602063
  4 42 -0.229437
  5 42 -1.97571
  6 42 -0.488015
  7 42 -0.927283
  8 42 -0.250425
  9 42 0.981738
  10 42 0.275351
  11 42 1.60298
  12 42 0.930537
  13 42 0.144174
  14 42 -0.0363583
  15 42 -0.247267
  16 42 1.55296
  17 42 -0.0196479
  18 42 0.193879
  19 42 0.523872
  20 42 -0.116583
7600 20 840
  1 42 0.186949
  2 42 0.369097
  3 42 0.929111
  4 42 -0.140832
  5 42 0.524456
  6 42 1.32819
  7 42 -0.00324008
  8 42 -0.863179
  9 42 -0.168985
  10 42 0.252234
  11 42 -0.160996
  12 42 0.268025
  13 42 0.17945
  14 42 0.206543
  15 42 0.49661
  16 42 0.200574
  17 42 -0.358655
  18 42 0.828337
  19 42 1.0982
  20 42 0.553856
7700 20 840
  1 42 0.27516
  2 42 0.763334
  3 42 0.786412
  4 42 0.507079
  5 42 -1.03272
  6 42 1.41411
  7 42 -2.39198
  8 42 0.425228
  9 42 -1.68638
  10 42 -0.435043
  11 42 -0.807774
  12 42 -0.285183
  13 42 0.926985
  14 42 0.761625
  15 42 1.11115
  16 42 0.379367
  17 42 0.712327
  18 42 -0.252924
  19 42 2.55768
  20 42 -0.102455
7800 20 840
  1 42 -0.0508927
  2 42 0.0593358
  3 42 1.06459
  4 42 -0.148326
  5 42 -0.97737
  6 42 0.174948
  7 42 -0.596676
  8 42 -0.158849
  9 42 -0.876375
  10 42 0.444752
  11 42 -0.466671
  12 42 -0.945974
  13 42 0.0583308
  14 42 0.108738
  15 42 -0.432113
  16 42 -0.773097
  17 42 -0.541954
  18 42 -0.186774
  19 42 0.160352
  20 42 0.0307879
7900 20 840
  1 42 -0.496939
  2 42 0.0269568
  3 42 1.74149
  4 42 -0.0664535
  5 42 -0.0813491
  6 42 -0.578228
  7 42 -1.75082
  8 42 -0.924701
  9 42 -0.648724
  10 42 -0.525675
  11 42 -0.282384
  12 42 0.65357
  13 42 -1.08191
  14 42 -0.597047
  15 42 1.92287
  16 42 -0.420295
  17 42 -0.306002
  18 42 0.143216
  19 42 0.19126
  20 42 0.0551258
8000 20 840
  1 42 0.778891
  2 42 -0.883874
  3 42 -0.627175
  4 42 -0.163548
  5 42 0.896891
  6 42 0.382351
  7 42 -1.31485
  8 42 -0.253583
  9 42 -2.40941
  10 42 0.0183468
  11 42 -0.568991
  12 42 -0.132141
  13 42 -0.925519
  14 42 -0.699718
  15 42 -0.537455
  16 42 0.550535
  17 42 -0.80132
  18 42 -0.115882
  19 42 -0.437758
  20 42 -1.00839
8100 20 840
  1 42 -1.05716
  2 42 -0.133434
  3 42 -0.749627
  4 42 -0.82398
  5 42 0.149809
  6 42 0.149842
  7 42 0.063209
  8 42 -0.0111932
  9 42 -0.341101
  10 42 0.263668
  11 42 -0.49783
  12 42 -0.377523
  13 42 -0.841738
  14 42 -1.32992
  15 42 -0.755252
  16 42 -0.332941
  17 42 -0.191098
  18 42 -0.482784
  19 42 -0.395145
  20 42 0.00592628
8200 20 840
  1 42 -0.386514
  2 42 0.946087
  3 42 -0.0952869
  4 42 -0.457487
  5 42 0.600528
  6 42 -0.582838
  7 42 1.17534
  8 42 0.201044
  9 42 -0.0442428
  10 42 -0.479327
  11 42 -0.143623
  12 42 -0.68373
  13 42 -1.39096
  14 42 -0.688762
  15 42 -0.693525
  16 42 -0.744413
  17 42 -0.320145
  18 42 -1.20074
  19 42 -0.541196
  20 42 -0.3767
8300 20 840
  1 42 -1.17514
  2 42 0.181644
  3 42 -0.714219
  4 42 -1.62201
  5 42 0.122124
  6 42 0.953015
  7 42 1.07513
  8 42 -0.346849
  9 42 -0.744055
  10 42 -0.347526
  11 42 -0.228562
  12 42 0.320778
  13 42 0.0751741
  14 42 0.544815
  15 42 -0.696539
  16 42 0.908665
  17 42 0.897981
  18 42 -0.0294547
  19 42 -0.879909
  20 42 -0.853154
8400 20 840
  1 42 -0.171794
  2 42 -0.520871
  3 42 0.0213059
  4 42 0.920966
  5 42 -0.810196
  6 42 0.429755
  7 42 0.497468
  8 42 -1.01173
  9 42 -0.188568
  10 42 -0.757009
  11 42 -0.0785104
  12 42 -0.835414
  13 42 -1.5356
  14 42 -0.206982
  15 42 0.0903175
  16 42 0.417959
  17 42 -0.647727
  18 42 -0.313719
  19 42 -0.329964
  20 42 -0.637294
8500 20 840
  1 42 -0.580759
  2 42 -0.496735
  3 42 -0.298182
  4 42 -1.1775
  5 42 -0.436616
  6 42 0.659501
  7 42 1.37454
  8 42 0.238898
  9 42 1.28761
  10 42 -0.707124
  11 42 -0.562282
  12 42 0.161829
  13 42 -0.142052
  14 42 0.281245
  15 42 -0.896239
  16 42 -0.144153
  17 42 -0.0306448
  18 42 0.917518
  19 42 1.243
  20 42 -0.387913
8600 20 840
  1 42 0.444354
  2 42 -0.182092
  3 42 -1.32168
  4 42 -0.386209
  5 42 0.739837
  6 42 0.0149539
  7 42 0.127442
  8 42 1.1799
  9 42 1.03243
  10 42 -0.0681572
  11 42 -0.532712
  12 42 0.836883
  13 42 -0.646097
  14 42 0.526104
  15 42 -0.171644
  16 42 0.502942
  17 42 -0.816432
  18 42 0.555588
  19 42 -1.27713
  20 42 -1.47738
8700 20 840
  1 42 -0.361489
  2 42 0.270349
  3 42 -0.563264
  4 42 -0.0741429
  5 42 0.485781
  6 42 -1.01824
  7 42 0.315329
  8 42 0.553762
  9 42 -0.0280385
  10 42 -0.0197237
  11 42 0.00102311
  12 42 0.223464
  13 42 -1.42292
  14 42 -1.09992
  15 42 -0.774115
  16 42 -0.816243
  17 42 0.127642
  18 42 -0.121521
  19 42 0.732587
  20 42 0.279563
8800 20 840
  1 42 -0.0279559
  2 42 -1.04112
  3 42 0.185705
  4 42 -0.0822844
  5 42 -0.584149
  6 42 0.00436126
  7 42 -1.16833
  8 42 0.794847
  9 42 -0.82469
  10 42 -0.451809
  11 42 -0.0504927
  12 42 -0.00405519
  13 42 -1.39563
  14 42 -0.168566
  15 42 -1.62963
  16 42 -0.513561
  17 42 -0.573289
  18 42 -0.356472
  19 42 0.656891
  20 42 -0.220561
8900 20 840
  1 42 -0.33666
  2 42 0.401625
  3 42 0.0986854
  4 42 -0.697988
  5 42 -0.747529
  6 42 -0.467721
  7 42 -1.35389
  8 42 -0.37632
  9 42 -0.695684
  10 42 1.37827
  11 42 -0.0164864
  12 42 -0.159061
  13 42 -0.587125
  14 42 0.207575
  15 42 0.202166
  16 42 -0.655773
  17 42 0.333954
  18 42 -0.169691
  19 42 -0.142891
  20 42 -0.461928
9000 20 840
  1 42 0.0137547
  2 42 0.414303
  3 42 -0.0546795
  4 42 -0.0194308
  5 42 0.209693
  6 42 -0.494891
  7 42 -0.0506687
  8 42 0.155482
  9 42 -0.518557
  10 42 1.50384
  11 42 -0.821967
  12 42 -0.541341
  13 42 0.328813
  14 42 0.467459
  15 42 -0.706614
  16 42 1.09653
  17 42 -0.714309
  18 42 -0.801399
  19 42 0.857078
  20 42 0.592598
9100 20 840
  1 42 0.841044
  2 42 -0.86914
  3 42 0.383891
  4 42 -0.0220862
  5 42 -0.256484
  6 42 -1.02796
  7 42 -1.51944
  8 42 0.790229
  9 42 -1.46186
  10 42 -0.272785
  11 42 -0.311539
  12 42 -0.07546
  13 42 0.243368
  14 42 0.446308
  15 42 -0.434665
  16 42 1.47958
  17 42 0.0702268
  18 42 -0.316479
  19 42 2.75287
  20 42 0.538574
9200 20 840
  1 42 0.646739
  2 42 -0.618925
  3 42 -0.526936
  4 42 0.0276067
  5 42 0.510195
  6 42 0.377859
  7 42 -0.874164
  8 42 0.432958
  9 42 0.310641
  10 42 -0.533043
  11 42 -0.546084
  12 42 0.411999
  13 42 -0.75738
  14 42 -0.824584
  15 42 -0.358213
  16 42 -0.614778
  17 42 -0.12159
  18 42 0.332065
  19 42 0.183744
  20 42 -0.226017
9300 20 840
  1 42 -0.775058
  2 42 -0.675285
  3 42 -0.234001
  4 42 -0.521135
  5 42 -0.528373
  6 42 0.204658
  7 42 -1.09367
  8 42 -0.553653
  9 42 -0.573932
  10 42 0.86451
  11 42 -0.215499
  12 42 1.08253
  13 42 -0.15546
  14 42 -0.49609
  15 42 -0.623735
  16 42 -0.368095
  17 42 0.368089
  18 42 1.91752
  19 42 0.821723
  20 42 -0.947449
9400 20 840
  1 42 -0.423062
  2 42 -0.243698
  3 42 1.0671
  4 42 -1.09543
  5 42 0.703348
  6 42 -0.431092
  7 42 -0.476909
  8 42 -0.0272471
  9 42 -1.65322
  10 42 -0.330818
  11 42 -1.0524
  12 42 0.0789479
  13 42 -0.340188
  14 42 -0.122277
  15 42 -0.62858
  16 42 -0.159766
  17 42 0.993628
  18 42 0.384926
  19 42 -0.797097
  20 42 -0.812123
9500 20 840
  1 42 -1.11133
  2 42 -0.784509
  3 42 -1.70509
  4 42 -0.612638
  5 42 -0.244482
  6 42 -0.483954
  7 42 -0.373108
  8 42 -0.61014
  9 42 0.312779
  10 42 -0.250644
  11 42 0.145523
  12 42 0.657255
  13 42 -0.307412
  14 42 -0.202356
  15 42 -0.971499
  16 42 0.215298
  17 42 1.01536
  18 42 0.350635
  19 42 -0.994879
  20 42 -0.772154
9600 20 840
  1 42 -0.0654353
  2 42 0.801791
  3 42 -0.827699
  4 42 0.254791
  5 42 0.413803
  6 42 1.07876
  7 42 -0.147886
  8 42 -0.53032
  9 42 0.829128
  10 42 -1.26509
  11 42 -1.04145
  12 42 -0.143755
  13 42 -0.631331
  14 42 -0.132627
  15 42 -0.121623
  16 42 -0.237518
  17 42 0.0258662
  18 42 -0.507746
  19 42 1.91388
  20 42 -1.04608
9700 20 840
  1 42 -0.387287
  2 42 -0.363466
  3 42 0.187703
  4 42 0.649603
  5 42 0.327244
  6 42 -0.691062
  7 42 0.848664
  8 42 1.24942
  9 42 1.11628
  10 42 -0.928287
  11 42 -0.869191
  12 42 -0.603467
  13 42 -0.21689
  14 42 -0.118372
  15 42 -0.889226
  16 42 -1.01219
  17 42 -0.0653418
  18 42 -1.10335
  19 42 2.06967
  20 42 0.109747
9800 20 840
  1 42 0.206768
  2 42 -0.69271
  3 42 -0.535627
  4 42 -0.986677
  5 42 0.18342
  6 42 -1.51102
  7 42 1.32823
  8 42 -0.105479
  9 42 -0.866143
  10 42 1.26491
  11 42 -0.153596
  12 42 -0.248677
  13 42 -0.439184
  14 42 -0.529134
  15 42 -1.35759
  16 42 0.348433
  17 42 -0.774349
  18 42 -0.661459
  19 42 -1.47841
  20 42 0.739153
9900 20 840
  1 42 -0.543724
  2 42 -0.967907
  3 42 0.374976
  4 42 -0.0516095
  5 42 -1.10232
  6 42 -0.368207
  7 42 1.01626
  8 42 0.0569763
  9 42 0.180466
  10 42 -0.468257
  11 42 0.704528
  12 42 0.495663
  13 42 0.297028
  14 42 -0.0566423
  15 42 0.582306
  16 42 -0.443588
  17 42 0.0678651
  18 42 0.74672
  19 42 1.44309
  20 42 -0.973953
10000 20 840
  1 42 -0.147209
  2 42 -0.791853
  3 42 0.737965
  4 42 -0.418717
  5 42 -0.38494
  6 42 0.819054
  7 42 -0.439799
  8 42 -0.154659
  9 42 1.55542
  10 42 -0.705642
  11 42 1.34458
  12 42 -0.19553
  13 42 -0.966539
  14 42 0.297493
  15 42 -0.388352
  16 42 -0.22558
  17 42 -1.59471
  18 42 -0.867191
  19 42 -1.1154
  20 42 0.346916
