# Chunk-averaged data for fix sternForces and group all
# Timestep Number-of-chunks Total-count
# Chunk Ncount c_sternComp
0 20 840
  1 42 -0.120258
  2 42 -0.120258
  3 42 -0.120258
  4 42 -0.120258
  5 42 -0.120258
  6 42 -0.120258
  7 42 -0.120258
  8 42 -0.120258
  9 42 -0.120258
  10 42 -0.120258
  11 42 -0.120258
  12 42 -0.120258
  13 42 -0.120258
  14 42 -0.120258
  15 42 -0.120258
  16 42 -0.120258
  17 42 -0.120258
  18 42 -0.120258
  19 42 -0.120258
  20 42 -0.120258
100 20 840
  1 42 -0.698408
  2 42 -0.300178
  3 42 0.42768
  4 42 -0.569806
  5 42 -1.18337
  6 42 -0.122766
  7 42 -0.115378
  8 42 1.11617
  9 42 -0.0741001
  10 42 -0.249971
  11 42 0.294238
  12 42 1.26478
  13 42 -0.296864
  14 42 -0.220523
  15 42 0.00367683
  16 42 1.18623
  17 42 -0.765048
  18 42 -0.112569
  19 42 -1.02631
  20 42 -1.35748
200 20 840
  1 42 0.427273
  2 42 -1.09009
  3 42 -0.341181
  4 42 -0.321278
  5 42 0.0376935
  6 42 0.654127
  7 42 1.19293
  8 42 0.579176
  9 42 -0.390111
  10 42 -0.75384
  11 42 -0.924344
  12 42 -0.499435
  13 42 0.305095
  14 42 -1.25978
  15 42 -0.870223
  16 42 -1.37762
  17 42 -0.0720037
  18 42 0.573331
  19 42 0.452805
  20 42 -1.30211
300 20 840
  1 42 0.151143
  2 42 0.60181
  3 42 0.798325
  4 42 -1.11695
  5 42 1.35039
  6 42 0.973759
  7 42 0.624399
  8 42 -0.154825
  9 42 0.677902
  10 42 -0.603932
  11 42 -1.48381
  12 42 -0.995485
  13 42 -0.536015
  14 42 0.433912
  15 42 -0.897122
  16 42 1.6393
  17 42 0.440188
  18 42 -0.107381
  19 42 -0.843148
  20 42 0.492877
400 20 840
  1 42 0.457718
  2 42 0.195808
  3 42 0.671156
  4 42 -0.957263
  5 42 0.186738
  6 42 -0.0655296
  7 42 1.10282
  8 42 0.0520411
  9 42 -1.06199
  10 42 -1.29367
  11 42 0.849583
  12 42 -1.1409
  13 42 -0.492296
  14 42 0.0455545
  15 42 -0.555354
  16 42 -0.412552
  17 42 -0.339546
  18 42 -0.809273
  19 42 -0.0415004
  20 42 0.265451
500 20 840
  1 42 -0.660652
  2 42 -0.0865098
  3 42 -1.23342
  4 42 -0.484115
  5 42 -1.21157
  6 42 -0.916752
  7 42 0.467427
  8 42 0.750988
  9 42 0.881273
  10 42 -0.150532
  11 42 1.09188
  12 42 -0.449718
  13 42 -0.36378
  14 42 -0.033155
  15 42 0.628202
  16 42 -0.205131
  17 42 0.203628
  18 42 -0.270375
  19 42 1.30126
  20 42 0.023644
600 20 840
  1 42 -0.487199
  2 42 -0.318873
  3 42 -0.982458
  4 42 -1.69225
  5 42 0.300981
  6 42 0.601618
  7 42 0.16132
  8 42 -0.123766
  9 42 0.0178585
  10 42 -0.631984
  11 42 -1.19131
  12 42 0.913992
  13 42 -0.809858
  14 42 -0.429726
  15 42 -0.494991
  16 42 -0.305062
  17 42 -0.297255
  18 42 -1.05727
  19 42 0.300436
  20 42 -0.861264
700 20 840
  1 42 -0.585446
  2 42 0.0988252
  3 42 0.0117127
  4 42 0.352234
  5 42 0.522835
  6 42 -0.347229
  7 42 -0.133493
  8 42 0.0192647
  9 42 -1.71232
  10 42 -0.677021
  11 42 -0.199553
  12 42 0.171969
  13 42 0.274633
  14 42 -0.272856
  15 42 -1.02634
  16 42 0.182523
  17 42 -1.34839
  18 42 -0.0189878
  19 42 1.10336
  20 42 -1.66566
800 20 840
  1 42 -0.647086
  2 42 1.87059
  3 42 0.00311605
  4 42 -0.616052
  5 42 0.267493
  6 42 0.481753
  7 42 -0.751105
  8 42 -0.944876
  9 42 -1.22363
  10 42 2.35557
  11 42 -1.0423
  12 42 -0.295332
  13 42 -0.360626
  14 42 -1.55247
  15 42 -0.81576
  16 42 0.633793
  17 42 -0.8625
  18 42 0.0114665
  19 42 -2.44076
  20 42 1.60801
900 20 840
  1 42 -0.0235502
  2 42 0.187674
  3 42 0.280658
  4 42 0.214301
  5 42 -1.35105
  6 42 -0.201655
  7 42 -0.908396
  8 42 0.541248
  9 42 -1.19517
  10 42 -0.99303
  11 42 -0.618608
  12 42 0.920463
  13 42 -0.0594246
  14 42 0.228807
  15 42 0.0603485
  16 42 -0.180434
  17 42 -0.0340176
  18 42 0.589475
  19 42 0.0156844
  20 42 -1.19766
1000 20 840
  1 42 -0.658575
  2 42 -0.796072
  3 42 1.55715
  4 42 -0.372484
  5 42 1.31267
  6 42 0.5253
  7 42 -0.91807
  8 42 0.0166745
  9 42 -0.0398433
  10 42 -0.950925
  11 42 1.53372
  12 42 1.62654
  13 42 -0.441482
  14 42 0.209938
  15 42 -1.45853
  16 42 -0.188781
  17 42 0.223459
  18 42 -0.794639
  19 42 1.18866
  20 42 0.639175
1100 20 840
  1 42 -0.723275
  2 42 0.631796
  3 42 -0.398586
  4 42 -0.244766
  5 42 -0.821942
  6 42 0.844914
  7 42 -2.04724
  8 42 -0.729061
  9 42 -0.118676
  10 42 0.882208
  11 42 0.351644
  12 42 1.09551
  13 42 -0.789446
  14 42 1.19821
  15 42 0.635396
  16 42 -1.15853
  17 42 -0.0733845
  18 42 0.799761
  19 42 0.188914
  20 42 -0.661987
1200 20 840
  1 42 -1.10084
  2 42 -1.8469
  3 42 -1.32838
  4 42 0.237217
  5 42 -1.4251
  6 42 -0.942367
  7 42 -0.58967
  8 42 0.23859
  9 42 0.339014
  10 42 0.72155
  11 42 -1.36593
  12 42 -1.00374
  13 42 0.403596
  14 42 -0.389312
  15 42 -0.0503058
  16 42 0.58215
  17 42 0.553359
  18 42 -0.180615
  19 42 1.04859
  20 42 -0.666845
1300 20 840
  1 42 -0.904336
  2 42 -0.864895
  3 42 -0.313327
  4 42 -1.01368
  5 42 0.00336225
  6 42 -1.23451
  7 42 -0.632635
  8 42 -0.254538
  9 42 0.485655
  10 42 0.526638
  11 42 0.482683
  12 42 -0.453798
  13 42 -1.11757
  14 42 -2.1659
  15 42 0.803791
  16 42 -0.462634
  17 42 -0.935406
  18 42 0.4339
  19 42 3.23209
  20 42 -0.215703
1400 20 840
  1 42 0.460535
  2 42 -0.533373
  3 42 -0.253186
  4 42 1.3592
  5 42 -0.917576
  6 42 -0.514665
  7 42 -0.105911
  8 42 -0.812026
  9 42 -0.151311
  10 42 -1.11872
  11 42 -0.221795
  12 42 -1.44712
  13 42 -0.0302144
  14 42 -1.4817
  15 42 0.122495
  16 42 -0.2427
  17 42 -9.70038e-05
  18 42 -0.662683
  19 42 -2.21817
  20 42 -1.77816
1500 20 840
  1 42 0.103428
  2 42 -0.45591
  3 42 -0.577896
  4 42 -0.450377
  5 42 -0.447426
  6 42 -0.0393349
  7 42 -0.896686
  8 42 0.509904
  9 42 0.102539
  10 42 -0.864971
  11 42 -0.773766
  12 42 -0.500287
  13 42 -0.451923
  14 42 0.195408
  15 42 -0.114328
  16 42 -0.838557
  17 42 -1.11074
  18 42 -0.676784
  19 42 0.891802
  20 42 0.60789
1600 20 840
  1 42 0.954331
  2 42 -0.146442
  3 42 1.03716
  4 42 -0.678278
  5 42 0.383697
  6 42 -1.78592
  7 42 1.07627
  8 42 -0.0853208
  9 42 3.18139
  10 42 0.504503
  11 42 1.09795
  12 42 -0.225336
  13 42 -1.38393
  14 42 -0.224212
  15 42 -0.806111
  16 42 0.794874
  17 42 0.163426
  18 42 -1.43235
  19 42 -0.809894
  20 42 1.09242
1700 20 840
  1 42 0.603384
  2 42 -1.52066
  3 42 -0.695077
  4 42 -0.388448
  5 42 -1.51634
  6 42 0.126202
  7 42 1.01937
  8 42 0.902813
  9 42 0.360151
  10 42 -1.66274
  11 42 -0.135958
  12 42 0.0278262
  13 42 -0.0333089
  14 42 -0.134621
  15 42 -0.879717
  16 42 -0.419295
  17 42 1.2587
  18 42 0.836072
  19 42 -2.84891
  20 42 -0.318608
1800 20 840
  1 42 2.0393
  2 42 0.846787
  3 42 0.7675
  4 42 -0.590908
  5 42 0.844675
  6 42 0.785094
  7 42 -0.541358
  8 42 0.297579
  9 42 -1.04448
  10 42 -0.0678236
  11 42 -0.587091
  12 42 -0.431598
  13 42 -0.66081
  14 42 0.379584
  15 42 -1.15438
  16 42 0.767043
  17 42 0.841624
  18 42 0.655492
  19 42 -1.27653
  20 42 -0.1298
1900 20 840
  1 42 -0.0749903
  2 42 0.815627
  3 42 2.3637
  4 42 0.244848
  5 42 1.0639
  6 42 -0.685766
  7 42 1.84889
  8 42 0.176629
  9 42 -0.0565319
  10 42 -1.21452
  11 42 -1.66775
  12 42 -1.07061
  13 42 1.08746
  14 42 0.100736
  15 42 0.0186885
  16 42 -0.0449499
  17 42 -0.200749
  18 42 1.24998
  19 42 1.42421
  20 42 -0.371151
2000 20 840
  1 42 0.0205965
  2 42 0.0215758
  3 42 0.0312928
  4 42 0.246487
  5 42 -0.48426
  6 42 -0.131671
  7 42 -0.474476
  8 42 -0.635603
  9 42 -0.116236
  10 42 0.210283
  11 42 -1.78036
  12 42 0.33375
  13 42 -0.0323595
  14 42 0.559216
  15 42 -1.01003
  16 42 -0.558161
  17 42 0.253065
  18 42 0.797694
  19 42 -0.20672
  20 42 -1.6559
2100 20 840
  1 42 -0.989962
  2 42 -0.00574754
  3 42 1.38237
  4 42 -1.25785
  5 42 0.0598558
  6 42 0.0537647
  7 42 1.30924
  8 42 0.0184859
  9 42 -0.187716
  10 42 -0.833996
  11 42 0.186836
  12 42 1.88018
  13 42 0.120979
  14 42 -0.532256
  15 42 1.44823
  16 42 -0.016249
  17 42 0.373944
  18 42 -0.152319
  19 42 2.32595
  20 42 -0.784756
2200 20 840
  1 42 -0.204818
  2 42 0.164779
  3 42 0.244804
  4 42 -0.146613
  5 42 -1.27533
  6 42 -0.513182
  7 42 -1.43756
  8 42 -0.82489
  9 42 -0.680388
  10 42 -0.651093
  11 42 1.32041
  12 42 0.171391
  13 42 -0.674221
  14 42 0.0129252
  15 42 0.267441
  16 42 -0.671464
  17 42 -1.29861
  18 42 -0.713608
  19 42 -1.26018
  20 42 0.259468
2300 20 840
  1 42 -0.765316
  2 42 2.56989
  3 42 1.45755
  4 42 -0.701583
  5 42 0.567983
  6 42 -0.248649
  7 42 0.842737
  8 42 0.102777
  9 42 -1.45356
  10 42 -0.247994
  11 42 0.124724
  12 42 -0.998729
  13 42 -0.664812
  14 42 -0.122922
  15 42 0.811474
  16 42 0.319229
  17 42 -1.94019
  18 42 -1.55499
  19 42 -2.55716
  20 42 1.48723
2400 20 840
  1 42 -0.593188
  2 42 -0.0336206
  3 42 0.163824
  4 42 0.327309
  5 42 -0.760783
  6 42 -0.431699
  7 42 -2.6854
  8 42 -0.46542
  9 42 -1.7159
  10 42 -1.00766
  11 42 0.373917
  12 42 0.177994
  13 42 0.618881
  14 42 -0.484241
  15 42 0.697756
  16 42 -0.558853
  17 42 -0.904787
  18 42 -1.88495
  19 42 -1.06939
  20 42 -1.20393
2500 20 840
  1 42 -2.36086
  2 42 -0.957909
  3 42 0.242686
  4 42 -0.0530769
  5 42 -2.42534
  6 42 -0.373981
  7 42 0.422318
  8 42 -0.385265
  9 42 -2.21088
  10 42 0.514956
  11 42 -1.34362
  12 42 0.799602
  13 42 0.225693
  14 42 -0.138745
  15 42 -0.540774
  16 42 -0.106406
  17 42 -0.722754
  18 42 -0.881289
  19 42 0.91481
  20 42 -0.937097
2600 20 840
  1 42 -0.890477
  2 42 -2.44937
  3 42 1.53005
  4 42 0.38611
  5 42 -0.544342
  6 42 -0.187766
  7 42 0.00419208
  8 42 -0.00608454
  9 42 2.35987
  10 42 -0.358918
  11 42 -0.251599
  12 42 -1.38776
  13 42 -0.971509
  14 42 -0.894925
  15 42 -0.265462
  16 42 -0.451176
  17 42 -0.34004
  18 42 -0.438074
  19 42 -0.152052
  20 42 -0.194959
2700 20 840
  1 42 1.45099
  2 42 -0.425403
  3 42 0.209677
  4 42 0.55131
  5 42 -0.932913
  6 42 0.167701
  7 42 -1.19715
  8 42 -0.432325
  9 42 1.4079
  10 42 1.50138
  11 42 0.194098
  12 42 -0.0225172
  13 42 -0.104328
  14 42 0.992022
  15 42 1.98746
  16 42 -0.0948974
  17 42 0.853764
  18 42 1.37515
  19 42 2.57698
  20 42 -0.383651
2800 20 840
  1 42 -0.114754
  2 42 -0.454696
  3 42 -0.687837
  4 42 -0.599209
  5 42 1.33745
  6 42 -0.283102
  7 42 1.30451
  8 42 0.199473
  9 42 0.405569
  10 42 0.462078
  11 42 -0.930802
  12 42 -0.076081
  13 42 -0.845021
  14 42 -0.46508
  15 42 -0.868638
  16 42 -0.4838
  17 42 1.06849
  18 42 0.568505
  19 42 0.145908
  20 42 1.7481
2900 20 840
  1 42 0.58134
  2 42 0.092721
  3 42 -1.31359
  4 42 0.127582
  5 42 -0.675009
  6 42 0.334147
  7 42 -2.18893
  8 42 1.91308
  9 42 -0.782922
  10 42 -1.40085
  11 42 0.302536
  12 42 -0.317567
  13 42 0.622119
  14 42 -0.219894
  15 42 -0.574409
  16 42 -0.00123304
  17 42 1.6062
  18 42 -0.639011
  19 42 -0.183509
  20 42 -0.462402
3000 20 840
  1 42 0.114937
  2 42 -0.996375
  3 42 -1.84965
  4 42 -0.620784
  5 42 0.136022
  6 42 1.00184
  7 42 -1.39799
  8 42 0.133554
  9 42 2.00432
  10 42 -0.190426
  11 42 -0.444777
  12 42 0.541608
  13 42 -0.591552
  14 42 -1.20507
  15 42 -1.66658
  16 42 -0.379784
  17 42 0.375703
  18 42 0.498863
  19 42 -0.757622
  20 42 1.01581
3100 20 840
  1 42 -0.82039
  2 42 0.383569
  3 42 1.36725
  4 42 -0.522988
  5 42 1.81904
  6 42 0.0639248
  7 42 0.760758
  8 42 -0.33865
  9 42 -1.09373
  10 42 -0.103274
  11 42 -1.45372
  12 42 0.621398
  13 42 -1.12891
  14 42 -0.990437
  15 42 -0.316736
  16 42 -0.377337
  17 42 -0.0206597
  18 42 0.419841
  19 42 -1.09279
  20 42 -0.344265
3200 20 840
  1 42 0.636549
  2 42 -0.67778
  3 42 0.0591081
  4 42 -0.570822
  5 42 -0.74628
  6 42 0.619506
  7 42 0.191443
  8 42 0.290322
  9 42 1.12519
  10 42 -0.427168
  11 42 -0.716842
  12 42 -1.14032
  13 42 0.42157
  14 42 -0.648401
  15 42 -1.45859
  16 42 0.710945
  17 42 -0.280404
  18 42 -1.231
  19 42 -0.16224
  20 42 1.41842
3300 20 840
  1 42 -0.447534
  2 42 1.46996
  3 42 0.947909
  4 42 -2.12885
  5 42 -0.0116027
  6 42 -0.546795
  7 42 2.31291
  8 42 0.675757
  9 42 0.187881
  10 42 -1.65668
  11 42 -0.0691934
  12 42 -0.0238254
  13 42 -0.292409
  14 42 -1.31255
  15 42 0.090224
  16 42 -1.05808
  17 42 0.94121
  18 42 -0.0710819
  19 42 0.645688
  20 42 -0.11321
3400 20 840
  1 42 0.33291
  2 42 0.128879
  3 42 1.07789
  4 42 0.355417
  5 42 0.951444
  6 42 0.552781
  7 42 -0.0956978
  8 42 -0.684833
  9 42 0.962213
  10 42 -0.749797
  11 42 0.663858
  12 42 0.933377
  13 42 -0.49052
  14 42 0.399343
  15 42 0.321
  16 42 0.173802
  17 42 -0.838378
  18 42 -0.105741
  19 42 1.5974
  20 42 -1.05716
3500 20 840
  1 42 -1.00696
  2 42 -2.33185
  3 42 1.45151
  4 42 0.529106
  5 42 -0.411019
  6 42 -0.077821
  7 42 -0.371601
  8 42 0.649358
  9 42 -0.591843
  10 42 -0.00262857
  11 42 0.986341
  12 42 0.267604
  13 42 0.96402
  14 42 0.565364
  15 42 -1.26091
  16 42 0.576903
  17 42 -0.118145
  18 42 -1.41666
  19 42 0.277625
  20 42 1.02746
3600 20 840
  1 42 -0.422771
  2 42 0.408676
  3 42 -0.453297
  4 42 -0.826753
  5 42 -0.382375
  6 42 0.380539
  7 42 0.918775
  8 42 -1.6397
  9 42 -2.22252
  10 42 -0.422314
  11 42 -1.33837
  12 42 0.590067
  13 42 -1.09373
  14 42 0.623517
  15 42 -1.59197
  16 42 0.557676
  17 42 -0.701819
  18 42 1.02807
  19 42 -1.13055
  20 42 -1.39274
3700 20 840
  1 42 -1.65455
  2 42 -0.588644
  3 42 1.17398
  4 42 -0.559199
  5 42 0.385555
  6 42 -0.00813045
  7 42 -0.153909
  8 42 -0.141702
  9 42 -0.901107
  10 42 -2.52047
  11 42 -0.128566
  12 42 0.202351
  13 42 -1.02365
  14 42 -0.312214
  15 42 0.122309
  16 42 -0.245459
  17 42 -0.341758
  18 42 -0.512887
  19 42 -1.7298
  20 42 -0.956178
3800 20 840
  1 42 1.58838
  2 42 0.774957
  3 42 1.18837
  4 42 0.71662
  5 42 -0.541979
  6 42 0.392604
  7 42 -2.22594
  8 42 1.5036
  9 42 -0.654674
  10 42 -0.169547
  11 42 -0.750765
  12 42 -0.523768
  13 42 -1.16069
  14 42 0.109713
  15 42 -0.182869
  16 42 -0.352957
  17 42 -1.61921
  18 42 -0.18043
  19 42 1.00208
  20 42 -0.875869
3900 20 840
  1 42 -1.36762
  2 42 0.250832
  3 42 1.63962
  4 42 -0.767744
  5 42 0.927207
  6 42 0.282411
  7 42 -0.974485
  8 42 1.0051
  9 42 0.165279
  10 42 0.746773
  11 42 -1.81828
  12 42 1.66913
  13 42 0.534974
  14 42 0.579847
  15 42 0.253773
  16 42 -1.09581
  17 42 0.21393
  18 42 -0.00277967
  19 42 0.117469
  20 42 0.116764
4000 20 840
  1 42 -1.64886
  2 42 0.861309
  3 42 -1.81452
  4 42 -0.183611
  5 42 -1.04008
  6 42 -1.03098
  7 42 -1.55246
  8 42 0.627265
  9 42 1.00952
  10 42 1.10884
  11 42 0.66623
  12 42 1.03981
  13 42 -1.56574
  14 42 0.580743
  15 42 -0.160333
  16 42 -0.157196
  17 42 0.445352
  18 42 -0.21326
  19 42 2.53259
  20 42 -0.545802
4100 20 840
  1 42 -1.37754
  2 42 -0.6002
  3 42 1.36573
  4 42 -1.12791
  5 42 0.649842
  6 42 -0.726307
  7 42 1.00066
  8 42 0.140933
  9 42 -0.822961
  10 42 2.05279
  11 42 -0.426242
  12 42 -1.41093
  13 42 -0.683254
  14 42 -1.04858
  15 42 0.251946
  16 42 0.282672
  17 42 1.36924
  18 42 0.631135
  19 42 1.05139
  20 42 -0.114823
4200 20 840
  1 42 -0.251758
  2 42 -1.41209
  3 42 0.138077
  4 42 1.05953
  5 42 -3.32621
  6 42 -0.592242
  7 42 -2.15864
  8 42 -0.236894
  9 42 0.768472
  10 42 0.479553
  11 42 -0.467763
  12 42 -1.40585
  13 42 -1.32156
  14 42 -0.235992
  15 42 0.175466
  16 42 0.157433
  17 42 0.964836
  18 42 1.1967
  19 42 -1.01775
  20 42 -0.189959
4300 20 840
  1 42 0.83529
  2 42 0.946907
  3 42 2.65571
  4 42 -1.42743
  5 42 0.409912
  6 42 0.260298
  7 42 -0.401254
  8 42 0.0298317
  9 42 0.165066
  10 42 -0.350415
  11 42 -0.290182
  12 42 0.781814
  13 42 -0.621535
  14 42 0.0949512
  15 42 -0.248881
  16 42 0.254586
  17 42 0.792111
  18 42 0.0734464
  19 42 0.659581
  20 42 0.104334
4400 20 840
  1 42 -0.0886665
  2 42 -1.49869
  3 42 1.00533
  4 42 0.570348
  5 42 0.777468
  6 42 -0.520677
  7 42 -1.05044
  8 42 -0.184761
  9 42 1.67643
  10 42 -1.83303
  11 42 -0.34679
  12 42 0.143187
  13 42 -0.935431
  14 42 -0.239182
  15 42 -0.984549
  16 42 0.293319
  17 42 0.541712
  18 42 -0.0710286
  19 42 -1.07476
  20 42 -0.655634
4500 20 840
  1 42 1.64863
  2 42 -0.0746498
  3 42 1.05534
  4 42 -0.756751
  5 42 -2.23268
  6 42 -0.44135
  7 42 -1.33243
  8 42 -0.956316
  9 42 0.270134
  10 42 -0.0230302
  11 42 0.538456
  12 42 0.109848
  13 42 -1.70237
  14 42 -1.85743
  15 42 -0.287956
  16 42 -0.0509075
  17 42 0.810847
  18 42 -0.767074
  19 42 -2.85427
  20 42 -0.0928868
4600 20 840
  1 42 0.772757
  2 42 -1.78553
  3 42 0.119176
  4 42 -0.684312
  5 42 2.24536
  6 42 1.55909
  7 42 -0.544252
  8 42 -0.728697
  9 42 0.728747
  10 42 -2.42215
  11 42 1.00872
  12 42 -0.247291
  13 42 0.176426
  14 42 -0.483361
  15 42 -0.432486
  16 42 0.281135
  17 42 -1.33193
  18 42 -0.514287
  19 42 1.41568
  20 42 -1.2024
4700 20 840
  1 42 0.587957
  2 42 -0.00350897
  3 42 0.785251
  4 42 0.571886
  5 42 -0.574216
  6 42 0.866136
  7 42 -0.330834
  8 42 -1.72309
  9 42 -1.39447
  10 42 -1.41664
  11 42 -0.248304
  12 42 -1.24614
  13 42 0.783474
  14 42 0.467542
  15 42 -0.606757
  16 42 -0.582614
  17 42 0.240847
  18 42 0.384223
  19 42 -1.82376
  20 42 -1.26518
4800 20 840
  1 42 -0.545522
  2 42 0.261017
  3 42 -1.73033
  4 42 0.756156
  5 42 0.862487
  6 42 -0.736901
  7 42 0.926299
  8 42 -1.1896
  9 42 0.797685
  10 42 -1.45134
  11 42 -1.31196
  12 42 -1.37194
  13 42 -0.547406
  14 42 -0.326035
  15 42 -1.17646
  16 42 -0.457547
  17 42 -0.8209
  18 42 -0.907485
  19 42 0.994423
  20 42 0.0782324
4900 20 840
  1 42 -1.23335
  2 42 -1.64362
  3 42 0.838631
  4 42 -0.0832755
  5 42 -0.422402
  6 42 -0.493743
  7 42 -0.185484
  8 42 0.269655
  9 42 -1.81041
  10 42 -1.44087
  11 42 -1.43043
  12 42 -0.150554
  13 42 0.0805034
  14 42 -0.0815956
  15 42 0.674534
  16 42 -0.174687
  17 42 0.33354
  18 42 0.535523
  19 42 2.53375
  20 42 -1.45241
5000 20 840
  1 42 0.651446
  2 42 -0.517107
  3 42 -0.588196
  4 42 0.512066
  5 42 -2.85354
  6 42 0.501787
  7 42 -0.243638
  8 42 -0.249216
  9 42 1.17385
  10 42 -1.13862
  11 42 -1.32393
  12 42 0.66067
  13 42 -1.41886
  14 42 -0.249837
  15 42 -0.675907
  16 42 -0.458589
  17 42 -1.38361
  18 42 0.319145
  19 42 -3.09097
  20 42 0.124358
5100 20 840
  1 42 0.549409
  2 42 -1.37614
  3 42 0.0837219
  4 42 -0.447272
  5 42 -0.0377968
  6 42 0.285744
  7 42 1.4025
  8 42 0.241272
  9 42 0.0273809
  10 42 -0.518269
  11 42 0.0936526
  12 42 1.02241
  13 42 -0.484491
  14 42 -0.378891
  15 42 -0.0965863
  16 42 -0.667548
  17 42 0.424111
  18 42 0.659872
  19 42 -2.21124
  20 42 -0.446011
5200 20 840
  1 42 -0.470033
  2 42 0.0448998
  3 42 -0.422604
  4 42 -0.853125
  5 42 0.874813
  6 42 0.323394
  7 42 -0.763216
  8 42 0.41549
  9 42 -2.47943
  10 42 1.85168
  11 42 0.794083
  12 42 0.87438
  13 42 -0.293454
  14 42 0.113696
  15 42 0.404419
  16 42 0.747313
  17 42 1.01536
  18 42 -1.12223
  19 42 1.17386
  20 42 0.580614
5300 20 840
  1 42 -1.92423
  2 42 0.25573
  3 42 -0.252997
  4 42 0.98771
  5 42 -2.7396
  6 42 -0.0876947
  7 42 -0.940896
  8 42 0.240025
  9 42 -0.957782
  10 42 0.38347
  11 42 0.374875
  12 42 -0.311203
  13 42 0.311386
  14 42 -0.766758
  15 42 -0.192109
  16 42 -0.281086
  17 42 0.462905
  18 42 -0.993177
  19 42 -1.92153
  20 42 -0.147095
5400 20 840
  1 42 -0.530923
  2 42 0.567388
  3 42 -0.0233571
  4 42 -1.43911
  5 42 -0.51959
  6 42 1.19423
  7 42 0.890897
  8 42 -0.178981
  9 42 -1.42594
  10 42 -0.28256
  11 42 -0.138217
  12 42 0.141104
  13 42 -0.356242
  14 42 0.0217168
  15 42 -1.2154
  16 42 0.848956
  17 42 0.362356
  18 42 -0.941057
  19 42 1.0576
  20 42 0.982071
5500 20 840
  1 42 -2.08533
  2 42 -1.09674
  3 42 -0.75061
  4 42 -0.342982
  5 42 -1.09604
  6 42 -0.48155
  7 42 -1.06827
  8 42 -0.482961
  9 42 0.85374
  10 42 0.0241805
  11 42 0.0831524
  12 42 0.609062
  13 42 -1.20234
  14 42 -0.104552
  15 42 0.412289
  16 42 0.121956
  17 42 0.663964
  18 42 -0.731465
  19 42 0.0956522
  20 42 0.175259
5600 20 840
  1 42 -1.46546
  2 42 -0.144312
  3 42 -1.48957
  4 42 -0.00962999
  5 42 0.0741304
  6 42 1.08813
  7 42 1.05637
  8 42 -0.725088
  9 42 1.04673
  10 42 2.22239
  11 42 -0.471165
  12 42 -1.11096
  13 42 -1.3268
  14 42 -1.40111
  15 42 0.530813
  16 42 0.349224
  17 42 -0.131227
  18 42 0.370792
  19 42 -0.795713
  20 42 -0.838579
5700 20 840
  1 42 -1.48845
  2 42 0.867436
  3 42 0.985538
  4 42 -2.0035
  5 42 1.30346
  6 42 -0.797434
  7 42 -1.72863
  8 42 0.529341
  9 42 0.726547
  10 42 -0.736327
  11 42 1.02069
  12 42 -0.198427
  13 42 -0.956251
  14 42 -1.73187
  15 42 0.927446
  16 42 -0.324213
  17 42 0.257173
  18 42 0.157064
  19 42 0.613074
  20 42 -0.544033
5800 20 840
  1 42 -1.36836
  2 42 0.101666
  3 42 -0.32185
  4 42 -0.134254
  5 42 0.865673
  6 42 -0.333345
  7 42 -0.740662
  8 42 0.489651
  9 42 -0.413429
  10 42 -1.51118
  11 42 -1.21517
  12 42 -0.0346564
  13 42 -0.428906
  14 42 -0.587354
  15 42 -1.7501
  16 42 -0.570337
  17 42 -0.595902
  18 42 0.16055
  19 42 0.31508
  20 42 -1.56279
5900 20 840
  1 42 -1.52081
  2 42 -0.798178
  3 42 1.61247
  4 42 1.47537
  5 42 0.510874
  6 42 2.02276
  7 42 -3.1242
  8 42 -1.17817
  9 42 -1.39131
  10 42 0.329595
  11 42 -1.55631
  12 42 0.124102
  13 42 -0.894543
  14 42 -0.132537
  15 42 -0.313966
  16 42 0.308064
  17 42 -0.270326
  18 42 0.337978
  19 42 -1.06557
  20 42 0.246529
6000 20 840
  1 42 2.37945
  2 42 -0.364495
  3 42 -0.297371
  4 42 -0.104136
  5 42 -1.36209
  6 42 0.338386
  7 42 0.778367
  8 42 -0.566079
  9 42 -0.0746736
  10 42 -1.35571
  11 42 0.170809
  12 42 -0.687719
  13 42 -0.702133
  14 42 -0.249172
  15 42 -0.903841
  16 42 0.643383
  17 42 0.00448733
  18 42 -0.600665
  19 42 -0.753374
  20 42 -0.333364
6100 20 840
  1 42 1.63831
  2 42 0.663558
  3 42 1.49903
  4 42 -2.71524
  5 42 1.3847
  6 42 0.692516
  7 42 0.0437293
  8 42 -0.898955
  9 42 0.509195
  10 42 -1.53718
  11 42 -2.34012
  12 42 1.64087
  13 42 -0.430955
  14 42 1.26387
  15 42 0.840018
  16 42 0.181292
  17 42 1.05137
  18 42 0.621985
  19 42 1.45726
  20 42 -0.182287
6200 20 840
  1 42 2.45036
  2 42 -0.535401
  3 42 1.50195
  4 42 0.15644
  5 42 1.18058
  6 42 -0.977367
  7 42 1.47823
  8 42 0.461528
  9 42 0.0609125
  10 42 -0.707603
  11 42 -0.883112
  12 42 0.190801
  13 42 -1.08108
  14 42 -0.166395
  15 42 -0.772235
  16 42 -1.17337
  17 42 -0.276148
  18 42 -1.00672
  19 42 2.43328
  20 42 0.300311
6300 20 840
  1 42 2.15141
  2 42 0.747859
  3 42 0.487765
  4 42 -0.844244
  5 42 -1.51383
  6 42 0.605384
  7 42 -0.975791
  8 42 0.767207
  9 42 1.41648
  10 42 0.108827
  11 42 1.76177
  12 42 1.45633
  13 42 1.99037
  14 42 0.020775
  15 42 -0.562349
  16 42 0.104296
  17 42 0.322178
  18 42 0.134504
  19 42 1.54023
  20 42 -0.731919
6400 20 840
  1 42 -1.35141
  2 42 0.00436923
  3 42 0.212752
  4 42 -0.489528
  5 42 -0.342723
  6 42 -0.808487
  7 42 1.13125
  8 42 -0.571014
  9 42 0.920327
  10 42 -0.599793
  11 42 0.0985882
  12 42 0.588355
  13 42 -0.917034
  14 42 -0.338844
  15 42 -0.222988
  16 42 -0.232904
  17 42 -1.12619
  18 42 -0.400738
  19 42 -0.818815
  20 42 -0.275772
6500 20 840
  1 42 -0.218875
  2 42 -0.501478
  3 42 -0.482976
  4 42 -0.235188
  5 42 -2.55738
  6 42 -1.05148
  7 42 0.848157
  8 42 0.213895
  9 42 -1.02084
  10 42 -0.840648
  11 42 0.223656
  12 42 -1.11444
  13 42 -0.452425
  14 42 -1.29501
  15 42 -1.25604
  16 42 -0.161145
  17 42 -0.467789
  18 42 -0.437491
  19 42 -1.90783
  20 42 0.548426
6600 20 840
  1 42 1.51797
  2 42 0.00656683
  3 42 -1.25534
  4 42 -0.575851
  5 42 -1.93109
  6 42 1.025
  7 42 -2.01824
  8 42 0.500296
  9 42 -1.50456
  10 42 -0.923365
  11 42 -0.709002
  12 42 -0.275095
  13 42 0.956089
  14 42 0.470684
  15 42 0.141614
  16 42 0.895423
  17 42 -0.221686
  18 42 -0.572151
  19 42 -3.20914
  20 42 -0.701239
6700 20 840
  1 42 -1.58049
  2 42 -0.478512
  3 42 0.27521
  4 42 -0.278049
  5 42 -1.47909
  6 42 -0.284523
  7 42 0.773743
  8 42 0.550903
  9 42 0.327251
  10 42 -0.321274
  11 42 -0.863959
  12 42 0.254919
  13 42 -1.12999
  14 42 -0.123962
  15 42 1.22767
  16 42 -0.425313
  17 42 0.834011
  18 42 0.117171
  19 42 -0.137329
  20 42 -0.578622
6800 20 840
  1 42 -0.485559
  2 42 -0.0850523
  3 42 -0.328745
  4 42 0.805269
  5 42 0.922353
  6 42 1.04423
  7 42 0.465699
  8 42 0.854816
  9 42 1.50981
  10 42 -0.176081
  11 42 -0.216261
  12 42 -1.24929
  13 42 -0.309414
  14 42 -0.0892421
  15 42 -1.16965
  16 42 0.316369
  17 42 -0.504198
  18 42 -0.104571
  19 42 0.313241
  20 42 -0.279013
6900 20 840
  1 42 -2.50146
  2 42 -1.14006
  3 42 1.85983
  4 42 0.993981
  5 42 -0.342631
  6 42 -0.156943
  7 42 1.32092
  8 42 -0.372238
  9 42 -0.117859
  10 42 -0.17412
  11 42 -1.05691
  12 42 -0.872167
  13 42 -1.78494
  14 42 -0.996756
  15 42 -0.876812
  16 42 -0.159079
  17 42 0.455587
  18 42 0.485686
  19 42 0.249461
  20 42 -1.03147
7000 20 840
  1 42 -3.04941
  2 42 -0.232764
  3 42 0.315863
  4 42 -1.13345
  5 42 -0.403043
  6 42 -0.0629956
  7 42 0.313071
  8 42 -1.22595
  9 42 -1.14117
  10 42 0.409854
  11 42 -0.446952
  12 42 -0.62014
  13 42 -0.769205
  14 42 -1.756
  15 42 -0.956359
  16 42 0.102624
  17 42 0.122566
  18 42 0.43479
  19 42 0.962795
  20 42 -0.818492
7100 20 840
  1 42 -1.54348
  2 42 -1.53366
  3 42 -0.89361
  4 42 2.06909
  5 42 0.366272
  6 42 0.976683
  7 42 -1.70672
  8 42 -0.980037
  9 42 2.09053
  10 42 0.160574
  11 42 0.0990513
  12 42 -1.34368
  13 42 -0.360333
  14 42 0.338633
  15 42 1.66855
  16 42 0.112205
  17 42 0.711441
  18 42 0.50635
  19 42 1.59585
  20 42 0.242749
7200 20 840
  1 42 -0.386766
  2 42 0.531124
  3 42 1.37239
  4 42 -0.589857
  5 42 3.0913
  6 42 -1.50495
  7 42 0.41007
  8 42 0.203195
  9 42 -1.43916
  10 42 -1.48293
  11 42 -0.587002
  12 42 -1.82514
  13 42 -1.83091
  14 42 -0.629214
  15 42 -0.100466
  16 42 -0.1789
  17 42 1.05255
  18 42 -1.31582
  19 42 -1.2879
  20 42 1.4733
7300 20 840
  1 42 0.829161
  2 42 0.116233
  3 42 -1.10913
  4 42 0.0772715
  5 42 0.0159152
  6 42 0.573178
  7 42 -4.22189
  8 42 -0.524535
  9 42 1.05441
  10 42 -0.829218
  11 42 0.439909
  12 42 0.785383
  13 42 -0.881601
  14 42 -0.768689
  15 42 -0.856355
  16 42 -1.075
  17 42 0.181705
  18 42 -0.212527
  19 42 -1.01376
  20 42 -0.735907
7400 20 840
  1 42 0.53437
  2 42 -0.624275
  3 42 2.29824
  4 42 -0.942727
  5 42 -0.625049
  6 42 0.427793
  7 42 -0.619129
  8 42 0.306382
  9 42 0.174832
  10 42 0.401916
  11 42 -0.838716
  12 42 0.53291
  13 42 -0.047786
  14 42 -0.60334
  15 42 0.320875
  16 42 -1.07763
  17 42 -0.226124
  18 42 -0.176184
  19 42 -2.13187
  20 42 0.0136784
7500 20 840
  1 42 0.256852
  2 42 0.139845
  3 42 -0.354582
  4 42 -0.697519
  5 42 -1.93718
  6 42 -0.468979
  7 42 -0.769367
  8 42 -0.175212
  9 42 0.723081
  10 42 0.0701139
  11 42 2.29556
  12 42 0.0888215
  13 42 0.513936
  14 42 -0.227263
  15 42 -0.70016
  16 42 0.169429
  17 42 -0.420448
  18 42 0.108983
  19 42 -0.0911813
  20 42 -1.52552
7600 20 840
  1 42 0.800946
  2 42 -0.526315
  3 42 2.36152
  4 42 -1.20953
  5 42 0.850235
  6 42 1.48135
  7 42 0.112563
  8 42 -0.632044
  9 42 -0.500908
  10 42 -0.972571
  11 42 0.336809
  12 42 0.0508839
  13 42 1.76114
  14 42 -0.0374048
  15 42 1.04868
  16 42 -0.0103784
  17 42 0.697464
  18 42 0.443496
  19 42 2.13124
  20 42 -1.25378
7700 20 840
  1 42 0.0915612
  2 42 1.15239
  3 42 0.452787
  4 42 0.329589
  5 42 -1.64083
  6 42 1.53491
  7 42 -1.80403
  8 42 0.56476
  9 42 -0.936579
  10 42 -0.790267
  11 42 -1.71923
  12 42 0.130485
  13 42 -0.273902
  14 42 0.228985
  15 42 2.12264
  16 42 -0.104974
  17 42 0.856828
  18 42 -0.827601
  19 42 2.3018
  20 42 -1.11641
7800 20 840
  1 42 1.1045
  2 42 0.189601
  3 42 -0.544139
  4 42 -0.504249
  5 42 -2.50231
  6 42 0.570894
  7 42 1.29627
  8 42 0.446726
  9 42 1.30942
  10 42 -0.933505
  11 42 0.0522719
  12 42 -0.336741
  13 42 -0.630417
  14 42 0.272757
  15 42 -1.21999
  16 42 -0.142838
  17 42 -1.75751
  18 42 -1.0824
  19 42 -2.41688
  20 42 0.67402
7900 20 840
  1 42 -0.293949
  2 42 1.382
  3 42 0.657903
  4 42 -0.256755
  5 42 0.19837
  6 42 0.112229
  7 42 -2.1603
  8 42 -1.37899
  9 42 -0.233614
  10 42 -0.72852
  11 42 -0.0156891
  12 42 2.13129
  13 42 -0.833332
  14 42 0.534123
  15 42 1.72742
  16 42 -0.143144
  17 42 0.571805
  18 42 -0.429407
  19 42 0.014622
  20 42 0.578682
8000 20 840
  1 42 0.53949
  2 42 -1.02489
  3 42 0.154144
  4 42 0.856605
  5 42 1.58688
  6 42 1.20255
  7 42 -0.558137
  8 42 -0.665091
  9 42 -4.409
  10 42 -0.79333
  11 42 -0.22615
  12 42 0.266474
  13 42 -1.18392
  14 42 -0.801719
  15 42 -0.222394
  16 42 -0.299732
  17 42 -2.02411
  18 42 -0.356484
  19 42 -1.35947
  20 42 -1.15594
8100 20 840
  1 42 -1.7222
  2 42 -0.224637
  3 42 0.474781
  4 42 -0.83575
  5 42 0.627484
  6 42 -0.0535275
  7 42 0.468638
  8 42 0.74864
  9 42 0.224169
  10 42 -0.647855
  11 42 -1.79039
  12 42 -0.420316
  13 42 -0.869254
  14 42 -1.66623
  15 42 -1.39893
  16 42 0.121624
  17 42 0.178905
  18 42 -1.16673
  19 42 -0.728569
  20 42 0.22993
8200 20 840
  1 42 -0.334593
  2 42 0.712934
  3 42 2.1309
  4 42 -0.642001
  5 42 0.0850738
  6 42 -1.40124
  7 42 2.20097
  8 42 0.475145
  9 42 0.764065
  10 42 -0.568447
  11 42 0.437678
  12 42 -0.124114
  13 42 -2.00671
  14 42 -1.56246
  15 42 -0.00702462
  16 42 -0.545928
  17 42 -0.980081
  18 42 0.0534059
  19 42 0.15141
  20 42 -0.498684
8300 20 840
  1 42 -2.61603
  2 42 -1.2674
  3 42 -1.02238
  4 42 0.248586
  5 42 -0.54805
  6 42 0.441936
  7 42 0.633879
  8 42 -0.133758
  9 42 -0.283037
  10 42 0.352425
  11 42 -0.488634
  12 42 -0.615679
  13 42 0.129986
  14 42 0.446692
  15 42 -1.38127
  16 42 0.444626
  17 42 1.78491
  18 42 0.26663
  19 42 -0.741415
  20 42 -0.115058
8400 20 840
  1 42 0.0784845
  2 42 0.436803
  3 42 1.29892
  4 42 0.682113
  5 42 -0.885984
  6 42 0.390145
  7 42 0.117674
  8 42 -1.04729
  9 42 -0.0105549
  10 42 -0.0360523
  11 42 0.149507
  12 42 -0.747446
  13 42 -1.48759
  14 42 0.917756
  15 42 0.0750659
  16 42 0.376943
  17 42 0.653119
  18 42 0.403089
  19 42 0.37646
  20 42 -0.593221
8500 20 840
  1 42 -1.38174
  2 42 -0.633714
  3 42 0.228825
  4 42 -1.3812
  5 42 0.171129
  6 42 -0.505538
  7 42 1.95317
  8 42 0.313144
  9 42 2.25439
  10 42 -0.404801
  11 42 0.153145
  12 42 0.25809
  13 42 -0.416883
  14 42 -0.196538
  15 42 -0.966164
  16 42 0.166985
  17 42 1.42771
  18 42 0.170702
  19 42 2.66029
  20 42 0.069222
8600 20 840
  1 42 -1.27685
  2 42 0.679697
  3 42 0.676752
  4 42 -0.050299
  5 42 -0.373141
  6 42 0.0183242
  7 42 -2.55413
  8 42 0.969014
  9 42 0.466839
  10 42 0.648184
  11 42 -0.507108
  12 42 0.41368
  13 42 -1.03718
  14 42 -0.11792
  15 42 0.064825
  16 42 0.108778
  17 42 -0.902217
  18 42 0.671737
  19 42 -1.56327
  20 42 -0.58741
8700 20 840
  1 42 0.923514
  2 42 -0.167278
  3 42 1.32007
  4 42 0.372058
  5 42 0.725506
  6 42 -0.24246
  7 42 0.0754712
  8 42 -0.0924129
  9 42 -0.287389
  10 42 -0.149767
  11 42 1.85501
  12 42 0.163987
  13 42 -1.42211
  14 42 -2.3757
  15 42 -0.971918
  16 42 -1.10767
  17 42 -0.729169
  18 42 -0.967753
  19 42 -0.470989
  20 42 -0.259399
8800 20 840
  1 42 0.190177
  2 42 -0.608101
  3 42 -0.0929229
  4 42 -1.32905
  5 42 -0.12051
  6 42 0.59211
  7 42 -1.48651
  8 42 0.112758
  9 42 -0.133616
  10 42 -2.30615
  11 42 0.0223786
  12 42 0.581571
  13 42 0.0854337
  14 42 -0.685955
  15 42 -2.14553
  16 42 0.599006
  17 42 -0.656375
  18 42 0.454885
  19 42 -0.309489
  20 42 -0.592288
8900 20 840
  1 42 -0.0167817
  2 42 0.331411
  3 42 -0.554729
  4 42 -0.340499
  5 42 -1.00366
  6 42 -0.369944
  7 42 -1.28876
  8 42 -0.674583
  9 42 -0.130015
  10 42 0.365125
  11 42 -0.534624
  12 42 -0.764588
  13 42 -1.47317
  14 42 0.211636
  15 42 0.288654
  16 42 -0.484003
  17 42 -0.806585
  18 42 -1.13805
  19 42 0.0329309
  20 42 0.136295
9000 20 840
  1 42 0.563877
  2 42 0.140594
  3 42 -1.70827
  4 42 -0.950401
  5 42 -0.194459
  6 42 -1.10003
  7 42 -1.14659
  8 42 -0.11099
  9 42 -1.12976
  10 42 1.31162
  11 42 -1.1091
  12 42 -0.694791
  13 42 1.67445
  14 42 0.621277
  15 42 -0.199289
  16 42 0.146417
  17 42 -0.664614
  18 42 -0.570471
  19 42 1.6553
  20 42 -0.0158207
9100 20 840
  1 42 1.39877
  2 42 -0.899534
  3 42 -0.671617
  4 42 -0.83485
  5 42 0.30273
  6 42 -0.11595
  7 42 -1.70171
  8 42 -0.149478
  9 42 -1.05394
  10 42 0.169992
  11 42 -2.75408
  12 42 0.533387
  13 42 0.740208
  14 42 1.05147
  15 42 -1.45404
  16 42 -0.271002
  17 42 0.263247
  18 42 0.0137431
  19 42 2.46181
  20 42 0.373126
9200 20 840
  1 42 0.0594143
  2 42 -1.68358
  3 42 0.723911
  4 42 -0.33661
  5 42 2.4078
  6 42 -0.3692
  7 42 1.14895
  8 42 0.862969
  9 42 -0.0944517
  10 42 -1.48944
  11 42 -0.527703
  12 42 0.491223
  13 42 -0.846761
  14 42 -0.388631
  15 42 -0.00413896
  16 42 0.50776
  17 42 -0.420131
  18 42 0.785083
  19 42 0.633184
  20 42 -0.0306811
9300 20 840
  1 42 0.202187
  2 42 -0.906555
  3 42 -0.814704
  4 42 -0.666469
  5 42 -0.458608
  6 42 -0.469244
  7 42 -0.744631
  8 42 0.454923
  9 42 -1.20062
  10 42 0.580123
  11 42 0.283374
  12 42 0.282957
  13 42 0.265278
  14 42 -0.466682
  15 42 -1.87011
  16 42 0.168747
  17 42 -0.279173
  18 42 2.20461
  19 42 -0.230784
  20 42 -0.759544
9400 20 840
  1 42 -0.609784
  2 42 -1.04838
  3 42 -0.548111
  4 42 -0.999955
  5 42 -0.961382
  6 42 -1.02031
  7 42 -0.73778
  8 42 0.579925
  9 42 -1.51963
  10 42 -1.43729
  11 42 -1.42098
  12 42 1.07295
  13 42 -0.899719
  14 42 -0.492278
  15 42 0.241251
  16 42 0.776786
  17 42 -0.267217
  18 42 -0.277318
  19 42 -1.64967
  20 42 -0.209753
9500 20 840
  1 42 -1.15227
  2 42 -0.948295
  3 42 -3.74728
  4 42 -0.339082
  5 42 0.086819
  6 42 0.931544
  7 42 -0.449471
  8 42 -0.0901739
  9 42 0.511804
  10 42 -0.646709
  11 42 0.704768
  12 42 1.07781
  13 42 0.354782
  14 42 0.15755
  15 42 -1.4398
  16 42 -0.270434
  17 42 1.7056
  18 42 -1.22879
  19 42 -1.77055
  20 42 -0.944057
9600 20 840
  1 42 0.0420658
  2 42 0.200767
  3 42 -0.694986
  4 42 -0.0458435
  5 42 1.69366
  6 42 0.869496
  7 42 0.600312
  8 42 -0.0976711
  9 42 1.15593
  10 42 -1.35685
  11 42 -0.687865
  12 42 -0.336601
  13 42 -1.08796
  14 42 0.56718
  15 42 -0.0483099
  16 42 -0.963156
  17 42 -0.175212
  18 42 -0.440189
  19 42 0.243493
  20 42 0.45036
9700 20 840
  1 42 -1.28834
  2 42 0.396683
  3 42 2.57242
  4 42 0.132273
  5 42 0.837688
  6 42 -1.42433
  7 42 0.309599
  8 42 1.07527
  9 42 1.41512
  10 42 0.537977
  11 42 -0.474317
  12 42 -0.845549
  13 42 -0.279664
  14 42 -1.48333
  15 42 0.102707
  16 42 -0.620706
  17 42 0.861086
  18 42 -1.67023
  19 42 -0.212934
  20 42 0.14112
9800 20 840
  1 42 -0.66032
  2 42 -1.1035
  3 42 0.905498
  4 42 0.0420272
  5 42 -1.04816
  6 42 -0.209143
  7 42 0.55367
  8 42 0.61644
  9 42 0.071281
  10 42 1.66523
  11 42 0.714316
  12 42 0.117757
  13 42 0.787161
  14 42 0.0310714
  15 42 -0.876989
  16 42 0.113206
  17 42 -1.41614
  18 42 -0.274599
  19 42 2.30965
  20 42 0.733207
9900 20 840
  1 42 -0.80087
  2 42 -0.805746
  3 42 1.61543
  4 42 -0.05141
  5 42 0.992406
  6 42 -0.740549
  7 42 1.06094
  8 42 0.125084
  9 42 0.252934
  10 42 -0.357203
  11 42 0.0555344
  12 42 0.371159
  13 42 0.165649
  14 42 -0.130833
  15 42 -0.378877
  16 42 0.25966
  17 42 0.385624
  18 42 -0.00489784
  19 42 -0.51067
  20 42 0.238382
10000 20 840
  1 42 0.0844707
  2 42 -0.406568
  3 42 -0.0448171
  4 42 0.744439
  5 42 1.2865
  6 42 -0.149528
  7 42 -0.375124
  8 42 -0.574061
  9 42 1.00912
  10 42 0.30656
  11 42 2.05026
  12 42 -0.589684
  13 42 -0.155093
  14 42 -0.338496
  15 42 -0.729548
  16 42 -0.624571
  17 42 -1.1643
  18 42 0.458363
  19 42 -1.52101
  20 42 -2.58823
