# Chunk-averaged data for fix sternForces and group all
# Timestep Number-of-chunks Total-count
# Chunk Ncount c_sternComp
0 20 840
  1 42 -0.143713
  2 42 -0.143713
  3 42 -0.143713
  4 42 -0.143713
  5 42 -0.143713
  6 42 -0.143713
  7 42 -0.143713
  8 42 -0.143713
  9 42 -0.143713
  10 42 -0.143713
  11 42 -0.143713
  12 42 -0.143713
  13 42 -0.143713
  14 42 -0.143713
  15 42 -0.143713
  16 42 -0.143713
  17 42 -0.143713
  18 42 -0.143713
  19 42 -0.143713
  20 42 -0.143713
100 20 840
  1 42 -0.176642
  2 42 0.164063
  3 42 -0.332294
  4 42 -0.885855
  5 42 -0.400383
  6 42 0.402058
  7 42 -0.265471
  8 42 0.666721
  9 42 0.859725
  10 42 -0.404156
  11 42 -0.311443
  12 42 0.537193
  13 42 0.67962
  14 42 0.200529
  15 42 -0.741029
  16 42 0.191415
  17 42 -0.0946966
  18 42 0.461736
  19 42 -0.548545
  20 42 0.352345
200 20 840
  1 42 -0.152786
  2 42 -0.205171
  3 42 -0.52773
  4 42 -0.257307
  5 42 0.0282556
  6 42 0.204393
  7 42 1.34815
  8 42 0.0728666
  9 42 -0.00501204
  10 42 -0.0756162
  11 42 -0.760759
  12 42 -0.442999
  13 42 -1.15063
  14 42 -0.85913
  15 42 0.405893
  16 42 -0.70873
  17 42 -0.552386
  18 42 0.146514
  19 42 1.06753
  20 42 -0.158906
300 20 840
  1 42 0.206817
  2 42 -0.390778
  3 42 -1.25814
  4 42 -0.656743
  5 42 -1.30014
  6 42 0.779702
  7 42 -0.926736
  8 42 0.444507
  9 42 -0.551719
  10 42 1.12621
  11 42 -0.648678
  12 42 -0.736722
  13 42 0.49318
  14 42 0.370957
  15 42 -1.33592
  16 42 -0.10129
  17 42 1.13494
  18 42 0.642481
  19 42 0.574005
  20 42 0.0162213
400 20 840
  1 42 0.131323
  2 42 -0.191071
  3 42 -0.160358
  4 42 0.365082
  5 42 -0.00844332
  6 42 -0.475667
  7 42 0.0376517
  8 42 0.422273
  9 42 -0.813489
  10 42 -0.639156
  11 42 0.647106
  12 42 -1.34105
  13 42 -0.324579
  14 42 -0.596748
  15 42 -0.516417
  16 42 -1.13151
  17 42 0.648267
  18 42 0.0110933
  19 42 0.201761
  20 42 0.0691169
500 20 840
  1 42 -1.47287
  2 42 0.273892
  3 42 -1.59737
  4 42 0.294525
  5 42 -0.110053
  6 42 -1.56548
  7 42 -1.30146
  8 42 0.261129
  9 42 -0.949958
  10 42 1.05961
  11 42 0.659068
  12 42 0.616218
  13 42 -1.00874
  14 42 -0.482891
  15 42 -0.183951
  16 42 -0.0961713
  17 42 -0.140936
  18 42 -0.507858
  19 42 -0.461745
  20 42 0.625329
600 20 840
  1 42 -0.875282
  2 42 -1.15031
  3 42 -0.981093
  4 42 -0.600321
  5 42 -1.3107
  6 42 -0.259962
  7 42 0.0603043
  8 42 0.657033
  9 42 -0.363116
  10 42 -0.0486658
  11 42 -0.378918
  12 42 0.0867797
  13 42 -0.141902
  14 42 -0.677485
  15 42 -0.572541
  16 42 0.128029
  17 42 -1.61206
  18 42 -0.121236
  19 42 -0.202606
  20 42 0.530684
700 20 840
  1 42 -1.03072
  2 42 0.0584205
  3 42 0.785762
  4 42 -0.255894
  5 42 -0.500226
  6 42 -1.66346
  7 42 -0.528737
  8 42 0.137002
  9 42 -0.478252
  10 42 -0.881115
  11 42 0.0196731
  12 42 -0.724609
  13 42 -0.281407
  14 42 -1.2903
  15 42 0.301868
  16 42 0.652011
  17 42 -0.533383
  18 42 -0.925254
  19 42 -0.93736
  20 42 -0.598481
800 20 840
  1 42 -0.716302
  2 42 -0.0212592
  3 42 -0.491758
  4 42 -0.759139
  5 42 0.981298
  6 42 -0.218909
  7 42 -0.201724
  8 42 -1.25475
  9 42 0.152647
  10 42 0.895174
  11 42 -0.675452
  12 42 -0.0113581
  13 42 0.00708897
  14 42 -0.0463971
  15 42 -1.62539
  16 42 0.297093
  17 42 -0.928994
  18 42 0.333437
  19 42 -0.604556
  20 42 0.12715
900 20 840
  1 42 -0.388239
  2 42 -0.966139
  3 42 0.944183
  4 42 -0.0657987
  5 42 0.47385
  6 42 0.218944
  7 42 0.34925
  8 42 0.0384028
  9 42 -1.15711
  10 42 -0.815228
  11 42 -0.410111
  12 42 0.498298
  13 42 0.202052
  14 42 0.270882
  15 42 -0.706278
  16 42 0.711752
  17 42 1.16921
  18 42 -0.744103
  19 42 1.31074
  20 42 -0.798865
1000 20 840
  1 42 0.16431
  2 42 0.287471
  3 42 0.723991
  4 42 -0.0589419
  5 42 0.20916
  6 42 1.18306
  7 42 -0.329773
  8 42 -0.037878
  9 42 -0.0300409
  10 42 -0.118267
  11 42 0.387509
  12 42 0.460246
  13 42 -0.0847226
  14 42 0.00258071
  15 42 -0.625299
  16 42 -0.0383293
  17 42 -1.22897
  18 42 -1.08864
  19 42 -0.291402
  20 42 -0.0126974
1100 20 840
  1 42 0.09831
  2 42 0.575351
  3 42 -0.391421
  4 42 -1.27689
  5 42 0.216409
  6 42 0.276751
  7 42 -0.36731
  8 42 -0.651691
  9 42 -0.0866398
  10 42 0.0135626
  11 42 0.753414
  12 42 0.80707
  13 42 -0.105762
  14 42 0.56519
  15 42 -0.365007
  16 42 -0.155538
  17 42 -0.594151
  18 42 0.983648
  19 42 -0.22494
  20 42 -0.0219857
1200 20 840
  1 42 -0.0112542
  2 42 -0.27553
  3 42 -0.102219
  4 42 -0.375952
  5 42 0.949113
  6 42 0.132671
  7 42 -0.419698
  8 42 -0.217875
  9 42 -1.19438
  10 42 -0.418194
  11 42 -0.619121
  12 42 0.0825901
  13 42 -0.00541142
  14 42 0.313289
  15 42 0.511093
  16 42 0.332455
  17 42 0.328195
  18 42 0.651225
  19 42 1.0932
  20 42 -0.450886
1300 20 840
  1 42 -0.228779
  2 42 -1.24877
  3 42 0.0817397
  4 42 0.435926
  5 42 -0.565386
  6 42 0.0167954
  7 42 -0.891356
  8 42 -0.307465
  9 42 0.759255
  10 42 0.336769
  11 42 -0.178684
  12 42 0.2606
  13 42 -0.48046
  14 42 -1.25382
  15 42 -0.893811
  16 42 -0.397347
  17 42 -0.982681
  18 42 0.379198
  19 42 0.514908
  20 42 -0.332585
1400 20 840
  1 42 0.275042
  2 42 -0.0614635
  3 42 0.224286
  4 42 -0.346
  5 42 -1.06884
  6 42 -0.649417
  7 42 -0.0925565
  8 42 0.191765
  9 42 -0.738024
  10 42 -0.579203
  11 42 0.0990416
  12 42 0.105787
  13 42 -0.988426
  14 42 -1.07604
  15 42 0.642066
  16 42 -0.798341
  17 42 0.0637497
  18 42 0.549098
  19 42 0.00402434
  20 42 -1.76575
1500 20 840
  1 42 0.206175
  2 42 -0.489272
  3 42 -1.3
  4 42 -0.880312
  5 42 0.16608
  6 42 -0.587456
  7 42 0.311707
  8 42 0.746569
  9 42 -0.392978
  10 42 0.230418
  11 42 -0.142935
  12 42 -0.431232
  13 42 0.15243
  14 42 0.169019
  15 42 -0.416666
  16 42 -0.877217
  17 42 -0.358824
  18 42 -0.648915
  19 42 0.435537
  20 42 -0.232623
1600 20 840
  1 42 -0.432871
  2 42 0.381797
  3 42 -1.0583
  4 42 -0.601907
  5 42 -1.38991
  6 42 -1.93136
  7 42 0.657417
  8 42 -0.0812962
  9 42 0.553645
  10 42 1.20908
  11 42 -0.0876937
  12 42 -0.521477
  13 42 0.0210499
  14 42 0.228236
  15 42 -0.875993
  16 42 -0.0983286
  17 42 -0.356695
  18 42 -1.59024
  19 42 -0.77083
  20 42 1.0148
1700 20 840
  1 42 0.544114
  2 42 -0.277628
  3 42 -0.149719
  4 42 -0.547473
  5 42 -1.1882
  6 42 -0.189857
  7 42 0.663358
  8 42 -0.209205
  9 42 -0.37103
  10 42 -0.49544
  11 42 1.22366
  12 42 0.170796
  13 42 -0.38907
  14 42 0.127228
  15 42 0.879547
  16 42 0.725271
  17 42 0.504123
  18 42 -0.836987
  19 42 -0.978856
  20 42 0.260287
1800 20 840
  1 42 -0.245029
  2 42 -0.512428
  3 42 0.217713
  4 42 0.024924
  5 42 -0.868113
  6 42 -1.01975
  7 42 -1.08244
  8 42 0.0685699
  9 42 0.00389009
  10 42 -0.0677798
  11 42 -0.504475
  12 42 -0.234015
  13 42 -0.441526
  14 42 0.439883
  15 42 0.0696619
  16 42 0.40087
  17 42 0.355472
  18 42 -0.034417
  19 42 -0.226444
  20 42 -0.00118919
1900 20 840
  1 42 0.494572
  2 42 -0.420002
  3 42 1.05454
  4 42 0.27737
  5 42 -0.0566503
  6 42 0.156506
  7 42 0.960478
  8 42 0.0485134
  9 42 -0.00325374
  10 42 -1.21734
  11 42 -1.03228
  12 42 -0.896005
  13 42 -1.07008
  14 42 -0.593798
  15 42 -0.131404
  16 42 -1.1717
  17 42 -0.227464
  18 42 -0.123987
  19 42 0.304801
  20 42 -0.5593
2000 20 840
  1 42 -0.111792
  2 42 -0.667641
  3 42 -0.565105
  4 42 0.0313093
  5 42 -0.327579
  6 42 0.760855
  7 42 -0.597885
  8 42 0.217708
  9 42 0.551503
  10 42 -0.868453
  11 42 -2.04275
  12 42 0.663202
  13 42 0.420524
  14 42 0.48845
  15 42 -0.260772
  16 42 1.23526
  17 42 0.153044
  18 42 1.22338
  19 42 -0.856605
  20 42 -0.26236
2100 20 840
  1 42 -0.312265
  2 42 -0.359655
  3 42 -0.695618
  4 42 -0.113029
  5 42 0.0172429
  6 42 -0.777635
  7 42 -0.528553
  8 42 -0.337847
  9 42 0.260671
  10 42 0.000177535
  11 42 -0.652206
  12 42 0.773353
  13 42 -0.730822
  14 42 0.00681546
  15 42 0.170128
  16 42 -0.523911
  17 42 -0.274883
  18 42 0.488302
  19 42 -0.376447
  20 42 -0.439928
2200 20 840
  1 42 -0.224831
  2 42 -0.130003
  3 42 0.610477
  4 42 0.755992
  5 42 -0.11388
  6 42 -1.12643
  7 42 -0.513289
  8 42 -0.768104
  9 42 -0.122574
  10 42 -0.138536
  11 42 -0.836473
  12 42 -1.03642
  13 42 -1.2795
  14 42 -0.0898786
  15 42 0.371466
  16 42 -1.46657
  17 42 -0.593567
  18 42 0.462747
  19 42 -0.070622
  20 42 0.0760596
2300 20 840
  1 42 -0.0321626
  2 42 1.25445
  3 42 1.12842
  4 42 -0.763407
  5 42 -0.120649
  6 42 -0.269804
  7 42 -1.18816
  8 42 0.160624
  9 42 -0.37637
  10 42 0.47619
  11 42 0.546803
  12 42 -0.234553
  13 42 0.293002
  14 42 0.82045
  15 42 -0.351997
  16 42 -0.488018
  17 42 0.587032
  18 42 -0.0450815
  19 42 -0.968784
  20 42 0.0588378
2400 20 840
  1 42 0.221937
  2 42 0.0560101
  3 42 0.278172
  4 42 0.0124597
  5 42 0.591161
  6 42 -0.553512
  7 42 0.108766
  8 42 -0.317574
  9 42 -0.962537
  10 42 -0.840841
  11 42 -0.363471
  12 42 -0.113145
  13 42 0.0439657
  14 42 -0.0855389
  15 42 0.634263
  16 42 -0.0987917
  17 42 -0.596923
  18 42 -1.03284
  19 42 -0.15387
  20 42 -1.12163
2500 20 840
  1 42 0.311314
  2 42 -0.0937026
  3 42 0.313931
  4 42 0.00115847
  5 42 -0.381826
  6 42 -0.737995
  7 42 0.167663
  8 42 -0.489987
  9 42 -0.553865
  10 42 0.750046
  11 42 -0.380358
  12 42 -0.0322347
  13 42 0.361377
  14 42 -0.151509
  15 42 -0.361199
  16 42 0.43555
  17 42 0.191369
  18 42 0.0572145
  19 42 0.675742
  20 42 0.236117
2600 20 840
  1 42 0.770875
  2 42 -0.562181
  3 42 1.05108
  4 42 -0.331514
  5 42 0.173181
  6 42 0.247754
  7 42 0.425103
  8 42 0.000745431
  9 42 0.811914
  10 42 -1.37375
  11 42 1.15423
  12 42 -0.241105
  13 42 -0.623814
  14 42 -0.22899
  15 42 -0.847539
  16 42 -0.025532
  17 42 -2.23986
  18 42 -0.58505
  19 42 0.0736693
  20 42 0.110975
2700 20 840
  1 42 -0.619565
  2 42 -0.0561145
  3 42 0.0380729
  4 42 -0.0794513
  5 42 -0.467525
  6 42 0.668389
  7 42 -0.615593
  8 42 -0.608269
  9 42 -0.670602
  10 42 0.183887
  11 42 0.761373
  12 42 0.730289
  13 42 -0.34214
  14 42 -0.0535051
  15 42 1.01525
  16 42 1.15678
  17 42 -0.0581866
  18 42 -0.102198
  19 42 0.998893
  20 42 -0.954137
2800 20 840
  1 42 0.318889
  2 42 0.123258
  3 42 -1.02816
  4 42 -0.66554
  5 42 -0.0444258
  6 42 0.954128
  7 42 0.709144
  8 42 -0.0301099
  9 42 0.616702
  10 42 0.77341
  11 42 0.199656
  12 42 -0.390911
  13 42 0.00216776
  14 42 -0.264641
  15 42 -0.663377
  16 42 -1.36324
  17 42 -0.051295
  18 42 0.568032
  19 42 -0.501677
  20 42 0.137737
2900 20 840
  1 42 -0.92758
  2 42 -0.213649
  3 42 -0.319663
  4 42 -0.0312882
  5 42 -0.179458
  6 42 -1.02485
  7 42 -0.642383
  8 42 1.17215
  9 42 -0.697811
  10 42 -0.716601
  11 42 0.538245
  12 42 -0.732919
  13 42 0.00625098
  14 42 -0.287813
  15 42 0.0343572
  16 42 0.642138
  17 42 0.475601
  18 42 -1.36124
  19 42 0.384089
  20 42 0.175498
3000 20 840
  1 42 -0.360442
  2 42 0.65995
  3 42 -0.722535
  4 42 -0.522214
  5 42 0.413671
  6 42 1.07499
  7 42 -0.381522
  8 42 -0.218271
  9 42 0.413575
  10 42 0.669233
  11 42 -1.21347
  12 42 -0.112103
  13 42 -0.666406
  14 42 -0.440858
  15 42 0.0221788
  16 42 -0.700251
  17 42 -1.02391
  18 42 0.370911
  19 42 0.158411
  20 42 -0.516102
3100 20 840
  1 42 -0.551938
  2 42 -0.0199131
  3 42 -0.441017
  4 42 -0.56433
  5 42 -0.272729
  6 42 0.421585
  7 42 0.3114
  8 42 -0.775902
  9 42 -0.234626
  10 42 0.137842
  11 42 -1.40274
  12 42 0.538089
  13 42 -0.461234
  14 42 -0.165998
  15 42 -0.478724
  16 42 -0.623427
  17 42 -0.259327
  18 42 0.442644
  19 42 -0.0539661
  20 42 -1.14667
3200 20 840
  1 42 -1.22144
  2 42 -0.29352
  3 42 -0.0452064
  4 42 -0.376174
  5 42 0.0596417
  6 42 -0.716051
  7 42 -0.38306
  8 42 0.247057
  9 42 -0.297792
  10 42 0.297094
  11 42 -2.00537
  12 42 -0.531867
  13 42 -0.0425915
  14 42 -0.579825
  15 42 -0.968606
  16 42 1.68039
  17 42 -0.297617
  18 42 0.0661722
  19 42 -0.182731
  20 42 -0.277604
3300 20 840
  1 42 -0.544974
  2 42 0.197325
  3 42 -0.0213166
  4 42 0.0862224
  5 42 0.516705
  6 42 0.0261924
  7 42 -0.295967
  8 42 -0.0745305
  9 42 -0.111817
  10 42 0.234896
  11 42 0.0749006
  12 42 0.509643
  13 42 -0.274186
  14 42 0.0214087
  15 42 -1.05367
  16 42 -1.18979
  17 42 0.248942
  18 42 0.630704
  19 42 -0.140719
  20 42 -1.15668
3400 20 840
  1 42 -0.49289
  2 42 0.261142
  3 42 1.56081
  4 42 -0.00860865
  5 42 0.677058
  6 42 0.997576
  7 42 -0.856403
  8 42 0.297351
  9 42 -0.688877
  10 42 -0.702965
  11 42 0.448401
  12 42 0.346745
  13 42 -0.566554
  14 42 -0.0641171
  15 42 0.234149
  16 42 0.61364
  17 42 0.0279839
  18 42 -0.436056
  19 42 0.285669
  20 42 -0.279382
3500 20 840
  1 42 -0.944471
  2 42 -1.00687
  3 42 0.644949
  4 42 -0.499574
  5 42 -0.304592
  6 42 0.00722622
  7 42 -0.796577
  8 42 -0.106198
  9 42 0.336536
  10 42 -0.241239
  11 42 1.02567
  12 42 0.81916
  13 42 -0.118482
  14 42 0.10501
  15 42 -0.756026
  16 42 0.99496
  17 42 -1.21939
  18 42 -0.674359
  19 42 -0.156331
  20 42 1.06867
3600 20 840
  1 42 -0.657931
  2 42 0.31981
  3 42 -0.115781
  4 42 0.197718
  5 42 -0.205696
  6 42 -1.43039
  7 42 0.228534
  8 42 -1.68607
  9 42 -1.13463
  10 42 0.153589
  11 42 0.228391
  12 42 0.111791
  13 42 -0.473498
  14 42 0.649334
  15 42 -0.806432
  16 42 0.505498
  17 42 -0.00187198
  18 42 -0.0669526
  19 42 -0.374814
  20 42 0.224683
3700 20 840
  1 42 -0.126063
  2 42 -0.161232
  3 42 -0.123463
  4 42 0.412099
  5 42 0.960885
  6 42 0.513044
  7 42 -0.201215
  8 42 -0.370899
  9 42 -1.31299
  10 42 -0.455899
  11 42 -0.280504
  12 42 -0.396653
  13 42 -0.117555
  14 42 0.199687
  15 42 -0.18006
  16 42 -0.13456
  17 42 0.0738531
  18 42 0.550864
  19 42 0.270732
  20 42 -0.737636
3800 20 840
  1 42 -0.00397788
  2 42 0.0743111
  3 42 0.534589
  4 42 -1.41585
  5 42 0.466714
  6 42 -0.585944
  7 42 -0.849865
  8 42 1.35957
  9 42 0.0403715
  10 42 0.0369204
  11 42 -0.940878
  12 42 -1.02198
  13 42 -0.330072
  14 42 -0.631561
  15 42 -1.48629
  16 42 0.324668
  17 42 -0.306916
  18 42 -1.47171
  19 42 1.13452
  20 42 0.279132
3900 20 840
  1 42 0.194799
  2 42 0.307839
  3 42 -0.289256
  4 42 -0.711632
  5 42 -0.189401
  6 42 -0.0108717
  7 42 0.910723
  8 42 0.644952
  9 42 -0.128566
  10 42 0.422923
  11 42 0.545036
  12 42 0.0539564
  13 42 -0.224249
  14 42 -0.639551
  15 42 0.222026
  16 42 -1.98644
  17 42 -0.361094
  18 42 1.30866
  19 42 1.45942
  20 42 -0.457593
4000 20 840
  1 42 -0.275469
  2 42 0.705643
  3 42 -1.33599
  4 42 -0.393489
  5 42 -0.199134
  6 42 -0.749726
  7 42 -0.818514
  8 42 0.15501
  9 42 0.467543
  10 42 1.13506
  11 42 0.0724467
  12 42 -0.219877
  13 42 -0.473745
  14 42 0.589642
  15 42 0.174381
  16 42 -0.695868
  17 42 -0.219151
  18 42 0.44753
  19 42 0.0421193
  20 42 0.581604
4100 20 840
  1 42 0.366388
  2 42 -0.424831
  3 42 -0.354604
  4 42 -0.337131
  5 42 -1.31657
  6 42 -0.808553
  7 42 0.364885
  8 42 -0.133249
  9 42 -0.011777
  10 42 0.0416758
  11 42 0.528323
  12 42 -0.984839
  13 42 -0.689546
  14 42 0.0429937
  15 42 -0.365738
  16 42 0.884158
  17 42 -0.3284
  18 42 0.416589
  19 42 0.391569
  20 42 -1.01565
4200 20 840
  1 42 0.607996
  2 42 -1.40222
  3 42 -0.418232
  4 42 0.297654
  5 42 -1.28689
  6 42 0.527792
  7 42 -0.33658
  8 42 -0.185785
  9 42 0.59031
  10 42 -0.535584
  11 42 -0.384111
  12 42 -0.411331
  13 42 -1.05137
  14 42 0.0406926
  15 42 -0.0662472
  16 42 -0.842312
  17 42 0.035685
  18 42 0.793354
  19 42 -0.407568
  20 42 -0.843096
4300 20 840
  1 42 -0.00973248
  2 42 -0.213795
  3 42 0.209547
  4 42 -0.752534
  5 42 0.282745
  6 42 -0.565645
  7 42 -0.0566455
  8 42 0.475329
  9 42 -0.537932
  10 42 -0.587162
  11 42 -1.25928
  12 42 0.65104
  13 42 -0.133891
  14 42 -0.133666
  15 42 -0.285787
  16 42 -0.308113
  17 42 -0.0976748
  18 42 0.742375
  19 42 -0.623543
  20 42 0.148174
4400 20 840
  1 42 -0.000668281
  2 42 -0.0944602
  3 42 0.855255
  4 42 -0.301803
  5 42 0.599457
  6 42 -0.924345
  7 42 0.177959
  8 42 -0.264173
  9 42 0.250344
  10 42 -0.823733
  11 42 -0.495652
  12 42 0.255382
  13 42 -0.180358
  14 42 -0.0489164
  15 42 -0.204971
  16 42 1.0166
  17 42 -0.5197
  18 42 -0.741076
  19 42 -0.406928
  20 42 -0.632356
4500 20 840
  1 42 -0.409492
  2 42 -0.012801
  3 42 0.0863049
  4 42 -1.45241
  5 42 -0.703099
  6 42 -0.153684
  7 42 -0.187231
  8 42 -0.545795
  9 42 0.0573857
  10 42 0.670982
  11 42 -0.669644
  12 42 0.411947
  13 42 -0.141451
  14 42 0.24438
  15 42 -0.447232
  16 42 1.1128
  17 42 0.548185
  18 42 -0.420911
  19 42 -0.352573
  20 42 0.0788828
4600 20 840
  1 42 -0.298083
  2 42 -0.310876
  3 42 -0.137418
  4 42 -1.04734
  5 42 0.655084
  6 42 -0.0966087
  7 42 -0.915881
  8 42 -0.768122
  9 42 0.398707
  10 42 -0.642874
  11 42 0.907539
  12 42 0.334752
  13 42 -0.938541
  14 42 0.147194
  15 42 0.0377701
  16 42 -0.344823
  17 42 -0.730268
  18 42 -1.90522
  19 42 -0.149494
  20 42 -1.01591
4700 20 840
  1 42 -0.86456
  2 42 0.33272
  3 42 -0.354828
  4 42 0.433263
  5 42 -0.90782
  6 42 -0.785529
  7 42 -0.835045
  8 42 -1.26382
  9 42 -0.353601
  10 42 0.381389
  11 42 -0.118526
  12 42 0.532981
  13 42 -0.20094
  14 42 0.344545
  15 42 0.528983
  16 42 -0.187023
  17 42 0.576619
  18 42 -0.481181
  19 42 -0.548512
  20 42 0.833635
4800 20 840
  1 42 0.0827647
  2 42 -0.0887494
  3 42 -0.345373
  4 42 0.580378
  5 42 0.549796
  6 42 -0.697822
  7 42 -0.120329
  8 42 -0.0998423
  9 42 0.494766
  10 42 -0.790427
  11 42 -0.4412
  12 42 -0.60478
  13 42 -0.0991883
  14 42 -0.174032
  15 42 -0.759143
  16 42 1.0693
  17 42 -1.18661
  18 42 -0.467445
  19 42 0.334763
  20 42 1.21843
4900 20 840
  1 42 -0.423379
  2 42 -0.762442
  3 42 0.383727
  4 42 0.451288
  5 42 0.132119
  6 42 -0.305675
  7 42 -0.594369
  8 42 -0.00789146
  9 42 -1.78302
  10 42 -0.670056
  11 42 -0.986946
  12 42 0.20625
  13 42 -0.140299
  14 42 -0.0995647
  15 42 0.975549
  16 42 -0.214474
  17 42 -0.265317
  18 42 0.297905
  19 42 0.779255
  20 42 -1.71357
5000 20 840
  1 42 0.584818
  2 42 0.103541
  3 42 0.388842
  4 42 -0.463328
  5 42 0.120332
  6 42 0.122585
  7 42 -0.617813
  8 42 -0.405281
  9 42 0.956983
  10 42 0.086087
  11 42 -0.782381
  12 42 0.13241
  13 42 -1.51072
  14 42 -0.804119
  15 42 0.167305
  16 42 -0.190534
  17 42 -1.18963
  18 42 1.86068
  19 42 -0.450369
  20 42 -0.439747
5100 20 840
  1 42 -0.417579
  2 42 -0.927489
  3 42 -0.276713
  4 42 0.279527
  5 42 -0.959033
  6 42 -0.672805
  7 42 0.411708
  8 42 0.126884
  9 42 0.676453
  10 42 -0.0511045
  11 42 1.13334
  12 42 0.301709
  13 42 -1.31104
  14 42 0.168541
  15 42 0.216776
  16 42 -1.28676
  17 42 -0.735903
  18 42 1.15398
  19 42 0.0679138
  20 42 -1.65595
5200 20 840
  1 42 0.729393
  2 42 -0.656408
  3 42 -1.00002
  4 42 -0.339417
  5 42 -0.0472577
  6 42 1.25385
  7 42 0.348487
  8 42 0.339893
  9 42 -0.974349
  10 42 0.718513
  11 42 -0.264141
  12 42 -1.10112
  13 42 -0.426976
  14 42 0.464537
  15 42 -0.0294322
  16 42 1.56541
  17 42 0.84962
  18 42 -0.625342
  19 42 0.624771
  20 42 -0.463711
5300 20 840
  1 42 0.954
  2 42 0.857322
  3 42 -0.351889
  4 42 -0.620421
  5 42 -1.13638
  6 42 0.562708
  7 42 -0.1381
  8 42 0.0604302
  9 42 -1.03595
  10 42 -0.0785199
  11 42 0.85115
  12 42 -0.983017
  13 42 -0.515707
  14 42 0.559854
  15 42 -0.356847
  16 42 -1.06476
  17 42 0.605057
  18 42 0.278403
  19 42 0.117057
  20 42 -0.713088
5400 20 840
  1 42 0.0232165
  2 42 0.461817
  3 42 0.258466
  4 42 -0.0835103
  5 42 -0.119918
  6 42 -0.832349
  7 42 0.0639664
  8 42 0.314626
  9 42 -1.54114
  10 42 -0.148654
  11 42 -0.806006
  12 42 -2.24484
  13 42 -0.280817
  14 42 -0.78694
  15 42 -0.213957
  16 42 0.172908
  17 42 -0.850735
  18 42 -1.56698
  19 42 -0.716871
  20 42 1.51712
5500 20 840
  1 42 -1.08219
  2 42 -0.39087
  3 42 -0.554658
  4 42 -0.378503
  5 42 -1.22649
  6 42 -0.735915
  7 42 -0.210672
  8 42 0.0352851
  9 42 -0.19011
  10 42 0.108408
  11 42 -0.328208
  12 42 0.291538
  13 42 -0.68707
  14 42 -0.876588
  15 42 -0.44535
  16 42 0.393023
  17 42 -0.761062
  18 42 0.32654
  19 42 -0.315813
  20 42 -0.0420358
5600 20 840
  1 42 -0.75711
  2 42 0.0712996
  3 42 -1.53002
  4 42 -0.696008
  5 42 0.00361822
  6 42 0.0439627
  7 42 0.428472
  8 42 -0.308843
  9 42 -0.189402
  10 42 0.137952
  11 42 -0.334185
  12 42 0.730653
  13 42 -0.895001
  14 42 -1.13245
  15 42 -0.248154
  16 42 1.00106
  17 42 -0.930304
  18 42 0.0932172
  19 42 -1.39356
  20 42 -1.09336
5700 20 840
  1 42 -0.943355
  2 42 -0.23658
  3 42 -0.579127
  4 42 -0.364865
  5 42 0.137542
  6 42 0.0477848
  7 42 -0.830193
  8 42 0.854941
  9 42 -0.14385
  10 42 -0.360449
  11 42 0.442863
  12 42 -0.470422
  13 42 -0.244845
  14 42 -0.653897
  15 42 -0.179949
  16 42 -0.445526
  17 42 -0.209289
  18 42 -0.0755486
  19 42 -0.74223
  20 42 -0.477479
5800 20 840
  1 42 -0.875435
  2 42 0.489997
  3 42 -0.754523
  4 42 -0.550939
  5 42 0.721492
  6 42 0.112726
  7 42 -0.536362
  8 42 0.243934
  9 42 0.0159126
  10 42 0.49638
  11 42 -0.588595
  12 42 -0.589265
  13 42 -0.682067
  14 42 -0.0973071
  15 42 -1.2235
  16 42 -1.46994
  17 42 0.458761
  18 42 -0.109171
  19 42 0.428243
  20 42 -0.023175
5900 20 840
  1 42 -0.9422
  2 42 0.0451372
  3 42 -0.0298383
  4 42 0.413165
  5 42 -0.0942598
  6 42 0.653653
  7 42 -1.00584
  8 42 -0.490107
  9 42 -0.738744
  10 42 0.0809652
  11 42 0.395134
  12 42 0.620455
  13 42 -0.482195
  14 42 0.301195
  15 42 0.0347747
  16 42 1.45721
  17 42 0.15403
  18 42 0.118959
  19 42 0.412541
  20 42 -0.494707
6000 20 840
  1 42 -0.380346
  2 42 0.141246
  3 42 0.755521
  4 42 -0.354274
  5 42 -0.409537
  6 42 0.355624
  7 42 -0.0378922
  8 42 -0.675989
  9 42 -0.530825
  10 42 -0.444766
  11 42 -0.206153
  12 42 0.503163
  13 42 -0.584543
  14 42 0.264999
  15 42 -1.1603
  16 42 0.813963
  17 42 -0.1784
  18 42 -0.553678
  19 42 -0.439149
  20 42 -0.232891
6100 20 840
  1 42 0.0505973
  2 42 -0.0473404
  3 42 0.179901
  4 42 -0.49547
  5 42 0.552526
  6 42 0.70986
  7 42 0.366927
  8 42 -0.857189
  9 42 -1.04573
  10 42 -0.0214041
  11 42 -0.873189
  12 42 0.513749
  13 42 0.149176
  14 42 0.380404
  15 42 -0.745574
  16 42 -0.35633
  17 42 -0.198374
  18 42 1.15158
  19 42 0.463957
  20 42 -0.753031
6200 20 840
  1 42 -0.36363
  2 42 -0.574836
  3 42 0.236622
  4 42 0.345749
  5 42 0.561322
  6 42 -0.203254
  7 42 0.485524
  8 42 -0.543615
  9 42 0.261054
  10 42 -0.258862
  11 42 -0.552037
  12 42 0.536179
  13 42 -0.55571
  14 42 -0.191375
  15 42 -0.397434
  16 42 0.856754
  17 42 -0.719221
  18 42 0.180788
  19 42 1.22914
  20 42 0.169369
6300 20 840
  1 42 0.0450581
  2 42 -0.34369
  3 42 -0.0170057
  4 42 -0.855298
  5 42 -0.248797
  6 42 -0.11058
  7 42 -0.556031
  8 42 0.249032
  9 42 0.771783
  10 42 -0.303131
  11 42 2.00854
  12 42 1.22118
  13 42 0.0747171
  14 42 -0.298442
  15 42 -0.631856
  16 42 1.83984
  17 42 -0.0746479
  18 42 -0.430724
  19 42 1.79131
  20 42 -0.100726
6400 20 840
  1 42 0.639041
  2 42 -1.14314
  3 42 -1.1319
  4 42 0.662798
  5 42 -0.523498
  6 42 -0.242536
  7 42 -0.246536
  8 42 -0.79942
  9 42 -0.265864
  10 42 0.371351
  11 42 0.603597
  12 42 -0.123923
  13 42 -1.22188
  14 42 0.351908
  15 42 -0.130804
  16 42 -0.637836
  17 42 0.343932
  18 42 0.563256
  19 42 1.03882
  20 42 -0.242627
6500 20 840
  1 42 0.26367
  2 42 0.584342
  3 42 -0.567983
  4 42 -1.03256
  5 42 -0.0576792
  6 42 -0.509052
  7 42 -0.552875
  8 42 -0.623025
  9 42 -0.79185
  10 42 0.857788
  11 42 -0.735976
  12 42 -0.45962
  13 42 -0.831238
  14 42 0.203976
  15 42 -0.676005
  16 42 -1.075
  17 42 0.267693
  18 42 -0.273658
  19 42 -0.484712
  20 42 -0.134553
6600 20 840
  1 42 0.808454
  2 42 -0.561667
  3 42 -0.0316058
  4 42 -0.560976
  5 42 0.46142
  6 42 -0.241786
  7 42 -0.588329
  8 42 0.140817
  9 42 -0.604319
  10 42 -0.598796
  11 42 -0.413772
  12 42 -0.524057
  13 42 0.0954903
  14 42 0.0764316
  15 42 0.456581
  16 42 2.09584
  17 42 0.0621478
  18 42 -0.0876498
  19 42 -0.792272
  20 42 -1.1718
6700 20 840
  1 42 0.113328
  2 42 -0.0527618
  3 42 0.012942
  4 42 -0.200601
  5 42 0.0688066
  6 42 0.245412
  7 42 0.580217
  8 42 0.0969721
  9 42 -0.280356
  10 42 0.554563
  11 42 -1.44274
  12 42 0.203608
  13 42 0.213315
  14 42 -0.547536
  15 42 0.249806
  16 42 -0.948496
  17 42 1.34349
  18 42 0.587337
  19 42 0.405489
  20 42 0.564185
6800 20 840
  1 42 0.701025
  2 42 -0.250263
  3 42 -0.0498046
  4 42 -0.582976
  5 42 0.586721
  6 42 0.539789
  7 42 -0.194327
  8 42 0.751729
  9 42 1.47211
  10 42 -0.745039
  11 42 -0.281388
  12 42 -1.07959
  13 42 -0.747008
  14 42 -0.187772
  15 42 -1.13819
  16 42 1.22493
  17 42 -0.782623
  18 42 0.111571
  19 42 1.11194
  20 42 0.174379
6900 20 840
  1 42 -0.0964418
  2 42 -0.343868
  3 42 0.754691
  4 42 -0.389214
  5 42 -0.561012
  6 42 0.233446
  7 42 0.0324248
  8 42 0.15478
  9 42 0.0373529
  10 42 -0.50723
  11 42 0.0610709
  12 42 -0.698657
  13 42 -0.443021
  14 42 0.731465
  15 42 -0.374031
  16 42 -1.959
  17 42 0.6275
  18 42 0.723971
  19 42 -0.783377
  20 42 -1.3322
7000 20 840
  1 42 -0.656157
  2 42 0.132569
  3 42 -0.953349
  4 42 -0.699394
  5 42 -0.388532
  6 42 0.387048
  7 42 0.796956
  8 42 -0.579382
  9 42 0.161415
  10 42 0.272883
  11 42 0.227637
  12 42 0.3055
  13 42 -0.929265
  14 42 0.262116
  15 42 -0.95739
  16 42 -0.156398
  17 42 -0.794682
  18 42 0.632743
  19 42 -0.933421
  20 42 0.737077
7100 20 840
  1 42 -1.68164
  2 42 -1.13798
  3 42 -1.2562
  4 42 0.0427637
  5 42 -0.583627
  6 42 -0.6301
  7 42 -1.41446
  8 42 -0.331354
  9 42 0.154882
  10 42 -0.30986
  11 42 0.268993
  12 42 0.92989
  13 42 -0.317906
  14 42 0.145894
  15 42 0.710875
  16 42 -0.125421
  17 42 -0.287268
  18 42 -0.995506
  19 42 -0.385811
  20 42 -0.645024
7200 20 840
  1 42 -1.00243
  2 42 0.611662
  3 42 0.0311422
  4 42 0.744025
  5 42 0.678732
  6 42 -0.191524
  7 42 -0.568262
  8 42 -0.100131
  9 42 0.636057
  10 42 -0.775389
  11 42 -0.959899
  12 42 -1.48085
  13 42 -0.446015
  14 42 -0.36029
  15 42 -0.237905
  16 42 -1.10814
  17 42 -0.459747
  18 42 -0.925093
  19 42 -0.278842
  20 42 0.421743
7300 20 840
  1 42 -0.199566
  2 42 0.283375
  3 42 0.0566133
  4 42 0.0611223
  5 42 0.207813
  6 42 -1.56417
  7 42 -1.68618
  8 42 -0.993656
  9 42 -0.271141
  10 42 -0.942087
  11 42 0.300884
  12 42 -1.29679
  13 42 -0.548448
  14 42 -0.202562
  15 42 -0.306121
  16 42 0.496844
  17 42 -0.177418
  18 42 -1.04751
  19 42 -0.833704
  20 42 -0.649444
7400 20 840
  1 42 -0.208603
  2 42 -0.371468
  3 42 0.256059
  4 42 -1.06329
  5 42 0.568957
  6 42 -0.801025
  7 42 0.939272
  8 42 -1.04453
  9 42 -0.371374
  10 42 0.23377
  11 42 -0.910952
  12 42 0.513721
  13 42 -0.189089
  14 42 0.169899
  15 42 0.607921
  16 42 -0.353701
  17 42 -0.123616
  18 42 -0.0565952
  19 42 -0.0915261
  20 42 -0.120066
7500 20 840
  1 42 -0.00380646
  2 42 -0.504847
  3 42 0.573015
  4 42 0.0832696
  5 42 -1.3609
  6 42 -0.297343
  7 42 -0.0542554
  8 42 -0.413865
  9 42 0.0366823
  10 42 0.374454
  11 42 0.930876
  12 42 0.902964
  13 42 -0.307222
  14 42 0.509492
  15 42 -0.367152
  16 42 1.0146
  17 42 0.409344
  18 42 -0.269927
  19 42 0.183417
  20 42 0.239466
7600 20 840
  1 42 0.690924
  2 42 0.739721
  3 42 0.309007
  4 42 0.173877
  5 42 0.494536
  6 42 1.31074
  7 42 0.354179
  8 42 -0.332308
  9 42 0.802259
  10 42 0.0725675
  11 42 -0.0126198
  12 42 0.17895
  13 42 -0.592627
  14 42 0.252029
  15 42 0.322603
  16 42 -0.919963
  17 42 -0.605452
  18 42 1.09748
  19 42 -0.0961768
  20 42 0.845595
7700 20 840
  1 42 0.72874
  2 42 -0.165669
  3 42 0.212998
  4 42 0.239566
  5 42 -0.968507
  6 42 1.24409
  7 42 -1.23649
  8 42 0.390285
  9 42 0.0274739
  10 42 -0.185475
  11 42 -0.61561
  12 42 -0.184157
  13 42 0.0994357
  14 42 0.675668
  15 42 0.661192
  16 42 1.81683
  17 42 0.724702
  18 42 -0.274133
  19 42 2.04949
  20 42 0.0555962
7800 20 840
  1 42 0.55814
  2 42 -0.373095
  3 42 -0.252127
  4 42 0.308514
  5 42 -0.416638
  6 42 0.336635
  7 42 0.758685
  8 42 -0.440176
  9 42 -0.973798
  10 42 0.321186
  11 42 -0.688407
  12 42 -1.17381
  13 42 -0.666656
  14 42 -0.300237
  15 42 -0.175433
  16 42 -0.312976
  17 42 -0.335138
  18 42 1.02657
  19 42 0.625351
  20 42 -0.100607
7900 20 840
  1 42 -0.00912075
  2 42 -0.499491
  3 42 0.359762
  4 42 0.0907137
  5 42 -0.447853
  6 42 -0.505148
  7 42 -0.94825
  8 42 -0.241358
  9 42 -0.453157
  10 42 -0.117333
  11 42 -0.179033
  12 42 -0.0330275
  13 42 -0.613598
  14 42 -0.802165
  15 42 1.20548
  16 42 -0.915915
  17 42 -0.594221
  18 42 0.692715
  19 42 -0.675506
  20 42 0.477487
8000 20 840
  1 42 0.0595824
  2 42 -0.493016
  3 42 -1.08436
  4 42 -0.427622
  5 42 0.0870138
  6 42 0.196253
  7 42 -0.394467
  8 42 -0.153725
  9 42 -2.48242
  10 42 0.219286
  11 42 -0.704508
  12 42 0.141239
  13 42 -0.995321
  14 42 -0.514033
  15 42 -0.282469
  16 42 1.34714
  17 42 -0.341905
  18 42 0.21947
  19 42 0.157104
  20 42 -0.616353
8100 20 840
  1 42 -0.904709
  2 42 -0.329704
  3 42 -0.235246
  4 42 -0.4251
  5 42 -0.100058
  6 42 0.0746424
  7 42 0.613101
  8 42 -0.467465
  9 42 -0.719891
  10 42 0.457673
  11 42 -0.19949
  12 42 0.035977
  13 42 -0.621419
  14 42 -0.854941
  15 42 -0.267726
  16 42 -1.18972
  17 42 0.122194
  18 42 -0.233729
  19 42 -0.142868
  20 42 -0.281819
8200 20 840
  1 42 -1.03795
  2 42 0.746053
  3 42 0.372918
  4 42 -0.38104
  5 42 -0.0349721
  6 42 -0.385374
  7 42 0.235438
  8 42 -0.164582
  9 42 -0.0494107
  10 42 -0.3861
  11 42 -0.17933
  12 42 -0.847264
  13 42 -0.84679
  14 42 -0.597047
  15 42 -0.711531
  16 42 -0.207517
  17 42 0.0740926
  18 42 -1.57325
  19 42 -0.767394
  20 42 0.521314
8300 20 840
  1 42 -0.837305
  2 42 0.813773
  3 42 0.405102
  4 42 -1.6073
  5 42 0.163896
  6 42 1.10295
  7 42 -0.301396
  8 42 -0.304246
  9 42 -0.604822
  10 42 0.108547
  11 42 -0.113942
  12 42 0.237094
  13 42 0.395432
  14 42 0.0656698
  15 42 -0.17893
  16 42 0.419637
  17 42 1.02214
  18 42 -1.48531
  19 42 -0.157264
  20 42 -1.28495
8400 20 840
  1 42 -0.282227
  2 42 -0.474077
  3 42 0.0764762
  4 42 0.515143
  5 42 -0.0584514
  6 42 0.308235
  7 42 -0.633261
  8 42 -0.541174
  9 42 -0.524482
  10 42 -0.555734
  11 42 0.314653
  12 42 -0.999673
  13 42 -1.15233
  14 42 -0.592069
  15 42 0.273855
  16 42 0.0188872
  17 42 -0.907436
  18 42 -0.681959
  19 42 0.0142076
  20 42 -0.0549033
8500 20 840
  1 42 -0.343961
  2 42 0.0098499
  3 42 0.260543
  4 42 -1.76593
  5 42 -0.200265
  6 42 0.674026
  7 42 0.143369
  8 42 0.0863527
  9 42 -0.538014
  10 42 -0.531203
  11 42 -0.228438
  12 42 0.203082
  13 42 0.305319
  14 42 -0.0677629
  15 42 -0.877565
  16 42 0.618672
  17 42 -0.150412
  18 42 0.525026
  19 42 0.211761
  20 42 -0.721986
8600 20 840
  1 42 -0.528191
  2 42 -0.0841589
  3 42 -1.16122
  4 42 -0.55174
  5 42 0.881084
  6 42 0.122817
  7 42 -0.211137
  8 42 0.1204
  9 42 0.398723
  10 42 -0.152244
  11 42 -0.573749
  12 42 0.829019
  13 42 -0.57033
  14 42 0.801301
  15 42 -0.292462
  16 42 0.619755
  17 42 -0.976632
  18 42 0.706396
  19 42 -0.278496
  20 42 -1.55887
8700 20 840
  1 42 -1.09156
  2 42 0.472444
  3 42 -0.477163
  4 42 -0.114585
  5 42 0.1111
  6 42 -1.02406
  7 42 -0.233191
  8 42 0.30039
  9 42 -0.160547
  10 42 0.483718
  11 42 -0.146999
  12 42 -0.510921
  13 42 -1.52231
  14 42 -0.803484
  15 42 -0.443219
  16 42 -0.675123
  17 42 0.0441567
  18 42 0.0034514
  19 42 0.90382
  20 42 0.457866
8800 20 840
  1 42 0.265096
  2 42 -0.645911
  3 42 -0.23894
  4 42 0.335673
  5 42 -0.458981
  6 42 -0.113951
  7 42 -0.546461
  8 42 1.03284
  9 42 0.471452
  10 42 -0.299262
  11 42 0.731958
  12 42 -0.315762
  13 42 -1.28511
  14 42 0.474407
  15 42 -1.29309
  16 42 -0.799276
  17 42 -0.111883
  18 42 0.304906
  19 42 0.814231
  20 42 -0.484088
8900 20 840
  1 42 -0.424615
  2 42 0.202092
  3 42 -0.45241
  4 42 -0.57983
  5 42 -0.999871
  6 42 -1.27438
  7 42 -0.962298
  8 42 -0.179016
  9 42 -1.21902
  10 42 1.18342
  11 42 0.557799
  12 42 0.354993
  13 42 -0.416056
  14 42 0.316571
  15 42 0.0373768
  16 42 -0.171833
  17 42 0.894178
  18 42 0.1756
  19 42 0.348519
  20 42 0.447081
9000 20 840
  1 42 0.115429
  2 42 0.479155
  3 42 -1.17174
  4 42 0.52985
  5 42 0.391663
  6 42 -0.33394
  7 42 2.03104
  8 42 -0.0796031
  9 42 -0.357876
  10 42 0.779555
  11 42 -0.682933
  12 42 -0.536417
  13 42 -0.188053
  14 42 0.191547
  15 42 -1.12467
  16 42 0.468597
  17 42 -0.754655
  18 42 -0.0823925
  19 42 -0.281179
  20 42 0.544838
9100 20 840
  1 42 0.310085
  2 42 -1.13821
  3 42 -0.186968
  4 42 0.490296
  5 42 -0.602994
  6 42 -1.11079
  7 42 -0.267971
  8 42 0.383304
  9 42 -1.62995
  10 42 -0.860819
  11 42 -0.452126
  12 42 0.0178844
  13 42 0.253184
  14 42 -0.280351
  15 42 -0.402914
  16 42 1.02179
  17 42 0.717366
  18 42 -0.941689
  19 42 0.292459
  20 42 1.03679
9200 20 840
  1 42 0.714348
  2 42 -0.0677521
  3 42 0.436457
  4 42 0.335026
  5 42 0.395147
  6 42 1.19238
  7 42 0.0986221
  8 42 0.333408
  9 42 0.326701
  10 42 -0.606364
  11 42 0.145751
  12 42 0.50263
  13 42 -0.838508
  14 42 -0.536087
  15 42 -0.41932
  16 42 -0.563766
  17 42 -0.153271
  18 42 0.252869
  19 42 0.226998
  20 42 -1.09559
9300 20 840
  1 42 -0.876838
  2 42 -1.04053
  3 42 0.20466
  4 42 -0.400086
  5 42 -0.417563
  6 42 1.23243
  7 42 -0.0247262
  8 42 -0.50356
  9 42 0.0771095
  10 42 0.107054
  11 42 -0.388955
  12 42 1.3009
  13 42 -0.396571
  14 42 -0.538798
  15 42 -0.46958
  16 42 -1.00872
  17 42 1.09308
  18 42 1.22683
  19 42 1.39071
  20 42 -1.76473
9400 20 840
  1 42 -0.278912
  2 42 -0.52416
  3 42 0.171055
  4 42 -1.3569
  5 42 0.251535
  6 42 -0.113647
  7 42 -0.071206
  8 42 0.0820633
  9 42 -0.705552
  10 42 -0.175928
  11 42 -1.38288
  12 42 -0.33295
  13 42 -0.257568
  14 42 0.167268
  15 42 -0.690387
  16 42 0.133831
  17 42 1.338
  18 42 0.338295
  19 42 -0.142893
  20 42 -1.67561
9500 20 840
  1 42 -0.823583
  2 42 -0.570263
  3 42 -1.50355
  4 42 -1.40611
  5 42 -0.143383
  6 42 -0.940426
  7 42 -1.13168
  8 42 -0.379327
  9 42 0.148274
  10 42 0.150755
  11 42 -0.9511
  12 42 0.753297
  13 42 -0.609756
  14 42 -0.163568
  15 42 -0.500866
  16 42 0.350085
  17 42 0.988545
  18 42 0.409133
  19 42 -0.929817
  20 42 -0.385058
9600 20 840
  1 42 -0.204164
  2 42 0.306263
  3 42 -0.645388
  4 42 0.909867
  5 42 0.330216
  6 42 0.475548
  7 42 -0.815945
  8 42 -0.268457
  9 42 -0.282587
  10 42 -0.67175
  11 42 -2.54172
  12 42 0.033373
  13 42 -0.914906
  14 42 -0.423366
  15 42 0.251141
  16 42 0.470984
  17 42 0.0657108
  18 42 -0.315917
  19 42 1.17666
  20 42 0.605746
9700 20 840
  1 42 -0.482377
  2 42 -0.779357
  3 42 1.56433
  4 42 -0.0439761
  5 42 -0.371473
  6 42 -0.603875
  7 42 -0.483234
  8 42 0.769366
  9 42 1.2203
  10 42 -0.850895
  11 42 -0.759724
  12 42 -0.166897
  13 42 -0.475603
  14 42 -0.376981
  15 42 -1.00801
  16 42 -0.198065
  17 42 -0.444956
  18 42 -1.47606
  19 42 2.81985
  20 42 0.0754299
9800 20 840
  1 42 0.237363
  2 42 -0.111402
  3 42 0.254196
  4 42 -0.916289
  5 42 0.36916
  6 42 -1.54172
  7 42 0.591971
  8 42 -0.47127
  9 42 -0.451313
  10 42 1.07059
  11 42 0.00483283
  12 42 -0.217662
  13 42 -0.608956
  14 42 -0.303384
  15 42 -1.00798
  16 42 -0.129712
  17 42 -1.21043
  18 42 -0.630743
  19 42 -0.655403
  20 42 0.107612
9900 20 840
  1 42 -0.0324779
  2 42 -0.706958
  3 42 0.18989
  4 42 -0.391929
  5 42 -2.00705
  6 42 -0.67889
  7 42 -0.188691
  8 42 0.188142
  9 42 0.353826
  10 42 -0.292916
  11 42 0.256444
  12 42 0.961451
  13 42 -0.392474
  14 42 0.484047
  15 42 0.758797
  16 42 -2.0763
  17 42 -0.455988
  18 42 0.0629
  19 42 1.6609
  20 42 -0.494442
10000 20 840
  1 42 0.372302
  2 42 -0.745423
  3 42 0.218471
  4 42 -0.967398
  5 42 -0.633791
  6 42 1.56957
  7 42 -0.146113
  8 42 0.0893933
  9 42 1.22901
  10 42 -0.368898
  11 42 0.400393
  12 42 -0.24085
  13 42 -1.00128
  14 42 0.513574
  15 42 -0.53764
  16 42 0.0467192
  17 42 -1.54504
  18 42 -1.58015
  19 42 -0.558359
  20 42 1.10978
