# Chunk-averaged data for fix sternForces and group all
# Timestep Number-of-chunks Total-count
# Chunk Ncount c_sternComp
0 20 840
  1 42 -0.10126
  2 42 -0.10126
  3 42 -0.10126
  4 42 -0.10126
  5 42 -0.10126
  6 42 -0.10126
  7 42 -0.10126
  8 42 -0.10126
  9 42 -0.10126
  10 42 -0.10126
  11 42 -0.10126
  12 42 -0.10126
  13 42 -0.10126
  14 42 -0.10126
  15 42 -0.10126
  16 42 -0.10126
  17 42 -0.10126
  18 42 -0.10126
  19 42 -0.10126
  20 42 -0.10126
100 20 840
  1 42 -0.105407
  2 42 -1.97192
  3 42 1.95681
  4 42 1.18615
  5 42 -1.44988
  6 42 -1.5636
  7 42 -0.416437
  8 42 3.70947
  9 42 -0.511429
  10 42 0.709777
  11 42 1.31573
  12 42 1.2746
  13 42 0.811856
  14 42 -0.0388619
  15 42 0.575515
  16 42 1.30805
  17 42 -0.948101
  18 42 0.281479
  19 42 -1.15382
  20 42 -1.06924
200 20 840
  1 42 2.91849
  2 42 -0.645565
  3 42 2.94527
  4 42 -2.0238
  5 42 -0.892859
  6 42 -0.479984
  7 42 0.73797
  8 42 2.35022
  9 42 0.715296
  10 42 0.79549
  11 42 -1.0228
  12 42 -1.75648
  13 42 4.50729
  14 42 -0.339493
  15 42 -2.09606
  16 42 -3.45507
  17 42 3.27721
  18 42 1.23139
  19 42 1.01958
  20 42 -1.93757
300 20 840
  1 42 0.34437
  2 42 1.75629
  3 42 3.15534
  4 42 -0.998295
  5 42 3.78533
  6 42 -0.232937
  7 42 2.33695
  8 42 -1.35434
  9 42 1.80179
  10 42 -2.10364
  11 42 0.00523432
  12 42 -1.72571
  13 42 -0.385758
  14 42 -0.2361
  15 42 1.41312
  16 42 1.12574
  17 42 -1.42298
  18 42 -1.26131
  19 42 -2.6325
  20 42 1.29633
400 20 840
  1 42 1.07365
  2 42 1.33373
  3 42 2.92472
  4 42 -2.61593
  5 42 2.34219
  6 42 1.39919
  7 42 2.57777
  8 42 -0.477193
  9 42 0.218627
  10 42 -1.21778
  11 42 1.02693
  12 42 0.500704
  13 42 1.20306
  14 42 -0.304684
  15 42 0.626831
  16 42 -0.58642
  17 42 -1.54647
  18 42 -1.65289
  19 42 0.366053
  20 42 0.510674
500 20 840
  1 42 3.07854
  2 42 -1.73985
  3 42 -0.0777485
  4 42 -0.258381
  5 42 -1.66677
  6 42 2.38843
  7 42 4.87098
  8 42 1.32694
  9 42 3.63716
  10 42 -1.43296
  11 42 0.790022
  12 42 -0.763147
  13 42 0.681253
  14 42 0.209279
  15 42 1.78218
  16 42 -0.904615
  17 42 0.731703
  18 42 0.502956
  19 42 5.61597
  20 42 -2.13482
600 20 840
  1 42 0.105067
  2 42 -0.123686
  3 42 2.58816
  4 42 -1.5668
  5 42 1.84147
  6 42 1.60139
  7 42 -0.0815207
  8 42 -0.593067
  9 42 -0.399776
  10 42 -3.94301
  11 42 -1.99977
  12 42 1.50197
  13 42 -0.311096
  14 42 -0.321584
  15 42 2.19793
  16 42 0.347976
  17 42 2.20151
  18 42 -0.0853824
  19 42 2.55123
  20 42 -4.67216
700 20 840
  1 42 -1.01924
  2 42 1.49063
  3 42 1.19817
  4 42 1.80026
  5 42 -0.245645
  6 42 1.55452
  7 42 0.606877
  8 42 0.204973
  9 42 -0.192303
  10 42 -0.0494977
  11 42 -1.29868
  12 42 2.79188
  13 42 1.31071
  14 42 0.610846
  15 42 -1.39149
  16 42 -0.646467
  17 42 -1.46285
  18 42 0.798428
  19 42 4.55654
  20 42 -1.87447
800 20 840
  1 42 -0.0715767
  2 42 4.27246
  3 42 -0.686511
  4 42 0.371732
  5 42 1.2278
  6 42 2.9126
  7 42 -0.21599
  8 42 0.0656147
  9 42 -2.58419
  10 42 3.01225
  11 42 -3.01222
  12 42 -0.717104
  13 42 -1.06886
  14 42 -0.159466
  15 42 0.483458
  16 42 3.62154
  17 42 -0.797246
  18 42 -1.38062
  19 42 -5.62619
  20 42 4.53851
900 20 840
  1 42 1.36241
  2 42 3.30342
  3 42 -0.132639
  4 42 0.295562
  5 42 -1.35095
  6 42 0.296398
  7 42 -1.47437
  8 42 0.313235
  9 42 -0.209538
  10 42 -0.507257
  11 42 -2.14309
  12 42 1.98906
  13 42 -1.17524
  14 42 -0.155237
  15 42 0.378616
  16 42 0.845043
  17 42 -2.11636
  18 42 3.00905
  19 42 -3.30317
  20 42 1.34777
1000 20 840
  1 42 -2.67012
  2 42 -0.64467
  3 42 2.23017
  4 42 1.03614
  5 42 1.23261
  6 42 -0.598397
  7 42 -0.914881
  8 42 0.31632
  9 42 -0.936123
  10 42 -2.24083
  11 42 -0.528548
  12 42 3.4953
  13 42 -1.05527
  14 42 0.387115
  15 42 -0.840963
  16 42 2.41461
  17 42 2.70444
  18 42 -0.656152
  19 42 2.42288
  20 42 0.891116
1100 20 840
  1 42 -1.23736
  2 42 1.25856
  3 42 -1.06641
  4 42 2.4978
  5 42 -0.380553
  6 42 4.70615
  7 42 -1.96792
  8 42 -0.685425
  9 42 -1.57514
  10 42 -0.447732
  11 42 -2.03102
  12 42 3.00244
  13 42 -1.1047
  14 42 3.39843
  15 42 0.936525
  16 42 -0.186026
  17 42 1.02835
  18 42 0.428316
  19 42 1.65594
  20 42 0.753918
1200 20 840
  1 42 -3.02504
  2 42 -1.04353
  3 42 -1.31346
  4 42 1.45328
  5 42 -1.84265
  6 42 1.51853
  7 42 0.0410326
  8 42 -1.7534
  9 42 4.88507
  10 42 -0.340482
  11 42 -4.20762
  12 42 0.514247
  13 42 0.785264
  14 42 0.168626
  15 42 -1.09736
  16 42 2.28517
  17 42 0.678671
  18 42 -0.69576
  19 42 -0.241646
  20 42 -0.415446
1300 20 840
  1 42 -1.50244
  2 42 1.58211
  3 42 -1.59039
  4 42 -3.10581
  5 42 2.74749
  6 42 -2.66432
  7 42 1.11492
  8 42 -0.392645
  9 42 -0.402505
  10 42 1.02121
  11 42 -1.02592
  12 42 0.31639
  13 42 -0.902721
  14 42 -3.51564
  15 42 2.46849
  16 42 -1.75505
  17 42 -1.81171
  18 42 0.180052
  19 42 4.77128
  20 42 0.583887
1400 20 840
  1 42 -1.70079
  2 42 -0.291381
  3 42 1.76083
  4 42 2.30875
  5 42 0.219379
  6 42 -1.08818
  7 42 3.07635
  8 42 -0.0338736
  9 42 -1.23733
  10 42 -0.565464
  11 42 -0.664883
  12 42 -1.63543
  13 42 1.33594
  14 42 -3.60137
  15 42 1.58896
  16 42 -0.195706
  17 42 -1.79929
  18 42 -3.67656
  19 42 -0.73197
  20 42 -1.53195
1500 20 840
  1 42 1.54778
  2 42 0.982685
  3 42 -0.638775
  4 42 -0.939369
  5 42 -1.09161
  6 42 1.31362
  7 42 -0.669581
  8 42 1.97552
  9 42 0.294181
  10 42 -0.571052
  11 42 -2.4405
  12 42 0.359281
  13 42 3.17202
  14 42 1.39285
  15 42 0.136448
  16 42 -3.36592
  17 42 -0.939154
  18 42 -0.997332
  19 42 2.54735
  20 42 0.172778
1600 20 840
  1 42 1.7477
  2 42 -1.77836
  3 42 1.76241
  4 42 1.38387
  5 42 4.15175
  6 42 -1.12673
  7 42 1.60221
  8 42 -1.36353
  9 42 4.19026
  10 42 -1.65434
  11 42 1.37085
  12 42 -1.37541
  13 42 -0.471188
  14 42 0.00166719
  15 42 0.218387
  16 42 1.08886
  17 42 -0.666304
  18 42 -2.24699
  19 42 -2.25193
  20 42 1.1931
1700 20 840
  1 42 0.537208
  2 42 -1.13166
  3 42 -1.63769
  4 42 -2.89746
  5 42 -0.812304
  6 42 0.617099
  7 42 1.5897
  8 42 1.73847
  9 42 0.681243
  10 42 -1.73908
  11 42 0.012966
  12 42 -0.803985
  13 42 2.25413
  14 42 0.703606
  15 42 -2.67113
  16 42 -0.972312
  17 42 2.3659
  18 42 1.27109
  19 42 -2.80632
  20 42 -0.413981
1800 20 840
  1 42 4.83862
  2 42 -1.38398
  3 42 -0.907098
  4 42 -0.786014
  5 42 -1.00723
  6 42 0.703042
  7 42 2.09222
  8 42 0.538112
  9 42 -1.04635
  10 42 -0.99225
  11 42 -0.0770898
  12 42 -2.40381
  13 42 -3.09627
  14 42 -1.63181
  15 42 -1.06468
  16 42 0.99671
  17 42 0.0401299
  18 42 0.328149
  19 42 -0.507648
  20 42 -0.656032
1900 20 840
  1 42 -0.358988
  2 42 2.30896
  3 42 2.00891
  4 42 -0.479035
  5 42 1.09151
  6 42 -0.532213
  7 42 -0.658276
  8 42 0.359048
  9 42 0.745496
  10 42 -1.61208
  11 42 -0.0875096
  12 42 -0.367922
  13 42 2.35821
  14 42 -0.581012
  15 42 0.296445
  16 42 1.75658
  17 42 -0.801626
  18 42 -0.107283
  19 42 2.15033
  20 42 -0.652833
2000 20 840
  1 42 -1.84825
  2 42 0.894563
  3 42 1.25088
  4 42 3.58401
  5 42 -0.865291
  6 42 -0.591766
  7 42 -3.79769
  8 42 -2.55052
  9 42 -3.28975
  10 42 2.04153
  11 42 -3.49523
  12 42 -3.26189
  13 42 0.675037
  14 42 -0.128307
  15 42 -3.344
  16 42 -1.41092
  17 42 -0.367782
  18 42 1.74611
  19 42 2.13028
  20 42 -2.80293
2100 20 840
  1 42 1.8074
  2 42 0.735305
  3 42 0.726644
  4 42 -2.02345
  5 42 0.197243
  6 42 -0.11876
  7 42 -0.29514
  8 42 0.858101
  9 42 -2.91555
  10 42 0.277423
  11 42 0.51708
  12 42 2.28104
  13 42 -1.89036
  14 42 -0.500359
  15 42 0.669629
  16 42 1.11001
  17 42 1.66354
  18 42 0.436302
  19 42 1.13125
  20 42 -1.88487
2200 20 840
  1 42 0.579537
  2 42 -0.289507
  3 42 -0.944476
  4 42 -2.59072
  5 42 -2.02902
  6 42 -0.946587
  7 42 -3.26459
  8 42 -0.804525
  9 42 -0.637358
  10 42 -1.30194
  11 42 -0.727035
  12 42 1.76873
  13 42 -1.71035
  14 42 -0.446705
  15 42 -1.54587
  16 42 0.444835
  17 42 -0.248423
  18 42 0.382136
  19 42 -2.9921
  20 42 -0.0853513
2300 20 840
  1 42 -2.32238
  2 42 1.33655
  3 42 0.106855
  4 42 -1.80408
  5 42 3.29752
  6 42 -1.5956
  7 42 1.13216
  8 42 -3.11393
  9 42 -2.67781
  10 42 -0.874431
  11 42 2.32065
  12 42 -3.34177
  13 42 -3.48683
  14 42 0.584219
  15 42 -0.79126
  16 42 3.3436
  17 42 -4.84752
  18 42 -2.57426
  19 42 -3.68292
  20 42 7.64789
2400 20 840
  1 42 1.43961
  2 42 1.30905
  3 42 -0.997154
  4 42 0.35757
  5 42 1.38538
  6 42 0.170557
  7 42 -5.6784
  8 42 -3.23041
  9 42 -1.72368
  10 42 -2.55257
  11 42 0.405485
  12 42 -0.218003
  13 42 0.781712
  14 42 1.79634
  15 42 0.293781
  16 42 -0.991258
  17 42 -0.396641
  18 42 -3.25086
  19 42 -1.26662
  20 42 1.01705
2500 20 840
  1 42 -5.20619
  2 42 -1.4649
  3 42 -1.19374
  4 42 -0.872859
  5 42 -3.6063
  6 42 -2.11371
  7 42 0.00362376
  8 42 -0.858476
  9 42 0.288187
  10 42 0.467874
  11 42 -1.42103
  12 42 2.03902
  13 42 0.653777
  14 42 0.0439125
  15 42 -1.43361
  16 42 -1.1836
  17 42 -2.72409
  18 42 -0.370474
  19 42 -0.432566
  20 42 -1.36061
2600 20 840
  1 42 -4.00576
  2 42 -4.03283
  3 42 1.12016
  4 42 -1.60584
  5 42 -1.62204
  6 42 -4.03643
  7 42 -0.355107
  8 42 2.49158
  9 42 1.48633
  10 42 2.54606
  11 42 -0.985228
  12 42 -1.83801
  13 42 -0.889744
  14 42 -2.39803
  15 42 0.188003
  16 42 0.0929169
  17 42 0.866009
  18 42 -0.926846
  19 42 0.87884
  20 42 -0.139269
2700 20 840
  1 42 2.02023
  2 42 -0.584818
  3 42 -0.795281
  4 42 -1.1336
  5 42 0.353564
  6 42 -4.09064
  7 42 -0.0276072
  8 42 -1.50452
  9 42 2.99017
  10 42 4.6852
  11 42 -0.346299
  12 42 -1.54177
  13 42 0.35241
  14 42 0.0383259
  15 42 1.58663
  16 42 -3.71033
  17 42 -1.13923
  18 42 1.61629
  19 42 0.880421
  20 42 -2.97114
2800 20 840
  1 42 -1.34001
  2 42 -1.80487
  3 42 -1.32517
  4 42 -1.16947
  5 42 2.10062
  6 42 -1.80893
  7 42 1.85286
  8 42 -0.679607
  9 42 -0.703463
  10 42 -0.320192
  11 42 -0.479407
  12 42 -1.27075
  13 42 -0.119367
  14 42 0.940908
  15 42 1.03426
  16 42 -1.57298
  17 42 -1.2181
  18 42 -3.11846
  19 42 -1.10194
  20 42 1.70346
2900 20 840
  1 42 1.04003
  2 42 0.494394
  3 42 0.553332
  4 42 -0.543846
  5 42 1.49383
  6 42 3.96898
  7 42 -0.0715537
  8 42 1.43928
  9 42 1.01658
  10 42 -2.5878
  11 42 2.14985
  12 42 -0.45743
  13 42 0.522426
  14 42 1.34099
  15 42 -0.565283
  16 42 -2.53622
  17 42 0.661118
  18 42 -1.48438
  19 42 0.953886
  20 42 0.0535272
3000 20 840
  1 42 2.21538
  2 42 -4.06021
  3 42 -5.42357
  4 42 -1.68486
  5 42 -2.12365
  6 42 -0.243749
  7 42 0.606758
  8 42 2.0556
  9 42 5.34485
  10 42 -2.41877
  11 42 2.62512
  12 42 -1.16614
  13 42 -0.0427688
  14 42 -2.18935
  15 42 -4.09414
  16 42 -0.286581
  17 42 -0.441374
  18 42 1.63942
  19 42 -1.90059
  20 42 -0.344959
3100 20 840
  1 42 0.574784
  2 42 -1.72406
  3 42 -0.88773
  4 42 -0.660239
  5 42 -0.537187
  6 42 -0.633028
  7 42 -1.64039
  8 42 0.0801172
  9 42 -2.52629
  10 42 0.556401
  11 42 -0.832134
  12 42 -1.04018
  13 42 -2.76703
  14 42 -2.39458
  15 42 -2.10502
  16 42 1.88878
  17 42 -0.535208
  18 42 2.05452
  19 42 -4.86292
  20 42 -0.302308
3200 20 840
  1 42 0.924895
  2 42 -0.115978
  3 42 -0.792103
  4 42 3.12228
  5 42 -0.965022
  6 42 3.80515
  7 42 -3.70557
  8 42 -0.53071
  9 42 -1.61084
  10 42 1.64892
  11 42 0.106137
  12 42 -0.265032
  13 42 1.57202
  14 42 -0.027118
  15 42 -2.34657
  16 42 -2.62604
  17 42 1.25025
  18 42 -0.707679
  19 42 2.91762
  20 42 1.86748
3300 20 840
  1 42 -0.963681
  2 42 0.280852
  3 42 2.02188
  4 42 -2.50022
  5 42 2.72754
  6 42 0.0021532
  7 42 -0.543132
  8 42 -0.978811
  9 42 -4.54008
  10 42 -1.67327
  11 42 0.251019
  12 42 -1.65946
  13 42 -0.355638
  14 42 -2.29974
  15 42 -1.11345
  16 42 0.962514
  17 42 1.70112
  18 42 1.20184
  19 42 -0.244861
  20 42 1.21555
3400 20 840
  1 42 3.49717
  2 42 0.203258
  3 42 1.45917
  4 42 2.76738
  5 42 -1.22584
  6 42 -0.0655431
  7 42 -4.71658
  8 42 -1.79604
  9 42 1.64945
  10 42 -0.747905
  11 42 1.42913
  12 42 0.0218712
  13 42 -3.64137
  14 42 -1.88645
  15 42 1.01462
  16 42 -1.49619
  17 42 -0.287186
  18 42 2.65688
  19 42 3.0613
  20 42 -1.95349
3500 20 840
  1 42 -1.48601
  2 42 -2.41392
  3 42 1.06557
  4 42 0.438562
  5 42 -1.33963
  6 42 -0.0745687
  7 42 -0.444131
  8 42 1.45876
  9 42 -1.84238
  10 42 0.796281
  11 42 -1.11776
  12 42 -0.793204
  13 42 0.300619
  14 42 1.68223
  15 42 -2.56486
  16 42 1.39053
  17 42 3.14964
  18 42 0.575998
  19 42 -0.673347
  20 42 2.40539
3600 20 840
  1 42 -0.701734
  2 42 -0.947592
  3 42 -1.37911
  4 42 0.736226
  5 42 0.0897407
  6 42 1.42129
  7 42 1.01017
  8 42 -3.23761
  9 42 -1.31462
  10 42 -3.01345
  11 42 -3.38628
  12 42 -0.120119
  13 42 -2.98613
  14 42 1.79853
  15 42 -2.61554
  16 42 -1.29363
  17 42 -0.359259
  18 42 1.23694
  19 42 -2.41745
  20 42 -0.0586599
3700 20 840
  1 42 -1.1817
  2 42 1.45586
  3 42 2.70255
  4 42 -3.17414
  5 42 3.70345
  6 42 0.336778
  7 42 -3.2833
  8 42 -1.17935
  9 42 1.47945
  10 42 -4.75904
  11 42 1.33491
  12 42 1.42934
  13 42 -0.743922
  14 42 1.5169
  15 42 -0.770131
  16 42 0.937299
  17 42 0.805626
  18 42 -1.08821
  19 42 -2.63813
  20 42 -2.03938
3800 20 840
  1 42 -0.42212
  2 42 -0.970224
  3 42 -2.15109
  4 42 2.57237
  5 42 -2.66875
  6 42 -3.10457
  7 42 -0.883795
  8 42 1.02512
  9 42 -2.00191
  10 42 3.71056
  11 42 -1.41435
  12 42 -1.34432
  13 42 -0.42882
  14 42 -1.40343
  15 42 1.43228
  16 42 -1.88273
  17 42 -3.90571
  18 42 -1.70662
  19 42 0.63779
  20 42 1.87267
3900 20 840
  1 42 -2.45039
  2 42 -0.79052
  3 42 5.32287
  4 42 0.952301
  5 42 0.23511
  6 42 -1.28624
  7 42 -0.515098
  8 42 1.52497
  9 42 0.871642
  10 42 0.265459
  11 42 -4.18805
  12 42 1.98981
  13 42 0.521998
  14 42 -0.755175
  15 42 2.15661
  16 42 2.25227
  17 42 -3.14994
  18 42 -3.49984
  19 42 0.18532
  20 42 0.10853
4000 20 840
  1 42 -0.17752
  2 42 -0.654047
  3 42 -4.92515
  4 42 -1.08128
  5 42 -1.82287
  6 42 -1.84872
  7 42 -0.699982
  8 42 -1.38391
  9 42 4.30977
  10 42 -1.07333
  11 42 -0.88461
  12 42 3.61124
  13 42 0.440091
  14 42 0.380381
  15 42 1.80104
  16 42 -4.30418
  17 42 1.16057
  18 42 -2.15978
  19 42 4.26508
  20 42 -1.98517
4100 20 840
  1 42 -4.64264
  2 42 -1.03842
  3 42 3.01588
  4 42 -0.967554
  5 42 4.92515
  6 42 0.867924
  7 42 4.86952
  8 42 -1.54476
  9 42 0.840405
  10 42 0.984265
  11 42 -2.57165
  12 42 -0.6857
  13 42 -0.59104
  14 42 0.432281
  15 42 1.34962
  16 42 2.44905
  17 42 -0.307627
  18 42 -0.751459
  19 42 1.68247
  20 42 0.992592
4200 20 840
  1 42 -0.256024
  2 42 -0.790665
  3 42 -3.3964
  4 42 0.407455
  5 42 -1.59207
  6 42 0.778604
  7 42 0.200668
  8 42 1.96237
  9 42 3.67161
  10 42 -0.0477266
  11 42 0.140453
  12 42 1.00765
  13 42 1.11541
  14 42 0.593923
  15 42 0.133535
  16 42 1.17693
  17 42 2.70936
  18 42 -0.97727
  19 42 0.972777
  20 42 -2.15128
4300 20 840
  1 42 2.75977
  2 42 0.506188
  3 42 0.484286
  4 42 -2.56673
  5 42 0.91222
  6 42 0.0486081
  7 42 2.23509
  8 42 1.12903
  9 42 2.94228
  10 42 -1.58794
  11 42 -3.06707
  12 42 1.46981
  13 42 0.101859
  14 42 -0.266331
  15 42 -0.400537
  16 42 0.641979
  17 42 1.1905
  18 42 1.26726
  19 42 1.68299
  20 42 -1.14806
4400 20 840
  1 42 -2.1375
  2 42 2.08742
  3 42 3.2216
  4 42 3.15913
  5 42 1.39459
  6 42 0.0758359
  7 42 -1.97368
  8 42 0.424498
  9 42 -2.00554
  10 42 -1.57148
  11 42 -0.484377
  12 42 -0.543439
  13 42 0.504209
  14 42 0.893509
  15 42 -1.93364
  16 42 1.59437
  17 42 2.30184
  18 42 -1.19801
  19 42 -1.77386
  20 42 0.845874
4500 20 840
  1 42 0.965244
  2 42 2.38085
  3 42 0.289731
  4 42 4.76644
  5 42 -2.30979
  6 42 0.809402
  7 42 -5.26734
  8 42 -1.20292
  9 42 -0.234169
  10 42 2.99378
  11 42 0.288888
  12 42 -0.147508
  13 42 -0.822571
  14 42 0.0969421
  15 42 -1.30941
  16 42 0.14117
  17 42 -0.939475
  18 42 1.8608
  19 42 -3.27096
  20 42 1.25814
4600 20 840
  1 42 3.0864
  2 42 -0.982549
  3 42 2.5164
  4 42 -1.54559
  5 42 2.12148
  6 42 1.0183
  7 42 0.320414
  8 42 0.879552
  9 42 1.57512
  10 42 -1.77612
  11 42 1.8591
  12 42 0.608015
  13 42 0.663825
  14 42 -1.7078
  15 42 2.19589
  16 42 3.09668
  17 42 1.08879
  18 42 0.509536
  19 42 0.0154259
  20 42 0.919631
4700 20 840
  1 42 0.0859081
  2 42 1.45552
  3 42 5.76197
  4 42 1.06309
  5 42 0.521921
  6 42 1.44967
  7 42 -1.6246
  8 42 -0.638018
  9 42 -1.05999
  10 42 -3.65695
  11 42 -0.885647
  12 42 -0.952186
  13 42 1.94693
  14 42 -1.38743
  15 42 0.345331
  16 42 -0.605916
  17 42 1.79478
  18 42 3.38046
  19 42 2.6725
  20 42 -0.726014
4800 20 840
  1 42 -1.02115
  2 42 1.75406
  3 42 3.58846
  4 42 2.77797
  5 42 2.66567
  6 42 -1.52409
  7 42 1.06399
  8 42 -0.657704
  9 42 -2.14055
  10 42 -0.975981
  11 42 3.03342
  12 42 -1.40916
  13 42 -0.593854
  14 42 -1.1704
  15 42 -0.0690429
  16 42 -0.790052
  17 42 -0.24986
  18 42 -1.9251
  19 42 3.33452
  20 42 0.353395
4900 20 840
  1 42 -0.00857442
  2 42 -0.3257
  3 42 1.58273
  4 42 0.769764
  5 42 -0.417058
  6 42 -1.00655
  7 42 0.396706
  8 42 -0.475315
  9 42 1.83335
  10 42 -0.470422
  11 42 -1.6212
  12 42 0.457235
  13 42 0.696288
  14 42 1.13636
  15 42 0.414899
  16 42 -2.06279
  17 42 -0.470944
  18 42 0.736271
  19 42 0.417604
  20 42 -2.57074
5000 20 840
  1 42 -3.24351
  2 42 -1.05922
  3 42 1.02897
  4 42 -0.934075
  5 42 -5.05709
  6 42 -0.469335
  7 42 -0.210325
  8 42 0.813007
  9 42 3.90718
  10 42 -0.0758939
  11 42 0.0960927
  12 42 -0.408167
  13 42 0.625841
  14 42 0.590024
  15 42 -1.82169
  16 42 -2.15778
  17 42 -1.84463
  18 42 0.182904
  19 42 -3.29589
  20 42 0.446784
5100 20 840
  1 42 -1.39945
  2 42 -2.65686
  3 42 0.862743
  4 42 -4.362
  5 42 -1.36587
  6 42 -4.81487
  7 42 3.69643
  8 42 3.31126
  9 42 -0.280046
  10 42 1.25382
  11 42 0.0146175
  12 42 1.29223
  13 42 0.553773
  14 42 -0.975557
  15 42 0.0636499
  16 42 -1.277
  17 42 0.92941
  18 42 -0.355946
  19 42 0.680665
  20 42 -1.2802
5200 20 840
  1 42 0.373866
  2 42 0.473109
  3 42 1.57577
  4 42 -1.22728
  5 42 -0.112369
  6 42 -2.5548
  7 42 -0.956215
  8 42 0.108174
  9 42 3.10151
  10 42 2.86187
  11 42 -0.790318
  12 42 1.55982
  13 42 -0.0688
  14 42 1.0123
  15 42 1.20155
  16 42 -0.882203
  17 42 -1.61562
  18 42 -3.37189
  19 42 -1.24474
  20 42 -0.598584
5300 20 840
  1 42 -1.86814
  2 42 0.553327
  3 42 -3.78766
  4 42 0.516731
  5 42 -3.54365
  6 42 2.02504
  7 42 -1.74273
  8 42 -0.116262
  9 42 3.67618
  10 42 1.13324
  11 42 -0.164724
  12 42 0.332303
  13 42 1.63859
  14 42 1.0112
  15 42 -0.199278
  16 42 -0.863841
  17 42 -2.28376
  18 42 -3.00612
  19 42 -2.8465
  20 42 3.90685
5400 20 840
  1 42 -2.86435
  2 42 -0.0829968
  3 42 -0.15421
  4 42 -1.34145
  5 42 0.8291
  6 42 0.311387
  7 42 2.97221
  8 42 -2.31871
  9 42 0.731944
  10 42 -1.77591
  11 42 0.203359
  12 42 2.0671
  13 42 -1.0458
  14 42 -0.543571
  15 42 -2.27863
  16 42 1.93427
  17 42 -1.77988
  18 42 -2.04018
  19 42 1.51097
  20 42 -0.297847
5500 20 840
  1 42 -0.633881
  2 42 -1.77947
  3 42 -4.25347
  4 42 -4.38375
  5 42 -3.62658
  6 42 0.430885
  7 42 0.294318
  8 42 -1.49191
  9 42 1.08767
  10 42 -2.91647
  11 42 -1.35087
  12 42 2.78127
  13 42 -1.77085
  14 42 -1.38565
  15 42 -1.15269
  16 42 0.914361
  17 42 -0.791703
  18 42 1.52136
  19 42 -0.872941
  20 42 -3.28377
5600 20 840
  1 42 0.073486
  2 42 0.625184
  3 42 0.00699446
  4 42 -1.88069
  5 42 -1.38123
  6 42 1.2183
  7 42 -0.482728
  8 42 -1.02957
  9 42 0.536248
  10 42 2.75915
  11 42 -3.93296
  12 42 -0.0873322
  13 42 -0.414121
  14 42 -0.671323
  15 42 -0.687462
  16 42 -0.241392
  17 42 2.09155
  18 42 -0.849441
  19 42 0.066075
  20 42 -1.00863
5700 20 840
  1 42 -1.06115
  2 42 2.37255
  3 42 3.23917
  4 42 -1.72132
  5 42 7.07772
  6 42 3.45186
  7 42 -2.4623
  8 42 0.539579
  9 42 0.51547
  10 42 -1.64342
  11 42 -0.958958
  12 42 -0.889475
  13 42 0.589832
  14 42 1.21328
  15 42 -1.37268
  16 42 -1.76659
  17 42 -0.420476
  18 42 -1.36748
  19 42 1.80111
  20 42 2.75053
5800 20 840
  1 42 0.261466
  2 42 0.514767
  3 42 -1.00377
  4 42 -1.82041
  5 42 -1.05207
  6 42 -2.22311
  7 42 -1.97276
  8 42 -0.0110395
  9 42 -2.04857
  10 42 -3.34386
  11 42 -0.284289
  12 42 -0.213194
  13 42 -1.14646
  14 42 -2.14951
  15 42 -1.53154
  16 42 -0.739272
  17 42 0.322047
  18 42 -1.56148
  19 42 -6.29162
  20 42 -1.16035
5900 20 840
  1 42 2.14921
  2 42 -0.426963
  3 42 1.70995
  4 42 -3.44179
  5 42 -2.15101
  6 42 3.16564
  7 42 -0.822111
  8 42 1.66187
  9 42 -0.973763
  10 42 -0.937017
  11 42 -2.17659
  12 42 -0.412658
  13 42 -0.844319
  14 42 -0.783525
  15 42 -0.966916
  16 42 0.0105251
  17 42 -1.03563
  18 42 0.413414
  19 42 -1.15488
  20 42 2.19266
6000 20 840
  1 42 -0.0919855
  2 42 -3.17018
  3 42 0.476587
  4 42 -2.23727
  5 42 -0.387542
  6 42 -0.0835977
  7 42 1.19826
  8 42 1.69727
  9 42 1.02731
  10 42 -2.51115
  11 42 -1.06773
  12 42 -1.55059
  13 42 1.53727
  14 42 -0.360931
  15 42 -3.57985
  16 42 1.54309
  17 42 -0.811273
  18 42 -1.12769
  19 42 -2.03513
  20 42 2.70021
6100 20 840
  1 42 1.70661
  2 42 -1.14012
  3 42 0.240209
  4 42 -0.983963
  5 42 3.23345
  6 42 1.60593
  7 42 -1.23662
  8 42 -2.08343
  9 42 -0.100567
  10 42 -4.04068
  11 42 -0.242543
  12 42 -0.0586674
  13 42 1.49401
  14 42 0.493808
  15 42 0.956343
  16 42 -3.166
  17 42 -0.331444
  18 42 -1.15007
  19 42 1.36045
  20 42 -1.08391
6200 20 840
  1 42 0.668939
  2 42 -1.29053
  3 42 4.96027
  4 42 -0.1376
  5 42 2.26479
  6 42 2.09545
  7 42 1.54912
  8 42 0.811816
  9 42 -3.49116
  10 42 -1.45825
  11 42 -1.58025
  12 42 -0.816953
  13 42 -0.648937
  14 42 -1.25572
  15 42 1.05739
  16 42 -3.81125
  17 42 2.53251
  18 42 -1.38524
  19 42 3.44824
  20 42 -2.04258
6300 20 840
  1 42 -1.9672
  2 42 -0.770074
  3 42 -2.61832
  4 42 0.254356
  5 42 -3.28433
  6 42 -1.72174
  7 42 1.66684
  8 42 1.87334
  9 42 1.0948
  10 42 2.22273
  11 42 -0.884578
  12 42 -0.909638
  13 42 -0.0234821
  14 42 -2.89437
  15 42 -0.0038938
  16 42 -2.7408
  17 42 -3.08124
  18 42 -1.22434
  19 42 -1.51107
  20 42 -1.77328
6400 20 840
  1 42 0.863918
  2 42 0.853931
  3 42 4.30811
  4 42 -2.32774
  5 42 0.618246
  6 42 -1.22017
  7 42 2.96285
  8 42 -0.343603
  9 42 2.7576
  10 42 -1.85295
  11 42 -2.17791
  12 42 -0.13423
  13 42 -2.39542
  14 42 -0.757559
  15 42 -0.691347
  16 42 1.4696
  17 42 -5.32881
  18 42 0.693713
  19 42 -0.257245
  20 42 -3.56633
6500 20 840
  1 42 0.727221
  2 42 0.177494
  3 42 -4.13064
  4 42 0.708465
  5 42 -0.923904
  6 42 0.8327
  7 42 -0.314651
  8 42 -0.914528
  9 42 1.13801
  10 42 -0.205941
  11 42 -1.31276
  12 42 -1.8131
  13 42 0.624449
  14 42 1.58288
  15 42 -2.21562
  16 42 -0.94897
  17 42 -0.207594
  18 42 -0.787783
  19 42 -0.775159
  20 42 1.35096
6600 20 840
  1 42 -2.06044
  2 42 1.44113
  3 42 0.615131
  4 42 2.45273
  5 42 0.0694343
  6 42 1.58938
  7 42 -0.896651
  8 42 -1.13155
  9 42 -1.9877
  10 42 -1.48312
  11 42 -2.15143
  12 42 1.28758
  13 42 -2.07415
  14 42 1.59084
  15 42 0.847857
  16 42 1.83377
  17 42 -1.65702
  18 42 -0.673413
  19 42 -2.47688
  20 42 0.753017
6700 20 840
  1 42 0.490525
  2 42 -3.5009
  3 42 -2.51406
  4 42 1.04374
  5 42 -2.39923
  6 42 -2.09316
  7 42 -0.926086
  8 42 -0.886793
  9 42 1.8298
  10 42 -0.112988
  11 42 0.574488
  12 42 0.233905
  13 42 -1.87447
  14 42 -1.77583
  15 42 -2.66809
  16 42 1.89552
  17 42 1.54966
  18 42 0.474902
  19 42 0.618633
  20 42 1.29249
6800 20 840
  1 42 0.156614
  2 42 -0.177246
  3 42 1.58196
  4 42 -0.0797557
  5 42 -3.02274
  6 42 -2.12575
  7 42 -0.509191
  8 42 -3.29957
  9 42 -2.08234
  10 42 0.811818
  11 42 -3.23423
  12 42 -1.90448
  13 42 -0.366199
  14 42 -1.16927
  15 42 -1.52121
  16 42 2.46713
  17 42 -1.41717
  18 42 4.48457
  19 42 -1.15804
  20 42 3.90536
6900 20 840
  1 42 -5.60188
  2 42 0.946887
  3 42 2.45034
  4 42 3.89935
  5 42 -0.159205
  6 42 -1.32157
  7 42 -3.96727
  8 42 -3.58824
  9 42 -3.06109
  10 42 1.25374
  11 42 -2.53833
  12 42 -0.327573
  13 42 -2.48151
  14 42 -1.39164
  15 42 1.29165
  16 42 1.66614
  17 42 0.782908
  18 42 -2.57584
  19 42 -0.326626
  20 42 1.94399
7000 20 840
  1 42 -2.12043
  2 42 0.808436
  3 42 2.9069
  4 42 -1.04362
  5 42 2.14929
  6 42 -0.436161
  7 42 -3.67913
  8 42 -1.53337
  9 42 0.683063
  10 42 -1.18392
  11 42 -2.10477
  12 42 0.710149
  13 42 0.183208
  14 42 -1.08236
  15 42 0.618281
  16 42 -1.17921
  17 42 0.38853
  18 42 0.319181
  19 42 5.08234
  20 42 0.326243
7100 20 840
  1 42 2.03005
  2 42 -1.6797
  3 42 -1.56086
  4 42 0.334717
  5 42 1.65153
  6 42 0.722284
  7 42 -1.25545
  8 42 -2.10279
  9 42 -0.702879
  10 42 -2.45867
  11 42 -0.544477
  12 42 -2.12704
  13 42 0.792214
  14 42 -1.9701
  15 42 2.46486
  16 42 -2.38989
  17 42 2.67083
  18 42 -1.36186
  19 42 -1.56232
  20 42 -0.0313782
7200 20 840
  1 42 -0.365077
  2 42 0.676741
  3 42 1.49147
  4 42 -0.463975
  5 42 1.70672
  6 42 -3.45816
  7 42 -0.575082
  8 42 -0.973322
  9 42 -2.28863
  10 42 -0.372112
  11 42 -0.681347
  12 42 -1.3229
  13 42 -1.67418
  14 42 0.564614
  15 42 0.53463
  16 42 0.857449
  17 42 0.417199
  18 42 0.239018
  19 42 0.321186
  20 42 1.59959
7300 20 840
  1 42 2.65552
  2 42 -2.13739
  3 42 -3.76744
  4 42 0.312583
  5 42 0.673265
  6 42 0.00270694
  7 42 0.184266
  8 42 -2.58494
  9 42 1.24034
  10 42 -1.81021
  11 42 1.57212
  12 42 0.211036
  13 42 -1.19769
  14 42 -1.04211
  15 42 -1.3386
  16 42 -0.507024
  17 42 -1.66286
  18 42 -2.44041
  19 42 -3.45746
  20 42 0.618691
7400 20 840
  1 42 1.14266
  2 42 2.11286
  3 42 0.162475
  4 42 -0.0135824
  5 42 -0.44946
  6 42 0.130576
  7 42 -0.420177
  8 42 -1.22461
  9 42 1.0908
  10 42 -2.10558
  11 42 1.42294
  12 42 0.468114
  13 42 2.08748
  14 42 0.58264
  15 42 -0.377609
  16 42 0.102123
  17 42 1.0473
  18 42 0.333304
  19 42 -1.10863
  20 42 -1.09958
7500 20 840
  1 42 -1.19561
  2 42 -2.27644
  3 42 1.79939
  4 42 2.94657
  5 42 -0.861731
  6 42 -0.914595
  7 42 -1.30513
  8 42 1.16275
  9 42 0.940671
  10 42 0.732723
  11 42 -0.361491
  12 42 -1.00128
  13 42 0.91269
  14 42 -1.29779
  15 42 -0.580627
  16 42 -0.00947722
  17 42 1.51791
  18 42 0.38145
  19 42 2.55793
  20 42 -0.972996
7600 20 840
  1 42 2.29744
  2 42 -1.20766
  3 42 0.532463
  4 42 -0.186549
  5 42 -0.734453
  6 42 -6.98481
  7 42 1.2266
  8 42 0.640444
  9 42 0.654061
  10 42 3.15708
  11 42 4.03464
  12 42 1.86424
  13 42 1.35952
  14 42 -2.28213
  15 42 1.54454
  16 42 -1.71295
  17 42 4.05253
  18 42 0.345091
  19 42 3.6293
  20 42 -7.18109
7700 20 840
  1 42 -0.597347
  2 42 2.49273
  3 42 2.45319
  4 42 0.646568
  5 42 0.987528
  6 42 3.80898
  7 42 -1.21701
  8 42 -2.70427
  9 42 2.36758
  10 42 0.325526
  11 42 -0.0627664
  12 42 -0.448945
  13 42 -0.390738
  14 42 -0.20539
  15 42 0.0955548
  16 42 0.906396
  17 42 2.02019
  18 42 -1.37941
  19 42 -0.853632
  20 42 -1.11592
7800 20 840
  1 42 0.152209
  2 42 2.99469
  3 42 -1.5696
  4 42 -0.624362
  5 42 -1.78065
  6 42 2.56134
  7 42 0.769511
  8 42 -0.889969
  9 42 2.66189
  10 42 -1.07241
  11 42 6.00228
  12 42 -1.35922
  13 42 -1.91658
  14 42 2.42444
  15 42 -1.30029
  16 42 0.028772
  17 42 -3.12644
  18 42 -0.187196
  19 42 1.30121
  20 42 2.73079
7900 20 840
  1 42 -1.31681
  2 42 0.222787
  3 42 1.26564
  4 42 1.65595
  5 42 1.9188
  6 42 0.607651
  7 42 -2.26314
  8 42 -1.56939
  9 42 2.56223
  10 42 -0.845406
  11 42 1.34738
  12 42 1.61514
  13 42 -0.556074
  14 42 1.03953
  15 42 0.714039
  16 42 2.36667
  17 42 -1.61569
  18 42 -2.00316
  19 42 -1.03731
  20 42 -0.912532
8000 20 840
  1 42 1.48293
  2 42 -1.4074
  3 42 1.16163
  4 42 0.162043
  5 42 -4.07966
  6 42 0.678061
  7 42 -2.49519
  8 42 0.638647
  9 42 -2.40776
  10 42 0.390548
  11 42 1.44868
  12 42 0.432345
  13 42 -1.35631
  14 42 0.302291
  15 42 1.19732
  16 42 -1.59081
  17 42 0.31524
  18 42 1.90091
  19 42 0.942455
  20 42 1.84793
8100 20 840
  1 42 -3.48474
  2 42 0.705561
  3 42 4.51921
  4 42 1.15294
  5 42 -0.426017
  6 42 -0.793451
  7 42 -4.4132
  8 42 -0.292738
  9 42 -0.82292
  10 42 2.4212
  11 42 3.20396
  12 42 -0.125127
  13 42 1.1085
  14 42 -0.507195
  15 42 -0.671757
  16 42 -0.275908
  17 42 3.50459
  18 42 -1.68041
  19 42 -1.90667
  20 42 2.71946
8200 20 840
  1 42 -3.78707
  2 42 2.42797
  3 42 3.85047
  4 42 3.11658
  5 42 3.07042
  6 42 0.0700671
  7 42 -2.59367
  8 42 -1.73655
  9 42 -0.174361
  10 42 0.421777
  11 42 1.43826
  12 42 1.06576
  13 42 -3.74825
  14 42 -0.345431
  15 42 1.6204
  16 42 -0.677375
  17 42 -4.19429
  18 42 1.48306
  19 42 0.107741
  20 42 2.66128
8300 20 840
  1 42 -1.9787
  2 42 -2.18891
  3 42 1.46554
  4 42 -0.187938
  5 42 -5.40013
  6 42 -1.0663
  7 42 -4.09511
  8 42 -0.050079
  9 42 1.54368
  10 42 2.5922
  11 42 -2.18272
  12 42 -2.5061
  13 42 0.12947
  14 42 -1.68893
  15 42 -1.35115
  16 42 -0.333754
  17 42 1.5085
  18 42 0.060834
  19 42 -2.12366
  20 42 1.31178
8400 20 840
  1 42 0.71215
  2 42 1.08479
  3 42 2.31742
  4 42 -1.69948
  5 42 -0.762251
  6 42 1.01857
  7 42 0.0128688
  8 42 1.61101
  9 42 1.24117
  10 42 -2.15909
  11 42 0.328176
  12 42 1.71772
  13 42 0.482697
  14 42 1.43819
  15 42 2.22104
  16 42 -4.71669
  17 42 1.02494
  18 42 -0.00357241
  19 42 4.08222
  20 42 -2.40422
8500 20 840
  1 42 -2.99225
  2 42 -3.27453
  3 42 3.86149
  4 42 -0.642193
  5 42 2.61028
  6 42 -2.39675
  7 42 2.1019
  8 42 1.69451
  9 42 3.38742
  10 42 -1.36655
  11 42 3.25423
  12 42 0.436076
  13 42 -1.23603
  14 42 0.98453
  15 42 -2.08569
  16 42 -1.9289
  17 42 1.87582
  18 42 -1.75023
  19 42 -0.305633
  20 42 -0.522134
8600 20 840
  1 42 2.36569
  2 42 1.36524
  3 42 -1.4042
  4 42 -2.1812
  5 42 -0.0823623
  6 42 2.14107
  7 42 0.339568
  8 42 1.7791
  9 42 0.501901
  10 42 1.81698
  11 42 -1.66605
  12 42 -0.0496165
  13 42 1.30885
  14 42 0.962511
  15 42 -0.362411
  16 42 -4.73012
  17 42 1.14432
  18 42 0.00901799
  19 42 -1.60041
  20 42 -1.7073
8700 20 840
  1 42 0.432595
  2 42 0.462311
  3 42 2.85354
  4 42 -0.60327
  5 42 0.904927
  6 42 0.541778
  7 42 1.94318
  8 42 1.90382
  9 42 2.05929
  10 42 1.80762
  11 42 1.90347
  12 42 -0.303587
  13 42 -0.0823613
  14 42 -2.06204
  15 42 -0.272176
  16 42 0.893925
  17 42 0.398614
  18 42 -1.34654
  19 42 -2.71252
  20 42 0.943379
8800 20 840
  1 42 -1.35315
  2 42 -0.69108
  3 42 2.43996
  4 42 -2.59652
  5 42 -0.551267
  6 42 -0.442188
  7 42 0.454104
  8 42 3.53195
  9 42 1.66158
  10 42 -2.49361
  11 42 3.16728
  12 42 1.00624
  13 42 4.41405
  14 42 -2.41766
  15 42 -2.24167
  16 42 1.73879
  17 42 -3.2287
  18 42 -0.504506
  19 42 2.51594
  20 42 -0.943961
8900 20 840
  1 42 4.78311
  2 42 -0.512216
  3 42 5.31874
  4 42 4.14134
  5 42 -1.92881
  6 42 0.746252
  7 42 -1.19437
  8 42 -0.210024
  9 42 2.20744
  10 42 -1.71606
  11 42 0.058407
  12 42 0.855718
  13 42 2.37059
  14 42 -0.979363
  15 42 0.330198
  16 42 -0.231076
  17 42 -0.817338
  18 42 -0.819807
  19 42 1.25569
  20 42 -1.60232
9000 20 840
  1 42 -0.386285
  2 42 0.820263
  3 42 -0.757583
  4 42 0.0966159
  5 42 1.09414
  6 42 0.232654
  7 42 -1.11769
  8 42 -0.208588
  9 42 3.04189
  10 42 1.57671
  11 42 -0.429912
  12 42 -0.494548
  13 42 2.17128
  14 42 2.74864
  15 42 1.36341
  16 42 1.00803
  17 42 1.64839
  18 42 -2.11795
  19 42 0.330349
  20 42 1.66939
9100 20 840
  1 42 0.0224936
  2 42 -2.1189
  3 42 2.08452
  4 42 0.0601243
  5 42 -0.336867
  6 42 3.48591
  7 42 -0.121111
  8 42 -0.539909
  9 42 3.95511
  10 42 -3.0654
  11 42 3.52217
  12 42 -0.366546
  13 42 -0.0410315
  14 42 -0.3225
  15 42 -2.09367
  16 42 -0.871167
  17 42 0.853994
  18 42 1.18176
  19 42 -0.398956
  20 42 -0.710643
9200 20 840
  1 42 2.11072
  2 42 0.767048
  3 42 -1.20894
  4 42 -3.62085
  5 42 2.73136
  6 42 -0.586493
  7 42 2.12055
  8 42 2.82483
  9 42 -0.799587
  10 42 -2.07061
  11 42 3.03692
  12 42 0.0275254
  13 42 0.757452
  14 42 1.55183
  15 42 -2.40956
  16 42 1.63544
  17 42 2.39611
  18 42 1.40148
  19 42 0.302104
  20 42 -0.384536
9300 20 840
  1 42 0.137198
  2 42 1.29121
  3 42 3.12505
  4 42 0.149902
  5 42 -1.23584
  6 42 -0.0166036
  7 42 1.02483
  8 42 1.57825
  9 42 -2.65127
  10 42 0.0926011
  11 42 -2.16192
  12 42 -2.07913
  13 42 -0.432423
  14 42 0.634126
  15 42 -2.40895
  16 42 0.718911
  17 42 -4.27188
  18 42 2.31492
  19 42 -1.60655
  20 42 1.3754
9400 20 840
  1 42 -2.34168
  2 42 2.69662
  3 42 2.7757
  4 42 0.37144
  5 42 2.08584
  6 42 -3.33117
  7 42 -5.2737
  8 42 1.0228
  9 42 -1.3812
  10 42 -0.713877
  11 42 1.18672
  12 42 0.855189
  13 42 -0.0180254
  14 42 0.63438
  15 42 1.57063
  16 42 -1.36266
  17 42 -1.38059
  18 42 -3.65879
  19 42 -0.117783
  20 42 0.974087
9500 20 840
  1 42 -1.28782
  2 42 0.385382
  3 42 1.23501
  4 42 0.326175
  5 42 1.18423
  6 42 1.09909
  7 42 -1.36525
  8 42 1.45259
  9 42 -1.07992
  10 42 -1.91622
  11 42 -0.0138079
  12 42 1.43459
  13 42 1.17928
  14 42 0.537254
  15 42 0.259221
  16 42 -0.689406
  17 42 0.295793
  18 42 -1.29508
  19 42 1.61681
  20 42 2.85916
9600 20 840
  1 42 -0.641985
  2 42 -0.850557
  3 42 1.10335
  4 42 -3.28555
  5 42 -2.40579
  6 42 -0.955675
  7 42 1.01348
  8 42 -0.384575
  9 42 -3.01867
  10 42 -1.05359
  11 42 -3.03106
  12 42 -0.329065
  13 42 -2.86161
  14 42 -1.17522
  15 42 1.23949
  16 42 -0.0473712
  17 42 -0.929361
  18 42 -1.18028
  19 42 -2.82927
  20 42 1.62066
9700 20 840
  1 42 -2.2443
  2 42 0.28549
  3 42 0.056563
  4 42 -0.0190953
  5 42 1.26073
  6 42 -3.90509
  7 42 -1.11868
  8 42 0.150249
  9 42 3.99835
  10 42 0.488243
  11 42 0.973691
  12 42 2.79445
  13 42 -2.49673
  14 42 -1.19071
  15 42 2.18938
  16 42 2.14964
  17 42 -1.23999
  18 42 -2.4832
  19 42 1.17119
  20 42 1.38286
9800 20 840
  1 42 -0.0579079
  2 42 -1.51354
  3 42 0.493221
  4 42 0.293837
  5 42 3.09595
  6 42 0.197145
  7 42 4.365
  8 42 -0.839523
  9 42 1.83064
  10 42 -2.31758
  11 42 -1.28332
  12 42 -1.56262
  13 42 1.48972
  14 42 0.00932406
  15 42 -1.5049
  16 42 0.380355
  17 42 -1.49631
  18 42 -0.94299
  19 42 0.696075
  20 42 0.488289
9900 20 840
  1 42 -1.75626
  2 42 1.66532
  3 42 1.97827
  4 42 0.584563
  5 42 1.00603
  6 42 -2.26793
  7 42 1.81213
  8 42 1.14923
  9 42 -1.03667
  10 42 -1.81348
  11 42 -2.30455
  12 42 1.93508
  13 42 3.26848
  14 42 1.47907
  15 42 -3.90521
  16 42 -1.5716
  17 42 3.11904
  18 42 -0.504453
  19 42 -0.104015
  20 42 -3.01639
10000 20 840
  1 42 0.199452
  2 42 -1.66491
  3 42 1.14908
  4 42 1.07043
  5 42 1.61954
  6 42 -2.64936
  7 42 2.70959
  8 42 1.85135
  9 42 1.11876
  10 42 2.39894
  11 42 -1.70319
  12 42 2.81498
  13 42 -1.27524
  14 42 -1.73158
  15 42 0.857957
  16 42 0.210257
  17 42 1.55054
  18 42 1.81971
  19 42 -1.15377
  20 42 -1.87111
