# Chunk-averaged data for fix sternForces and group all
# Timestep Number-of-chunks Total-count
# Chunk Ncount c_sternComp
0 20 840
  1 42 -0.138226
  2 42 -0.138226
  3 42 -0.138226
  4 42 -0.138226
  5 42 -0.138226
  6 42 -0.138226
  7 42 -0.138226
  8 42 -0.138226
  9 42 -0.138226
  10 42 -0.138226
  11 42 -0.138226
  12 42 -0.138226
  13 42 -0.138226
  14 42 -0.138226
  15 42 -0.138226
  16 42 -0.138226
  17 42 -0.138226
  18 42 -0.138226
  19 42 -0.138226
  20 42 -0.138226
100 20 840
  1 42 -0.312763
  2 42 0.137435
  3 42 -0.201818
  4 42 -0.856209
  5 42 -0.52503
  6 42 0.36007
  7 42 -0.216227
  8 42 0.670474
  9 42 0.672053
  10 42 -0.408883
  11 42 -0.226931
  12 42 0.703791
  13 42 0.466428
  14 42 0.104301
  15 42 -0.583135
  16 42 0.415978
  17 42 -0.217362
  18 42 0.333419
  19 42 -0.645302
  20 42 0.00844978
200 20 840
  1 42 -0.0931997
  2 42 -0.392833
  3 42 -0.613887
  4 42 -0.176029
  5 42 0.0552163
  6 42 0.376785
  7 42 1.33026
  8 42 0.102673
  9 42 -0.117248
  10 42 -0.308411
  11 42 -0.828076
  12 42 -0.407172
  13 42 -0.988699
  14 42 -0.935357
  15 42 0.178404
  16 42 -0.816294
  17 42 -0.565975
  18 42 0.244495
  19 42 0.926184
  20 42 -0.367256
300 20 840
  1 42 0.193685
  2 42 -0.213584
  3 42 -0.894021
  4 42 -0.756673
  5 42 -0.784196
  6 42 0.90225
  7 42 -0.636189
  8 42 0.348543
  9 42 -0.304485
  10 42 0.774938
  11 42 -0.845498
  12 42 -0.79827
  13 42 0.255418
  14 42 0.417869
  15 42 -1.31125
  16 42 0.294697
  17 42 1.05583
  18 42 0.556224
  19 42 0.308871
  20 42 0.150806
400 20 840
  1 42 0.210199
  2 42 -0.105017
  3 42 -0.0761971
  4 42 0.140508
  5 42 -0.0907179
  6 42 -0.412353
  7 42 0.220087
  8 42 0.342981
  9 42 -0.91907
  10 42 -0.761483
  11 42 0.725069
  12 42 -1.36591
  13 42 -0.396789
  14 42 -0.451155
  15 42 -0.581276
  16 42 -0.974938
  17 42 0.496573
  18 42 -0.103581
  19 42 0.141123
  20 42 0.0912093
500 20 840
  1 42 -1.37471
  2 42 0.208499
  3 42 -1.59949
  4 42 0.114946
  5 42 -0.291429
  6 42 -1.48958
  7 42 -1.08519
  8 42 0.373097
  9 42 -0.629782
  10 42 0.909182
  11 42 0.789401
  12 42 0.408668
  13 42 -0.800283
  14 42 -0.423711
  15 42 -0.0498499
  16 42 -0.144314
  17 42 -0.0368458
  18 42 -0.445741
  19 42 -0.23159
  20 42 0.578917
600 20 840
  1 42 -0.744071
  2 42 -0.996351
  3 42 -1.17577
  4 42 -0.813951
  5 42 -0.928649
  6 42 -0.01656
  7 42 0.0509482
  8 42 0.510194
  9 42 -0.351553
  10 42 0.0507529
  11 42 -0.404867
  12 42 0.201662
  13 42 -0.29772
  14 42 -0.65083
  15 42 -0.714926
  16 42 -0.021833
  17 42 -1.4337
  18 42 -0.284929
  19 42 -0.141673
  20 42 0.381974
700 20 840
  1 42 -0.842754
  2 42 0.0658265
  3 42 0.549168
  4 42 -0.203819
  5 42 -0.290563
  6 42 -1.5323
  7 42 -0.482763
  8 42 0.164992
  9 42 -0.792738
  10 42 -0.825461
  11 42 0.136121
  12 42 -0.68641
  13 42 -0.266985
  14 42 -1.13612
  15 42 0.113619
  16 42 0.564943
  17 42 -0.68121
  18 42 -0.818775
  19 42 -0.574836
  20 42 -0.833934
800 20 840
  1 42 -0.744796
  2 42 0.302924
  3 42 -0.231916
  4 42 -0.750904
  5 42 0.733203
  6 42 -0.1627
  7 42 -0.364447
  8 42 -1.14645
  9 42 -0.0757317
  10 42 1.18445
  11 42 -0.636628
  12 42 -0.0979313
  13 42 -0.0403421
  14 42 -0.380602
  15 42 -1.47458
  16 42 0.259845
  17 42 -0.929772
  18 42 0.4243
  19 42 -0.800254
  20 42 0.342232
900 20 840
  1 42 -0.325902
  2 42 -0.875038
  3 42 0.940538
  4 42 -0.0164579
  5 42 0.0773314
  6 42 0.146402
  7 42 0.0867557
  8 42 0.247066
  9 42 -1.26987
  10 42 -0.859552
  11 42 -0.422518
  12 42 0.572903
  13 42 0.204075
  14 42 0.307477
  15 42 -0.595337
  16 42 0.513034
  17 42 1.03418
  18 42 -0.517427
  19 42 1.26252
  20 42 -0.974901
1000 20 840
  1 42 0.0522572
  2 42 0.11328
  3 42 1.00574
  4 42 -0.169118
  5 42 0.493481
  6 42 1.16388
  7 42 -0.432059
  8 42 0.00841254
  9 42 0.0368215
  10 42 -0.238325
  11 42 0.629518
  12 42 0.715276
  13 42 -0.123365
  14 42 0.0490337
  15 42 -0.794402
  16 42 -0.129966
  17 42 -1.01308
  18 42 -1.06393
  19 42 -0.00609438
  20 42 0.115761
1100 20 840
  1 42 -0.10096
  2 42 0.62275
  3 42 -0.374533
  4 42 -1.0733
  5 42 -0.0501164
  6 42 0.402615
  7 42 -0.649448
  8 42 -0.640944
  9 42 -0.106879
  10 42 0.230415
  11 42 0.545427
  12 42 0.91265
  13 42 -0.126797
  14 42 0.638455
  15 42 -0.219342
  16 42 -0.337595
  17 42 -0.479451
  18 42 0.960847
  19 42 -0.214974
  20 42 -0.225173
1200 20 840
  1 42 -0.248079
  2 42 -0.513502
  3 42 -0.308979
  4 42 -0.29983
  5 42 0.475572
  6 42 -0.0543954
  7 42 -0.333467
  8 42 -0.0548104
  9 42 -1.05249
  10 42 -0.266432
  11 42 -0.887339
  12 42 -0.0685547
  13 42 0.116066
  14 42 0.210235
  15 42 0.482251
  16 42 0.388214
  17 42 0.471307
  18 42 0.391551
  19 42 1.08818
  20 42 -0.452524
1300 20 840
  1 42 -0.374239
  2 42 -1.15324
  3 42 0.15747
  4 42 0.130034
  5 42 -0.353189
  6 42 -0.0711048
  7 42 -0.718373
  8 42 -0.32069
  9 42 0.763477
  10 42 0.224348
  11 42 -0.17428
  12 42 0.200258
  13 42 -0.523354
  14 42 -1.24982
  15 42 -0.567997
  16 42 -0.339703
  17 42 -0.846257
  18 42 0.39603
  19 42 0.937446
  20 42 -0.223603
1400 20 840
  1 42 0.3932
  2 42 -0.0475987
  3 42 0.1232
  4 42 0.0417253
  5 42 -0.902286
  6 42 -0.582692
  7 42 -0.0342116
  8 42 -0.0615229
  9 42 -0.493903
  10 42 -0.79523
  11 42 -0.177986
  12 42 -0.0837967
  13 42 -0.791628
  14 42 -0.904181
  15 42 0.477878
  16 42 -0.708613
  17 42 0.195557
  18 42 0.464205
  19 42 -0.424756
  20 42 -1.63009
1500 20 840
  1 42 0.147712
  2 42 -0.43744
  3 42 -1.09779
  4 42 -0.784458
  5 42 0.109343
  6 42 -0.565562
  7 42 0.333151
  8 42 0.627149
  9 42 -0.328098
  10 42 -0.0760937
  11 42 -0.462029
  12 42 -0.353486
  13 42 -0.0996687
  14 42 0.121158
  15 42 -0.332176
  16 42 -0.84659
  17 42 -0.472875
  18 42 -0.666054
  19 42 0.455311
  20 42 -0.130022
1600 20 840
  1 42 -0.139
  2 42 0.407211
  3 42 -0.787117
  4 42 -0.708131
  5 42 -1.18158
  6 42 -1.95223
  7 42 0.823981
  8 42 -0.0211647
  9 42 0.997097
  10 42 1.13764
  11 42 0.0402219
  12 42 -0.283991
  13 42 -0.184323
  14 42 0.034667
  15 42 -0.905072
  16 42 0.0350353
  17 42 -0.18138
  18 42 -1.50963
  19 42 -0.85459
  20 42 0.870154
1700 20 840
  1 42 0.54975
  2 42 -0.518746
  3 42 -0.356909
  4 42 -0.337914
  5 42 -1.15624
  6 42 -0.159771
  7 42 0.66984
  8 42 -0.0890685
  9 42 -0.293231
  10 42 -0.787471
  11 42 0.983
  12 42 0.177385
  13 42 -0.430638
  14 42 -0.0548789
  15 42 0.545088
  16 42 0.45974
  17 42 0.583015
  18 42 -0.51224
  19 42 -1.49148
  20 42 0.0206034
1800 20 840
  1 42 0.103399
  2 42 -0.248179
  3 42 0.226931
  4 42 0.0167113
  5 42 -0.352035
  6 42 -0.779798
  7 42 -1.10531
  8 42 0.0577419
  9 42 -0.24702
  10 42 -0.0250335
  11 42 -0.393243
  12 42 -0.314074
  13 42 -0.470439
  14 42 0.467816
  15 42 -0.161925
  16 42 0.565866
  17 42 0.441493
  18 42 0.0837702
  19 42 -0.52021
  20 42 -0.12647
1900 20 840
  1 42 0.34046
  2 42 -0.380793
  3 42 1.30725
  4 42 0.234085
  5 42 -0.0790619
  6 42 -0.17751
  7 42 0.99188
  8 42 0.0647421
  9 42 0.0602268
  10 42 -1.22047
  11 42 -0.71876
  12 42 -1.17095
  13 42 -0.856555
  14 42 -0.58065
  15 42 -0.0538716
  16 42 -0.93261
  17 42 -0.317815
  18 42 0.146027
  19 42 0.501598
  20 42 -0.533635
2000 20 840
  1 42 -0.0961238
  2 42 -0.645559
  3 42 -0.601302
  4 42 -0.122959
  5 42 -0.6287
  6 42 0.561366
  7 42 -0.740133
  8 42 0.194473
  9 42 0.552993
  10 42 -0.627651
  11 42 -1.52495
  12 42 0.564483
  13 42 0.178533
  14 42 0.370792
  15 42 -0.316821
  16 42 0.904444
  17 42 0.102951
  18 42 0.925794
  19 42 -0.689212
  20 42 -0.395881
2100 20 840
  1 42 -0.560664
  2 42 -0.52448
  3 42 -0.488759
  4 42 -0.314501
  5 42 -0.0635628
  6 42 -0.489502
  7 42 -0.447451
  8 42 -0.272515
  9 42 0.201397
  10 42 -0.012974
  11 42 -0.403352
  12 42 0.930706
  13 42 -0.48855
  14 42 -0.100173
  15 42 0.462074
  16 42 -0.325595
  17 42 -0.252573
  18 42 0.303779
  19 42 0.304837
  20 42 -0.574935
2200 20 840
  1 42 -0.141125
  2 42 -0.284577
  3 42 0.424425
  4 42 0.785415
  5 42 -0.376304
  6 42 -0.953454
  7 42 -1.00413
  8 42 -0.780126
  9 42 -0.464556
  10 42 -0.0593905
  11 42 -0.540285
  12 42 -0.901303
  13 42 -1.11653
  14 42 -0.164247
  15 42 0.355226
  16 42 -1.31417
  17 42 -0.757548
  18 42 0.134563
  19 42 -0.271177
  20 42 0.0617956
2300 20 840
  1 42 -0.161818
  2 42 1.42659
  3 42 1.24547
  4 42 -0.763464
  5 42 -0.117348
  6 42 -0.244918
  7 42 -1.11086
  8 42 0.243197
  9 42 -0.671399
  10 42 0.387172
  11 42 -0.0472546
  12 42 -0.420484
  13 42 0.196306
  14 42 0.578914
  15 42 -0.102671
  16 42 -0.418444
  17 42 0.251824
  18 42 -0.216877
  19 42 -1.22532
  20 42 0.151831
2400 20 840
  1 42 0.0747945
  2 42 -0.206803
  3 42 0.448431
  4 42 -0.0311992
  5 42 0.187586
  6 42 -0.557286
  7 42 -0.366517
  8 42 -0.325715
  9 42 -0.943216
  10 42 -0.941136
  11 42 -0.409019
  12 42 -0.0494715
  13 42 0.0313248
  14 42 -0.15255
  15 42 0.667513
  16 42 -0.144594
  17 42 -0.600244
  18 42 -1.09024
  19 42 -0.219136
  20 42 -0.872405
2500 20 840
  1 42 -0.00648205
  2 42 -0.192183
  3 42 0.551164
  4 42 0.00178861
  5 42 -0.65801
  6 42 -0.659873
  7 42 0.372929
  8 42 -0.528592
  9 42 -0.822506
  10 42 0.528019
  11 42 -0.69051
  12 42 0.138702
  13 42 0.333151
  14 42 0.0839345
  15 42 -0.348559
  16 42 0.301843
  17 42 0.19913
  18 42 -0.0488837
  19 42 0.898735
  20 42 0.172048
2600 20 840
  1 42 0.603817
  2 42 -0.690262
  3 42 1.14765
  4 42 -0.140217
  5 42 0.160586
  6 42 0.232682
  7 42 0.585663
  8 42 -0.101372
  9 42 1.28556
  10 42 -1.16361
  11 42 0.420157
  12 42 -0.325515
  13 42 -0.521127
  14 42 -0.159124
  15 42 -0.911473
  16 42 -0.158436
  17 42 -1.85673
  18 42 -0.416533
  19 42 0.085939
  20 42 -0.0242884
2700 20 840
  1 42 -0.201027
  2 42 0.114431
  3 42 0.178302
  4 42 0.0540448
  5 42 -0.414503
  6 42 0.511878
  7 42 -0.346551
  8 42 -0.515025
  9 42 -0.410226
  10 42 0.333429
  11 42 0.556466
  12 42 0.85757
  13 42 -0.176246
  14 42 0.248455
  15 42 1.37382
  16 42 1.07249
  17 42 0.288644
  18 42 0.196079
  19 42 1.29896
  20 42 -1.174
2800 20 840
  1 42 0.303198
  2 42 0.299864
  3 42 -0.987529
  4 42 -0.730322
  5 42 0.671713
  6 42 0.808631
  7 42 1.16696
  8 42 0.0435194
  9 42 0.633215
  10 42 0.639605
  11 42 -0.14906
  12 42 -0.236479
  13 42 0.0624385
  14 42 -0.382855
  15 42 -0.873998
  16 42 -1.29113
  17 42 0.246915
  18 42 0.676538
  19 42 -0.686068
  20 42 0.306232
2900 20 840
  1 42 -0.904643
  2 42 0.067835
  3 42 -0.480886
  4 42 0.0971051
  5 42 -0.170722
  6 42 -0.925205
  7 42 -0.68618
  8 42 1.18552
  9 42 -0.794978
  10 42 -1.05738
  11 42 0.518414
  12 42 -0.593972
  13 42 0.272539
  14 42 -0.253848
  15 42 -0.0330751
  16 42 0.507042
  17 42 0.745181
  18 42 -1.32575
  19 42 -0.0289696
  20 42 0.199549
3000 20 840
  1 42 -0.428217
  2 42 0.547614
  3 42 -0.69876
  4 42 -0.5505
  5 42 0.663848
  6 42 1.13558
  7 42 -0.27187
  8 42 -0.223831
  9 42 0.807401
  10 42 0.369837
  11 42 -0.351329
  12 42 0.0125663
  13 42 -0.732008
  14 42 -0.50764
  15 42 -0.150812
  16 42 -0.702543
  17 42 -0.804528
  18 42 0.0775261
  19 42 0.00578063
  20 42 -0.222298
3100 20 840
  1 42 -0.727647
  2 42 0.11103
  3 42 -0.216577
  4 42 -0.669793
  5 42 0.0746659
  6 42 0.368417
  7 42 0.427315
  8 42 -0.509301
  9 42 -0.228797
  10 42 -0.0459531
  11 42 -1.09692
  12 42 0.430067
  13 42 -0.725664
  14 42 -0.386485
  15 42 -0.454472
  16 42 -0.643431
  17 42 -0.337226
  18 42 0.328742
  19 42 -0.300088
  20 42 -1.18002
3200 20 840
  1 42 -0.94919
  2 42 -0.366897
  3 42 -0.106724
  4 42 -0.505717
  5 42 -0.321734
  6 42 -0.580973
  7 42 -0.569598
  8 42 0.357813
  9 42 -0.166733
  10 42 0.231474
  11 42 -1.77557
  12 42 -0.829514
  13 42 -0.109113
  14 42 -0.854154
  15 42 -1.10682
  16 42 1.49039
  17 42 -0.367353
  18 42 -0.292135
  19 42 -0.499637
  20 42 -0.0658859
3300 20 840
  1 42 -0.707775
  2 42 0.209877
  3 42 -0.106244
  4 42 -0.175957
  5 42 0.307535
  6 42 0.188182
  7 42 -0.309826
  8 42 0.0575211
  9 42 -0.300352
  10 42 0.122531
  11 42 -0.162843
  12 42 0.331288
  13 42 -0.257187
  14 42 -0.221776
  15 42 -0.966116
  16 42 -1.06952
  17 42 0.265786
  18 42 0.730739
  19 42 -0.0360661
  20 42 -1.19026
3400 20 840
  1 42 -0.295089
  2 42 0.0586004
  3 42 1.47079
  4 42 -0.0428694
  5 42 0.767
  6 42 0.925365
  7 42 -1.27487
  8 42 0.108485
  9 42 -0.782455
  10 42 -0.400905
  11 42 0.510683
  12 42 0.409417
  13 42 -0.690584
  14 42 0.108171
  15 42 0.157409
  16 42 0.489013
  17 42 -0.0497041
  18 42 -0.326783
  19 42 0.507575
  20 42 -0.434483
3500 20 840
  1 42 -0.959022
  2 42 -1.41202
  3 42 0.905765
  4 42 -0.437121
  5 42 -0.520847
  6 42 -0.06332
  7 42 -1.19142
  8 42 0.112194
  9 42 0.194359
  10 42 -0.259968
  11 42 0.838828
  12 42 0.734259
  13 42 -0.0552099
  14 42 0.106343
  15 42 -0.791236
  16 42 0.760473
  17 42 -0.932322
  18 42 -0.583606
  19 42 0.126896
  20 42 1.09516
3600 20 840
  1 42 -0.575034
  2 42 0.22112
  3 42 -0.0990128
  4 42 -0.137007
  5 42 -0.492541
  6 42 -1.19646
  7 42 -0.116747
  8 42 -1.57101
  9 42 -1.40684
  10 42 0.209375
  11 42 -0.309112
  12 42 0.399905
  13 42 -0.652165
  14 42 0.66225
  15 42 -0.783849
  16 42 0.568195
  17 42 0.0391387
  18 42 0.267367
  19 42 -0.262326
  20 42 0.131363
3700 20 840
  1 42 -0.147491
  2 42 -0.337467
  3 42 0.0696185
  4 42 0.374727
  5 42 0.644856
  6 42 0.518434
  7 42 -0.293442
  8 42 -0.313419
  9 42 -1.24402
  10 42 -0.708258
  11 42 -0.396242
  12 42 -0.277258
  13 42 -0.35909
  14 42 0.154308
  15 42 -0.00919964
  16 42 -0.297989
  17 42 0.0903946
  18 42 0.477386
  19 42 0.0568758
  20 42 -0.75426
3800 20 840
  1 42 0.444426
  2 42 0.232177
  3 42 0.718788
  4 42 -1.11102
  5 42 0.459959
  6 42 -0.26723
  7 42 -1.26967
  8 42 1.55988
  9 42 -0.0173361
  10 42 0.0698713
  11 42 -1.11463
  12 42 -1.03864
  13 42 -0.242977
  14 42 -0.488112
  15 42 -1.4473
  16 42 0.420918
  17 42 -0.396646
  18 42 -1.14285
  19 42 1.25251
  20 42 -0.145991
3900 20 840
  1 42 -0.0918059
  2 42 0.314088
  3 42 0.171959
  4 42 -0.950508
  5 42 0.0545626
  6 42 0.0806105
  7 42 0.886284
  8 42 0.686035
  9 42 -0.328004
  10 42 0.519713
  11 42 0.0771702
  12 42 0.267826
  13 42 -0.0645624
  14 42 -0.495162
  15 42 0.213854
  16 42 -1.88946
  17 42 -0.206945
  18 42 1.04026
  19 42 1.41229
  20 42 -0.265652
4000 20 840
  1 42 -0.432648
  2 42 0.818419
  3 42 -1.2692
  4 42 -0.368058
  5 42 -0.0540653
  6 42 -0.800501
  7 42 -0.31254
  8 42 0.159961
  9 42 0.622484
  10 42 0.964239
  11 42 0.122859
  12 42 -0.120482
  13 42 -0.592883
  14 42 0.608345
  15 42 0.106419
  16 42 -0.370776
  17 42 -0.166316
  18 42 0.0646441
  19 42 0.392727
  20 42 0.45614
4100 20 840
  1 42 0.221559
  2 42 -0.363013
  3 42 0.07009
  4 42 -0.495471
  5 42 -1.00656
  6 42 -0.803115
  7 42 0.998024
  8 42 -0.115136
  9 42 0.285322
  10 42 0.226127
  11 42 0.433305
  12 42 -0.881811
  13 42 -0.530024
  14 42 0.00383886
  15 42 -0.151748
  16 42 0.655814
  17 42 0.0185955
  18 42 0.222435
  19 42 0.53256
  20 42 -0.623345
4200 20 840
  1 42 0.572219
  2 42 -1.44409
  3 42 -0.260256
  4 42 0.566488
  5 42 -1.46685
  6 42 0.273392
  7 42 -0.046024
  8 42 -0.254681
  9 42 1.03973
  10 42 -0.461086
  11 42 -0.0934881
  12 42 -0.549714
  13 42 -1.13821
  14 42 0.0198391
  15 42 0.0494536
  16 42 -0.475331
  17 42 0.106856
  18 42 0.709969
  19 42 -0.667505
  20 42 -0.759867
4300 20 840
  1 42 0.261227
  2 42 -0.0802548
  3 42 0.435806
  4 42 -0.783971
  5 42 0.320681
  6 42 -0.333025
  7 42 0.481241
  8 42 0.416397
  9 42 -0.52536
  10 42 -0.656411
  11 42 -0.82928
  12 42 0.677907
  13 42 -0.177357
  14 42 -0.268144
  15 42 -0.405605
  16 42 -0.355229
  17 42 0.230963
  18 42 0.628722
  19 42 -0.801607
  20 42 -0.31037
4400 20 840
  1 42 -0.103827
  2 42 -0.466013
  3 42 0.670386
  4 42 -0.131819
  5 42 0.532054
  6 42 -0.821574
  7 42 0.201485
  8 42 -0.282441
  9 42 0.410012
  10 42 -1.14784
  11 42 -0.599106
  12 42 0.303937
  13 42 -0.419063
  14 42 -0.184621
  15 42 -0.432026
  16 42 0.79615
  17 42 -0.356646
  18 42 -0.491903
  19 42 -0.835833
  20 42 -0.545195
4500 20 840
  1 42 -0.427048
  2 42 -0.214349
  3 42 0.0662081
  4 42 -1.13101
  5 42 -0.735697
  6 42 -0.203023
  7 42 -0.349475
  8 42 -0.642948
  9 42 -0.279005
  10 42 0.377849
  11 42 -0.669235
  12 42 0.437563
  13 42 -0.49929
  14 42 0.0964601
  15 42 -0.478531
  16 42 0.933608
  17 42 0.646212
  18 42 -0.211741
  19 42 -0.886834
  20 42 0.0494071
4600 20 840
  1 42 -0.499709
  2 42 -0.550343
  3 42 -0.0963543
  4 42 -0.977816
  5 42 1.03257
  6 42 0.228395
  7 42 -1.38235
  8 42 -0.697361
  9 42 0.184358
  10 42 -1.03588
  11 42 0.799649
  12 42 0.048868
  13 42 -0.965074
  14 42 0.106341
  15 42 -0.110475
  16 42 -0.324803
  17 42 -0.818446
  18 42 -1.49228
  19 42 0.0112506
  20 42 -1.27391
4700 20 840
  1 42 -0.726646
  2 42 0.341906
  3 42 -0.274827
  4 42 0.398167
  5 42 -1.17886
  6 42 -0.488113
  7 42 -1.34547
  8 42 -1.17011
  9 42 -0.45753
  10 42 0.158374
  11 42 -0.138682
  12 42 0.145228
  13 42 -0.0577194
  14 42 0.298559
  15 42 0.457411
  16 42 -0.416227
  17 42 0.778001
  18 42 -0.307672
  19 42 -0.859637
  20 42 0.254784
4800 20 840
  1 42 -0.31793
  2 42 0.07979
  3 42 -0.807086
  4 42 0.294549
  5 42 0.406729
  6 42 -0.577475
  7 42 -0.783793
  8 42 -0.276303
  9 42 0.661969
  10 42 -0.672429
  11 42 -0.807892
  12 42 -0.651366
  13 42 -0.184786
  14 42 -0.0473184
  15 42 -0.846521
  16 42 1.00512
  17 42 -1.10022
  18 42 -0.591792
  19 42 0.706125
  20 42 1.20023
4900 20 840
  1 42 -0.655643
  2 42 -0.785886
  3 42 0.512761
  4 42 0.401841
  5 42 0.183897
  6 42 -0.323087
  7 42 -1.18315
  8 42 -0.053211
  9 42 -2.11579
  10 42 -0.694575
  11 42 -0.762605
  12 42 0.043649
  13 42 0.192605
  14 42 -0.0279414
  15 42 0.963944
  16 42 -0.170784
  17 42 -0.160797
  18 42 0.0259867
  19 42 1.29555
  20 42 -1.35788
5000 20 840
  1 42 0.513562
  2 42 -0.0740663
  3 42 0.468283
  4 42 -0.219023
  5 42 -0.595475
  6 42 0.134649
  7 42 -1.21967
  8 42 -0.417445
  9 42 0.811846
  10 42 -0.0544764
  11 42 -0.819955
  12 42 0.245373
  13 42 -1.12973
  14 42 -0.732171
  15 42 0.121174
  16 42 -0.127436
  17 42 -1.29866
  18 42 1.44919
  19 42 -0.80752
  20 42 -0.487699
5100 20 840
  1 42 -0.43503
  2 42 -1.06482
  3 42 -0.181253
  4 42 -0.00139205
  5 42 -0.991205
  6 42 -0.770997
  7 42 0.246161
  8 42 0.163586
  9 42 0.636963
  10 42 0.0209723
  11 42 1.06693
  12 42 0.508573
  13 42 -1.34903
  14 42 -0.067134
  15 42 0.399708
  16 42 -1.14568
  17 42 -0.731247
  18 42 0.73896
  19 42 -0.225602
  20 42 -1.18563
5200 20 840
  1 42 0.680084
  2 42 -0.77451
  3 42 -0.946618
  4 42 -0.423618
  5 42 0.289959
  6 42 1.00216
  7 42 0.308092
  8 42 0.456686
  9 42 -0.921879
  10 42 0.697755
  11 42 0.19059
  12 42 -0.670635
  13 42 -0.367433
  14 42 0.274764
  15 42 0.155721
  16 42 1.49335
  17 42 0.725879
  18 42 -0.611981
  19 42 0.805063
  20 42 -0.546568
5300 20 840
  1 42 1.05677
  2 42 0.664844
  3 42 -0.280856
  4 42 -0.22956
  5 42 -1.31064
  6 42 0.65392
  7 42 0.156651
  8 42 0.204314
  9 42 -0.768191
  10 42 0.00232253
  11 42 0.520927
  12 42 -0.826863
  13 42 -0.281084
  14 42 0.498021
  15 42 -0.580198
  16 42 -0.99678
  17 42 0.565312
  18 42 0.194781
  19 42 -0.465073
  20 42 -0.978706
5400 20 840
  1 42 0.281262
  2 42 0.509548
  3 42 0.321072
  4 42 -0.217839
  5 42 -0.0498009
  6 42 -0.386599
  7 42 0.667584
  8 42 0.225014
  9 42 -1.48996
  10 42 -0.32856
  11 42 -0.971525
  12 42 -1.95783
  13 42 -0.608137
  14 42 -0.5461
  15 42 -0.405946
  16 42 0.578702
  17 42 -0.90007
  18 42 -1.43317
  19 42 -0.556925
  20 42 1.25174
5500 20 840
  1 42 -0.844689
  2 42 -0.714956
  3 42 -0.770557
  4 42 -0.336179
  5 42 -0.873166
  6 42 -0.583505
  7 42 0.634085
  8 42 0.00473106
  9 42 0.0855959
  10 42 -0.111533
  11 42 -0.535958
  12 42 0.205188
  13 42 -0.75473
  14 42 -0.881636
  15 42 -0.453618
  16 42 0.126711
  17 42 -0.341632
  18 42 0.264977
  19 42 -0.124539
  20 42 -0.253172
5600 20 840
  1 42 -0.842777
  2 42 -0.00174886
  3 42 -1.56964
  4 42 -0.726381
  5 42 0.158361
  6 42 0.167236
  7 42 1.37689
  8 42 -0.493052
  9 42 0.0517207
  10 42 0.345378
  11 42 -0.772771
  12 42 0.257009
  13 42 -1.03356
  14 42 -1.1934
  15 42 -0.129043
  16 42 0.906095
  17 42 -0.808502
  18 42 0.516547
  19 42 -1.28487
  20 42 -0.856952
5700 20 840
  1 42 -1.10781
  2 42 -0.0711933
  3 42 -0.499802
  4 42 -0.55466
  5 42 0.355993
  6 42 -0.015073
  7 42 -0.241406
  8 42 0.675776
  9 42 -0.0259041
  10 42 -0.640352
  11 42 0.439562
  12 42 -0.20847
  13 42 -0.420567
  14 42 -0.700827
  15 42 -0.0130348
  16 42 -0.45346
  17 42 -0.0268672
  18 42 -0.150405
  19 42 -0.421338
  20 42 -0.61653
5800 20 840
  1 42 -0.923157
  2 42 0.363662
  3 42 -0.841038
  4 42 -0.538388
  5 42 1.04952
  6 42 0.222642
  7 42 -0.0581763
  8 42 0.357008
  9 42 0.133181
  10 42 -0.119386
  11 42 -0.764388
  12 42 -0.265988
  13 42 -0.786131
  14 42 0.0465902
  15 42 -1.36705
  16 42 -1.44434
  17 42 0.524778
  18 42 -0.112289
  19 42 0.632628
  20 42 -0.284025
5900 20 840
  1 42 -1.16769
  2 42 0.0427788
  3 42 0.301108
  4 42 0.371418
  5 42 -0.177702
  6 42 0.904805
  7 42 -1.57446
  8 42 -0.637866
  9 42 -0.828957
  10 42 0.314175
  11 42 0.323055
  12 42 0.842395
  13 42 -0.774239
  14 42 0.0331503
  15 42 -0.018389
  16 42 1.12008
  17 42 0.452285
  18 42 -0.212983
  19 42 -0.0273316
  20 42 -0.233321
6000 20 840
  1 42 -0.275463
  2 42 0.0598555
  3 42 0.712543
  4 42 -0.185613
  5 42 -0.866268
  6 42 0.553487
  7 42 -0.500453
  8 42 -0.62017
  9 42 -0.828971
  10 42 -0.55841
  11 42 -0.282043
  12 42 0.335835
  13 42 -0.452394
  14 42 0.31531
  15 42 -1.093
  16 42 1.04343
  17 42 -0.250698
  18 42 -0.500528
  19 42 -0.263084
  20 42 -0.260465
6100 20 840
  1 42 -0.11501
  2 42 0.147482
  3 42 1.03952
  4 42 -1.02204
  5 42 0.537369
  6 42 0.834255
  7 42 -0.597584
  8 42 -0.629268
  9 42 -1.32045
  10 42 0.155562
  11 42 -0.889597
  12 42 0.50446
  13 42 0.105619
  14 42 0.507336
  15 42 -0.584749
  16 42 -0.444023
  17 42 -0.124454
  18 42 0.92188
  19 42 0.340254
  20 42 -0.447581
6200 20 840
  1 42 -0.284839
  2 42 -0.388669
  3 42 0.397377
  4 42 0.450134
  5 42 0.662408
  6 42 -0.24998
  7 42 0.17204
  8 42 -0.10773
  9 42 0.198732
  10 42 -0.211073
  11 42 -0.263054
  12 42 0.278216
  13 42 -0.451916
  14 42 -0.253952
  15 42 -0.510393
  16 42 0.0476651
  17 42 -0.955254
  18 42 0.19701
  19 42 1.4056
  20 42 -0.188849
6300 20 840
  1 42 -0.0245627
  2 42 -0.346143
  3 42 0.296113
  4 42 -1.05437
  5 42 -0.645766
  6 42 0.00561351
  7 42 -1.50649
  8 42 0.370855
  9 42 1.06704
  10 42 -0.043733
  11 42 2.46291
  12 42 1.39581
  13 42 0.726529
  14 42 -0.311954
  15 42 -0.404664
  16 42 1.65231
  17 42 0.0921919
  18 42 -0.249824
  19 42 2.18115
  20 42 -0.230784
6400 20 840
  1 42 0.491799
  2 42 -0.85891
  3 42 -1.25448
  4 42 0.587647
  5 42 -0.60375
  6 42 -0.341276
  7 42 -0.533282
  8 42 -0.880344
  9 42 0.186542
  10 42 0.312289
  11 42 0.497215
  12 42 0.172509
  13 42 -1.18994
  14 42 0.377311
  15 42 -0.0215249
  16 42 -0.0623603
  17 42 0.0831443
  18 42 0.69554
  19 42 0.874241
  20 42 -0.306409
6500 20 840
  1 42 1.01265
  2 42 0.214541
  3 42 -0.642762
  4 42 -0.740914
  5 42 -0.237046
  6 42 -0.592931
  7 42 -0.70675
  8 42 -0.673383
  9 42 -0.928766
  10 42 0.704917
  11 42 -1.02296
  12 42 -0.781692
  13 42 -0.558396
  14 42 -0.0213669
  15 42 -0.982596
  16 42 -0.839687
  17 42 0.255341
  18 42 -0.147923
  19 42 -0.947538
  20 42 0.268103
6600 20 840
  1 42 1.1005
  2 42 -0.456063
  3 42 -0.170901
  4 42 -0.610777
  5 42 0.511565
  6 42 -0.000908922
  7 42 -0.881745
  8 42 0.17664
  9 42 -1.26531
  10 42 -0.670876
  11 42 -0.655944
  12 42 -0.522816
  13 42 0.191106
  14 42 0.186993
  15 42 0.486921
  16 42 1.89754
  17 42 0.0948513
  18 42 0.0430463
  19 42 -0.961805
  20 42 -1.06555
6700 20 840
  1 42 0.00566049
  2 42 -0.121664
  3 42 0.112482
  4 42 -0.267664
  5 42 0.289242
  6 42 0.184015
  7 42 1.30954
  8 42 0.137054
  9 42 -0.289832
  10 42 0.19174
  11 42 -1.29074
  12 42 0.0263954
  13 42 -0.129486
  14 42 -0.684985
  15 42 0.375176
  16 42 -1.24128
  17 42 1.46848
  18 42 0.596556
  19 42 0.179718
  20 42 0.250425
6800 20 840
  1 42 1.01264
  2 42 -0.44806
  3 42 -0.384491
  4 42 -0.476107
  5 42 0.4393
  6 42 0.888579
  7 42 0.770764
  8 42 0.769863
  9 42 2.16312
  10 42 -0.779749
  11 42 -0.731926
  12 42 -1.10706
  13 42 -0.741999
  14 42 -0.172537
  15 42 -1.40312
  16 42 1.29213
  17 42 -0.671226
  18 42 0.0281853
  19 42 0.94728
  20 42 -0.261894
6900 20 840
  1 42 0.0802407
  2 42 -0.466272
  3 42 0.771004
  4 42 -0.372646
  5 42 -0.577937
  6 42 0.401337
  7 42 0.859038
  8 42 0.279301
  9 42 0.745884
  10 42 -0.38345
  11 42 0.0452605
  12 42 -0.761343
  13 42 -0.71385
  14 42 0.695283
  15 42 -0.517259
  16 42 -1.60255
  17 42 0.762338
  18 42 0.384975
  19 42 -0.400336
  20 42 -1.53828
7000 20 840
  1 42 -0.68986
  2 42 -0.0481349
  3 42 -1.36104
  4 42 -0.644427
  5 42 -0.358008
  6 42 0.200155
  7 42 1.28478
  8 42 -0.539176
  9 42 -0.142273
  10 42 0.29085
  11 42 0.109989
  12 42 0.017272
  13 42 -1.08233
  14 42 -0.136164
  15 42 -1.01273
  16 42 -0.405128
  17 42 -0.611126
  18 42 0.747938
  19 42 -0.776821
  20 42 0.630691
7100 20 840
  1 42 -1.65371
  2 42 -1.0874
  3 42 -1.36417
  4 42 0.118345
  5 42 -0.822254
  6 42 -0.434177
  7 42 -1.37067
  8 42 -0.495595
  9 42 0.278774
  10 42 -0.137698
  11 42 0.546413
  12 42 0.74145
  13 42 -0.429408
  14 42 -0.131876
  15 42 1.07117
  16 42 0.177922
  17 42 0.115737
  18 42 -0.6367
  19 42 -0.371403
  20 42 -0.247429
7200 20 840
  1 42 -1.24504
  2 42 0.54514
  3 42 0.106604
  4 42 0.504065
  5 42 0.862578
  6 42 -0.405686
  7 42 0.0769622
  8 42 0.0594224
  9 42 0.14322
  10 42 -1.10415
  11 42 -0.950257
  12 42 -1.2678
  13 42 -0.55485
  14 42 -0.397317
  15 42 -0.176668
  16 42 -0.466926
  17 42 -0.258043
  18 42 -0.844328
  19 42 -0.0308095
  20 42 0.524622
7300 20 840
  1 42 -0.764463
  2 42 0.314757
  3 42 0.183126
  4 42 0.341497
  5 42 -0.0905399
  6 42 -1.22849
  7 42 -2.70294
  8 42 -0.787568
  9 42 -0.122632
  10 42 -0.978963
  11 42 0.336504
  12 42 -0.749429
  13 42 -0.83292
  14 42 -0.0630839
  15 42 -0.356738
  16 42 -0.275102
  17 42 -0.371902
  18 42 -0.903718
  19 42 -1.03519
  20 42 -0.721762
7400 20 840
  1 42 -0.228111
  2 42 -0.321039
  3 42 0.693692
  4 42 -0.874195
  5 42 0.113992
  6 42 -0.440501
  7 42 0.430488
  8 42 -0.897609
  9 42 -0.21871
  10 42 0.100028
  11 42 -0.651327
  12 42 0.336717
  13 42 -0.0858156
  14 42 -0.173534
  15 42 0.663676
  16 42 -1.04372
  17 42 -0.121492
  18 42 -0.125677
  19 42 -0.351918
  20 42 -0.389166
7500 20 840
  1 42 -0.386056
  2 42 -0.334084
  3 42 0.651364
  4 42 -0.0402244
  5 42 -1.53068
  6 42 -0.480687
  7 42 -1.07603
  8 42 -0.465103
  9 42 0.32144
  10 42 0.375095
  11 42 0.995012
  12 42 0.939941
  13 42 0.12774
  14 42 0.306665
  15 42 -0.281268
  16 42 1.66606
  17 42 0.244366
  18 42 -0.0468125
  19 42 0.268323
  20 42 0.313688
7600 20 840
  1 42 0.357524
  2 42 0.873473
  3 42 0.484902
  4 42 0.0244941
  5 42 0.907636
  6 42 1.31771
  7 42 0.188846
  8 42 -0.776805
  9 42 0.0896077
  10 42 0.236613
  11 42 -0.205695
  12 42 0.141051
  13 42 -0.206379
  14 42 0.406839
  15 42 0.38264
  16 42 -0.432844
  17 42 -0.669736
  18 42 0.948142
  19 42 0.209127
  20 42 0.859432
7700 20 840
  1 42 0.510257
  2 42 0.206427
  3 42 0.612649
  4 42 0.418251
  5 42 -0.91892
  6 42 1.26409
  7 42 -1.76458
  8 42 0.40304
  9 42 -0.624259
  10 42 -0.501426
  11 42 -0.740193
  12 42 -0.348842
  13 42 0.561857
  14 42 0.903105
  15 42 0.866909
  16 42 0.699658
  17 42 0.68817
  18 42 -0.402642
  19 42 2.31684
  20 42 -0.0414936
7800 20 840
  1 42 0.34243
  2 42 -0.16104
  3 42 0.432666
  4 42 0.0229534
  5 42 -0.72532
  6 42 0.222141
  7 42 0.498391
  8 42 -0.261453
  9 42 -0.642503
  10 42 0.306751
  11 42 -0.409586
  12 42 -1.1067
  13 42 -0.46503
  14 42 -0.141753
  15 42 -0.215045
  16 42 -0.52178
  17 42 -0.452729
  18 42 0.269553
  19 42 0.546739
  20 42 -0.400252
7900 20 840
  1 42 -0.010715
  2 42 -0.426917
  3 42 0.618901
  4 42 0.0410232
  5 42 -0.117528
  6 42 -0.530835
  7 42 -0.828186
  8 42 -0.614628
  9 42 -0.0823437
  10 42 -0.396568
  11 42 -0.390658
  12 42 0.303884
  13 42 -0.938194
  14 42 -0.739967
  15 42 1.53519
  16 42 -0.419869
  17 42 -0.452265
  18 42 0.465486
  19 42 -0.489285
  20 42 -0.0755086
8000 20 840
  1 42 0.648073
  2 42 -0.719149
  3 42 -1.3032
  4 42 -0.409046
  5 42 0.528264
  6 42 0.327698
  7 42 -0.139446
  8 42 -0.0661382
  9 42 -2.55671
  10 42 0.236112
  11 42 -0.520277
  12 42 -0.176335
  13 42 -0.999908
  14 42 -0.695132
  15 42 -0.598635
  16 42 1.03589
  17 42 -0.649735
  18 42 0.234621
  19 42 -0.283051
  20 42 -0.777519
8100 20 840
  1 42 -0.974068
  2 42 -0.376916
  3 42 -0.695337
  4 42 -0.594585
  5 42 -0.0825945
  6 42 0.105923
  7 42 0.981002
  8 42 -0.193273
  9 42 -0.770699
  10 42 0.326637
  11 42 -0.063058
  12 42 -0.323894
  13 42 -0.854263
  14 42 -1.13543
  15 42 -0.477279
  16 42 -0.69281
  17 42 -0.177756
  18 42 -0.14324
  19 42 -0.342883
  20 42 -0.0703729
8200 20 840
  1 42 -0.650189
  2 42 0.731991
  3 42 0.0249935
  4 42 -0.468565
  5 42 0.0589542
  6 42 -0.412481
  7 42 1.20066
  8 42 0.0616252
  9 42 -0.125569
  10 42 -0.433885
  11 42 -0.102997
  12 42 -0.677397
  13 42 -1.26419
  14 42 -0.62977
  15 42 -0.685281
  16 42 -0.758871
  17 42 -0.0586121
  18 42 -1.10621
  19 42 -0.720289
  20 42 0.101962
8300 20 840
  1 42 -0.944166
  2 42 0.42288
  3 42 0.202167
  4 42 -1.69575
  5 42 -0.0967775
  6 42 0.954911
  7 42 0.523699
  8 42 -0.156098
  9 42 -0.390722
  10 42 -0.231082
  11 42 -0.229545
  12 42 0.409261
  13 42 0.0699058
  14 42 0.456881
  15 42 -0.394923
  16 42 0.702791
  17 42 0.999157
  18 42 -0.769383
  19 42 -0.357697
  20 42 -1.13035
8400 20 840
  1 42 -0.241924
  2 42 -0.530228
  3 42 0.280204
  4 42 0.866502
  5 42 -0.416705
  6 42 0.412663
  7 42 -0.220676
  8 42 -0.559175
  9 42 -0.159661
  10 42 -0.475242
  11 42 -0.148688
  12 42 -0.852225
  13 42 -1.31434
  14 42 -0.295821
  15 42 0.126364
  16 42 0.275081
  17 42 -0.740478
  18 42 -0.470933
  19 42 0.0171178
  20 42 -0.381935
8500 20 840
  1 42 -0.589387
  2 42 -0.205154
  3 42 0.0667287
  4 42 -1.54596
  5 42 -0.223011
  6 42 0.652622
  7 42 0.488865
  8 42 0.197685
  9 42 0.144523
  10 42 -0.393686
  11 42 -0.450316
  12 42 0.165499
  13 42 0.0847492
  14 42 -0.162425
  15 42 -0.916254
  16 42 0.0955114
  17 42 -0.0657995
  18 42 0.664814
  19 42 0.79706
  20 42 -0.54558
8600 20 840
  1 42 -0.435739
  2 42 -0.110912
  3 42 -1.20797
  4 42 -0.501877
  5 42 0.968885
  6 42 -0.00244166
  7 42 -0.63169
  8 42 0.613825
  9 42 0.448833
  10 42 0.055654
  11 42 -0.744921
  12 42 0.874553
  13 42 -0.534073
  14 42 0.650879
  15 42 -0.212168
  16 42 0.773276
  17 42 -0.834379
  18 42 0.356153
  19 42 -0.502457
  20 42 -1.50372
8700 20 840
  1 42 -1.13991
  2 42 0.504727
  3 42 -0.262637
  4 42 -0.196487
  5 42 0.320197
  6 42 -1.03432
  7 42 -0.617646
  8 42 0.140441
  9 42 -0.236301
  10 42 0.251803
  11 42 -0.248983
  12 42 -0.0455716
  13 42 -1.48826
  14 42 -0.711359
  15 42 -0.587139
  16 42 -0.506568
  17 42 0.00721457
  18 42 -0.26444
  19 42 1.16285
  20 42 0.540429
8800 20 840
  1 42 0.05374
  2 42 -0.771488
  3 42 0.196184
  4 42 0.161082
  5 42 -0.527838
  6 42 0.0883909
  7 42 -1.75649
  8 42 0.791385
  9 42 -0.0785517
  10 42 -0.311385
  11 42 0.0750696
  12 42 -0.0671402
  13 42 -1.34039
  14 42 0.362026
  15 42 -1.4379
  16 42 -1.01058
  17 42 -0.328426
  18 42 -0.285438
  19 42 0.927815
  20 42 -0.534918
8900 20 840
  1 42 0.0271323
  2 42 0.459043
  3 42 -0.108425
  4 42 -0.671709
  5 42 -0.760852
  6 42 -0.707193
  7 42 -1.62032
  8 42 -0.230093
  9 42 -0.68472
  10 42 1.27576
  11 42 0.434501
  12 42 0.0760319
  13 42 -0.400711
  14 42 0.28435
  15 42 -0.00808471
  16 42 -0.495049
  17 42 0.698702
  18 42 0.143334
  19 42 0.164578
  20 42 -0.20597
9000 20 840
  1 42 0.357321
  2 42 0.347251
  3 42 -0.692916
  4 42 0.362148
  5 42 0.29955
  6 42 -0.637146
  7 42 0.730633
  8 42 0.0238986
  9 42 -0.329924
  10 42 1.06902
  11 42 -0.751584
  12 42 -0.476589
  13 42 0.231754
  14 42 0.143242
  15 42 -1.0827
  16 42 1.04773
  17 42 -0.777134
  18 42 -0.429578
  19 42 0.182042
  20 42 0.649949
9100 20 840
  1 42 1.13619
  2 42 -0.886073
  3 42 -0.376171
  4 42 0.228676
  5 42 -0.146851
  6 42 -1.31052
  7 42 -0.688115
  8 42 0.445103
  9 42 -1.70014
  10 42 -0.683928
  11 42 -0.356878
  12 42 0.19207
  13 42 0.297382
  14 42 -0.205423
  15 42 -0.457555
  16 42 1.46758
  17 42 0.129235
  18 42 -0.275168
  19 42 1.25225
  20 42 1.04116
9200 20 840
  1 42 0.744093
  2 42 -0.305441
  3 42 -0.237487
  4 42 0.0242882
  5 42 0.270177
  6 42 0.59207
  7 42 -0.0592179
  8 42 0.298001
  9 42 0.131455
  10 42 -0.653617
  11 42 0.148103
  12 42 0.519443
  13 42 -0.74888
  14 42 -0.619152
  15 42 -0.371503
  16 42 -0.817309
  17 42 -0.0729412
  18 42 0.547134
  19 42 -0.173869
  20 42 -0.198903
9300 20 840
  1 42 -0.793198
  2 42 -0.845653
  3 42 0.00316781
  4 42 -0.49606
  5 42 -0.728276
  6 42 0.838706
  7 42 0.103828
  8 42 -0.409085
  9 42 -0.096287
  10 42 0.207075
  11 42 0.134853
  12 42 1.02428
  13 42 -0.545888
  14 42 -0.560691
  15 42 -0.459101
  16 42 -0.594702
  17 42 0.646165
  18 42 1.66376
  19 42 1.33812
  20 42 -1.44273
9400 20 840
  1 42 -0.323693
  2 42 -0.33878
  3 42 0.66752
  4 42 -1.1772
  5 42 0.511963
  6 42 0.0822934
  7 42 0.677357
  8 42 0.141657
  9 42 -0.760783
  10 42 -0.134883
  11 42 -0.759041
  12 42 -0.267084
  13 42 -0.279863
  14 42 0.0246711
  15 42 -0.641959
  16 42 -0.373381
  17 42 1.46591
  18 42 0.405167
  19 42 -0.557673
  20 42 -1.60979
9500 20 840
  1 42 -0.969851
  2 42 -0.583628
  3 42 -1.80658
  4 42 -0.800806
  5 42 -0.320094
  6 42 -0.681229
  7 42 0.13246
  8 42 -0.389646
  9 42 0.624374
  10 42 0.0455871
  11 42 -0.67512
  12 42 0.656725
  13 42 -0.375375
  14 42 -0.0173137
  15 42 -0.72927
  16 42 0.456152
  17 42 0.980012
  18 42 0.481956
  19 42 -1.29479
  20 42 -0.660906
9600 20 840
  1 42 -0.170772
  2 42 0.622709
  3 42 -1.1011
  4 42 0.554611
  5 42 0.445381
  6 42 0.559038
  7 42 0.150211
  8 42 -0.249103
  9 42 0.144259
  10 42 -0.834184
  11 42 -2.11319
  12 42 -0.036056
  13 42 -0.540608
  14 42 -0.218807
  15 42 0.0411302
  16 42 0.124888
  17 42 0.136322
  18 42 -0.738666
  19 42 1.44508
  20 42 -0.272917
9700 20 840
  1 42 -0.474184
  2 42 -0.67956
  3 42 0.585617
  4 42 0.269955
  5 42 0.0666322
  6 42 -0.78629
  7 42 0.553835
  8 42 1.08986
  9 42 0.667218
  10 42 -1.02371
  11 42 -0.966629
  12 42 -0.56301
  13 42 -0.309632
  14 42 -0.339936
  15 42 -0.992544
  16 42 -0.584621
  17 42 -0.488201
  18 42 -1.38024
  19 42 2.45487
  20 42 0.272691
9800 20 840
  1 42 -0.0319075
  2 42 -0.472633
  3 42 0.288453
  4 42 -1.11684
  5 42 0.150337
  6 42 -1.27986
  7 42 0.894718
  8 42 -0.445568
  9 42 -1.04614
  10 42 1.27108
  11 42 0.055506
  12 42 -0.224147
  13 42 -0.413039
  14 42 -0.45063
  15 42 -1.0557
  16 42 0.239951
  17 42 -0.774881
  18 42 -0.487503
  19 42 -0.868342
  20 42 0.233162
9900 20 840
  1 42 -0.371537
  2 42 -1.09146
  3 42 0.724372
  4 42 -0.0144321
  5 42 -1.76181
  6 42 -0.487507
  7 42 -0.141604
  8 42 0.063134
  9 42 0.588909
  10 42 -0.497105
  11 42 0.0898608
  12 42 0.867368
  13 42 -0.147689
  14 42 0.318306
  15 42 0.804445
  16 42 -1.33971
  17 42 -0.793207
  18 42 0.629086
  19 42 2.54194
  20 42 -1.26224
10000 20 840
  1 42 -0.396063
  2 42 -0.821976
  3 42 0.641433
  4 42 -0.707912
  5 42 -0.406258
  6 42 1.14449
  7 42 -0.898155
  8 42 0.0321895
  9 42 1.49867
  10 42 -0.31561
  11 42 0.301782
  12 42 -0.0439104
  13 42 -0.924613
  14 42 0.470625
  15 42 -0.387781
  16 42 -0.462485
  17 42 -1.64373
  18 42 -1.29168
  19 42 -0.680163
  20 42 0.902356
