# Chunk-averaged data for fix sternForces and group all
# Timestep Number-of-chunks Total-count
# Chunk Ncount c_sternComp
0 20 840
  1 42 -0.149711
  2 42 -0.149711
  3 42 -0.149711
  4 42 -0.149711
  5 42 -0.149711
  6 42 -0.149711
  7 42 -0.149711
  8 42 -0.149711
  9 42 -0.149711
  10 42 -0.149711
  11 42 -0.149711
  12 42 -0.149711
  13 42 -0.149711
  14 42 -0.149711
  15 42 -0.149711
  16 42 -0.149711
  17 42 -0.149711
  18 42 -0.149711
  19 42 -0.149711
  20 42 -0.149711
100 20 840
  1 42 -0.0263702
  2 42 0.155114
  3 42 -0.476135
  4 42 -0.91637
  5 42 -0.314511
  6 42 0.412371
  7 42 -0.323861
  8 42 0.689328
  9 42 1.06127
  10 42 -0.387825
  11 42 -0.376438
  12 42 0.354882
  13 42 0.86513
  14 42 0.298597
  15 42 -0.920627
  16 42 -0.0527408
  17 42 0.0172324
  18 42 0.585719
  19 42 -0.452335
  20 42 0.67692
200 20 840
  1 42 -0.191079
  2 42 -0.0147063
  3 42 -0.389452
  4 42 -0.387285
  5 42 0.0455146
  6 42 -0.00148776
  7 42 1.32635
  8 42 0.0649669
  9 42 0.115306
  10 42 0.214307
  11 42 -0.638181
  12 42 -0.476999
  13 42 -1.25497
  14 42 -0.81042
  15 42 0.62265
  16 42 -0.576698
  17 42 -0.4977
  18 42 0.0308257
  19 42 1.22481
  20 42 0.0269158
300 20 840
  1 42 0.22716
  2 42 -0.560229
  3 42 -1.61328
  4 42 -0.546706
  5 42 -1.77282
  6 42 0.591808
  7 42 -1.17984
  8 42 0.570338
  9 42 -0.775894
  10 42 1.45883
  11 42 -0.484095
  12 42 -0.669671
  13 42 0.758949
  14 42 0.295864
  15 42 -1.34226
  16 42 -0.530749
  17 42 1.20592
  18 42 0.698472
  19 42 0.794501
  20 42 -0.163567
400 20 840
  1 42 0.0456213
  2 42 -0.268144
  3 42 -0.215238
  4 42 0.576975
  5 42 0.119123
  6 42 -0.543726
  7 42 -0.135702
  8 42 0.488751
  9 42 -0.663059
  10 42 -0.524303
  11 42 0.563626
  12 42 -1.27978
  13 42 -0.250065
  14 42 -0.705414
  15 42 -0.405252
  16 42 -1.28616
  17 42 0.751812
  18 42 0.0907327
  19 42 0.242277
  20 42 0.0146091
500 20 840
  1 42 -1.55152
  2 42 0.347191
  3 42 -1.56934
  4 42 0.468983
  5 42 0.0559142
  6 42 -1.62452
  7 42 -1.45823
  8 42 0.141756
  9 42 -1.27482
  10 42 1.15275
  11 42 0.511982
  12 42 0.813509
  13 42 -1.22238
  14 42 -0.510384
  15 42 -0.292327
  16 42 -0.0537527
  17 42 -0.237245
  18 42 -0.601855
  19 42 -0.652561
  20 42 0.644602
600 20 840
  1 42 -1.01964
  2 42 -1.26815
  3 42 -0.727594
  4 42 -0.394749
  5 42 -1.69633
  6 42 -0.473336
  7 42 0.0416972
  8 42 0.821051
  9 42 -0.38318
  10 42 -0.228802
  11 42 -0.405168
  12 42 -0.0188404
  13 42 0.0220684
  14 42 -0.711583
  15 42 -0.409663
  16 42 0.281799
  17 42 -1.72698
  18 42 0.0618139
  19 42 -0.250966
  20 42 0.627174
700 20 840
  1 42 -1.23309
  2 42 0.053616
  3 42 1.05413
  4 42 -0.270691
  5 42 -0.670359
  6 42 -1.69473
  7 42 -0.549687
  8 42 0.092541
  9 42 -0.192481
  10 42 -0.943118
  11 42 -0.152673
  12 42 -0.70085
  13 42 -0.258745
  14 42 -1.36485
  15 42 0.441485
  16 42 0.712245
  17 42 -0.391464
  18 42 -0.986201
  19 42 -1.29331
  20 42 -0.339373
800 20 840
  1 42 -0.663828
  2 42 -0.345482
  3 42 -0.788551
  4 42 -0.808782
  5 42 1.24178
  6 42 -0.244626
  7 42 0.0200019
  8 42 -1.36944
  9 42 0.328428
  10 42 0.662095
  11 42 -0.71529
  12 42 0.0465656
  13 42 0.0729078
  14 42 0.251841
  15 42 -1.75476
  16 42 0.385559
  17 42 -0.927779
  18 42 0.167855
  19 42 -0.470185
  20 42 -0.0450608
900 20 840
  1 42 -0.457726
  2 42 -1.00406
  3 42 0.910021
  4 42 -0.107404
  5 42 0.814497
  6 42 0.270274
  7 42 0.57366
  8 42 -0.233615
  9 42 -0.920632
  10 42 -0.706234
  11 42 -0.388004
  12 42 0.424364
  13 42 0.211136
  14 42 0.193367
  15 42 -0.797453
  16 42 0.892069
  17 42 1.22863
  18 42 -0.910273
  19 42 1.27657
  20 42 -0.60923
1000 20 840
  1 42 0.258763
  2 42 0.387806
  3 42 0.43019
  4 42 0.0827848
  5 42 -0.0941452
  6 42 1.12365
  7 42 -0.25049
  8 42 -0.094441
  9 42 -0.14196
  10 42 -0.0100401
  11 42 0.175545
  12 42 0.170575
  13 42 -0.0403079
  14 42 -0.0616388
  15 42 -0.477729
  16 42 0.0564257
  17 42 -1.37378
  18 42 -1.06009
  19 42 -0.505772
  20 42 -0.106281
1100 20 840
  1 42 0.315186
  2 42 0.534864
  3 42 -0.375762
  4 42 -1.49383
  5 42 0.491146
  6 42 0.105216
  7 42 -0.14484
  8 42 -0.655805
  9 42 -0.068128
  10 42 -0.184021
  11 42 1.00479
  12 42 0.639463
  13 42 -0.163209
  14 42 0.47894
  15 42 -0.491804
  16 42 0.00186645
  17 42 -0.72324
  18 42 1.02904
  19 42 -0.193542
  20 42 0.209091
1200 20 840
  1 42 0.256074
  2 42 -0.105342
  3 42 0.040805
  4 42 -0.404743
  5 42 1.39218
  6 42 0.29588
  7 42 -0.553103
  8 42 -0.381842
  9 42 -1.27876
  10 42 -0.506126
  11 42 -0.29873
  12 42 0.229691
  13 42 -0.15645
  14 42 0.406929
  15 42 0.487808
  16 42 0.264659
  17 42 0.136015
  18 42 0.928945
  19 42 1.11253
  20 42 -0.486732
1300 20 840
  1 42 -0.0849457
  2 42 -1.32421
  3 42 -0.0207857
  4 42 0.760957
  5 42 -0.796616
  6 42 0.0618311
  7 42 -1.10989
  8 42 -0.262274
  9 42 0.6956
  10 42 0.472267
  11 42 -0.141471
  12 42 0.284007
  13 42 -0.480382
  14 42 -1.33658
  15 42 -1.18201
  16 42 -0.469306
  17 42 -1.17209
  18 42 0.345232
  19 42 0.110429
  20 42 -0.500553
1400 20 840
  1 42 0.131631
  2 42 -0.0717472
  3 42 0.321044
  4 42 -0.707898
  5 42 -1.23075
  6 42 -0.731524
  7 42 -0.12795
  8 42 0.46145
  9 42 -1.00952
  10 42 -0.339472
  11 42 0.424134
  12 42 0.249674
  13 42 -1.17885
  14 42 -1.3091
  15 42 0.86616
  16 42 -0.857818
  17 42 -0.121684
  18 42 0.537316
  19 42 0.410618
  20 42 -1.92434
1500 20 840
  1 42 0.268787
  2 42 -0.462857
  3 42 -1.43868
  4 42 -0.998797
  5 42 0.219768
  6 42 -0.52565
  7 42 0.190499
  8 42 0.833446
  9 42 -0.440637
  10 42 0.503226
  11 42 0.216752
  12 42 -0.517208
  13 42 0.421225
  14 42 0.299475
  15 42 -0.483664
  16 42 -0.893535
  17 42 -0.255337
  18 42 -0.604748
  19 42 0.426273
  20 42 -0.240151
1600 20 840
  1 42 -0.76263
  2 42 0.365488
  3 42 -1.2458
  4 42 -0.498967
  5 42 -1.50493
  6 42 -1.88495
  7 42 0.521216
  8 42 -0.188373
  9 42 0.217915
  10 42 1.17736
  11 42 -0.203016
  12 42 -0.745714
  13 42 0.172606
  14 42 0.499664
  15 42 -0.819137
  16 42 -0.190763
  17 42 -0.552722
  18 42 -1.71367
  19 42 -0.700587
  20 42 1.22884
1700 20 840
  1 42 0.522301
  2 42 -0.0144287
  3 42 0.0831869
  4 42 -0.823086
  5 42 -1.28049
  6 42 -0.169336
  7 42 0.707476
  8 42 -0.301887
  9 42 -0.462635
  10 42 -0.21287
  11 42 1.29958
  12 42 0.267647
  13 42 -0.268739
  14 42 0.336842
  15 42 1.18661
  16 42 0.997199
  17 42 0.456707
  18 42 -1.12376
  19 42 -0.470141
  20 42 0.508855
1800 20 840
  1 42 -0.526366
  2 42 -0.741932
  3 42 0.23312
  4 42 -0.0304596
  5 42 -1.35709
  6 42 -1.19522
  7 42 -0.939929
  8 42 0.0932688
  9 42 0.251691
  10 42 -0.131706
  11 42 -0.811901
  12 42 -0.130307
  13 42 -0.345529
  14 42 0.376094
  15 42 0.290083
  16 42 0.185366
  17 42 0.285676
  18 42 -0.14051
  19 42 -0.00831628
  20 42 0.113931
1900 20 840
  1 42 0.630897
  2 42 -0.3473
  3 42 0.831192
  4 42 0.382627
  5 42 0.118486
  6 42 0.468355
  7 42 1.02459
  8 42 -0.0294526
  9 42 -0.177691
  10 42 -1.25661
  11 42 -1.51322
  12 42 -0.566834
  13 42 -1.1914
  14 42 -0.48632
  15 42 -0.203473
  16 42 -1.39237
  17 42 -0.129057
  18 42 -0.349977
  19 42 0.0904228
  20 42 -0.618221
2000 20 840
  1 42 -0.0834707
  2 42 -0.671913
  3 42 -0.530111
  4 42 0.302861
  5 42 0.0702683
  6 42 0.864325
  7 42 -0.415623
  8 42 0.174548
  9 42 0.513886
  10 42 -1.11734
  11 42 -2.43923
  12 42 0.711965
  13 42 0.600876
  14 42 0.628728
  15 42 -0.213631
  16 42 1.56355
  17 42 0.218684
  18 42 1.58703
  19 42 -1.0488
  20 42 -0.188075
2100 20 840
  1 42 -0.091008
  2 42 -0.131772
  3 42 -0.74062
  4 42 0.0412148
  5 42 0.0493753
  6 42 -1.10637
  7 42 -0.564999
  8 42 -0.364904
  9 42 0.303629
  10 42 -0.0420307
  11 42 -0.645059
  12 42 0.575413
  13 42 -0.987073
  14 42 0.0154725
  15 42 -0.133272
  16 42 -0.729598
  17 42 -0.270747
  18 42 0.684726
  19 42 -1.03451
  20 42 -0.254657
2200 20 840
  1 42 -0.317879
  2 42 -0.0168576
  3 42 0.744166
  4 42 0.658135
  5 42 0.101886
  6 42 -1.27264
  7 42 -0.0911041
  8 42 -0.714762
  9 42 0.242757
  10 42 -0.13856
  11 42 -0.997996
  12 42 -1.16648
  13 42 -1.45687
  14 42 -0.074121
  15 42 0.348912
  16 42 -1.59307
  17 42 -0.488529
  18 42 0.746004
  19 42 0.11687
  20 42 0.0910146
2300 20 840
  1 42 0.118425
  2 42 1.05401
  3 42 0.926549
  4 42 -0.702403
  5 42 -0.0914526
  6 42 -0.266534
  7 42 -1.31176
  8 42 0.0655195
  9 42 -0.0677461
  10 42 0.688503
  11 42 1.31637
  12 42 -0.10853
  13 42 0.30996
  14 42 0.977414
  15 42 -0.651613
  16 42 -0.506873
  17 42 0.766096
  18 42 0.0101516
  19 42 -0.737494
  20 42 0.00394284
2400 20 840
  1 42 0.344328
  2 42 0.289349
  3 42 0.0276731
  4 42 0.102657
  5 42 1.01859
  6 42 -0.504943
  7 42 0.334343
  8 42 -0.32014
  9 42 -1.08906
  10 42 -0.679597
  11 42 -0.182489
  12 42 -0.206809
  13 42 0.113932
  14 42 -0.105719
  15 42 0.624895
  16 42 -0.0596314
  17 42 -0.609332
  18 42 -1.00764
  19 42 -0.0778432
  20 42 -1.41704
2500 20 840
  1 42 0.509569
  2 42 -0.0804231
  3 42 0.0703833
  4 42 -0.0667111
  5 42 -0.258138
  6 42 -0.853944
  7 42 -0.124178
  8 42 -0.449447
  9 42 -0.309142
  10 42 1.02288
  11 42 -0.0465897
  12 42 -0.24061
  13 42 0.300693
  14 42 -0.424962
  15 42 -0.350833
  16 42 0.558485
  17 42 0.128266
  18 42 0.152659
  19 42 0.420423
  20 42 0.377813
2600 20 840
  1 42 0.885927
  2 42 -0.550939
  3 42 0.990966
  4 42 -0.611225
  5 42 0.123744
  6 42 0.228301
  7 42 0.276405
  8 42 0.156538
  9 42 0.318222
  10 42 -1.6266
  11 42 1.85057
  12 42 -0.178441
  13 42 -0.755381
  14 42 -0.307104
  15 42 -0.686473
  16 42 0.110675
  17 42 -2.5265
  18 42 -0.779779
  19 42 0.212135
  20 42 0.418028
2700 20 840
  1 42 -0.977049
  2 42 -0.209443
  3 42 -0.018764
  4 42 -0.24681
  5 42 -0.459396
  6 42 0.897879
  7 42 -0.89744
  8 42 -0.679494
  9 42 -0.798373
  10 42 -0.00797856
  11 42 0.528853
  12 42 0.648102
  13 42 -0.486142
  14 42 -0.24433
  15 42 0.61124
  16 42 1.14591
  17 42 -0.377763
  18 42 -0.35324
  19 42 0.745322
  20 42 -0.568814
2800 20 840
  1 42 0.288522
  2 42 -0.0462633
  3 42 -1.13577
  4 42 -0.540575
  5 42 -0.800212
  6 42 1.02567
  7 42 0.33834
  8 42 -0.141112
  9 42 0.555928
  10 42 0.832869
  11 42 0.160111
  12 42 -0.36708
  13 42 -0.108721
  14 42 -0.0678249
  15 42 -0.39276
  16 42 -1.42498
  17 42 -0.288258
  18 42 0.46668
  19 42 -0.257471
  20 42 -0.168094
2900 20 840
  1 42 -0.841657
  2 42 -0.358556
  3 42 -0.165489
  4 42 -0.224084
  5 42 -0.103212
  6 42 -1.07551
  7 42 -0.489035
  8 42 1.12677
  9 42 -0.585062
  10 42 -0.40187
  11 42 0.250989
  12 42 -0.79062
  13 42 -0.208941
  14 42 -0.315101
  15 42 0.093152
  16 42 0.726368
  17 42 0.203258
  18 42 -1.29827
  19 42 0.624828
  20 42 0.000417046
3000 20 840
  1 42 -0.309156
  2 42 0.828684
  3 42 -0.744742
  4 42 -0.441413
  5 42 0.247855
  6 42 0.971441
  7 42 -0.40101
  8 42 -0.303678
  9 42 0.0101073
  10 42 0.871703
  11 42 -2.09331
  12 42 -0.173243
  13 42 -0.489877
  14 42 -0.29146
  15 42 0.13082
  16 42 -0.597096
  17 42 -1.21603
  18 42 0.779307
  19 42 0.204419
  20 42 -0.74421
3100 20 840
  1 42 -0.360194
  2 42 -0.055103
  3 42 -0.476656
  4 42 -0.331483
  5 42 -0.427274
  6 42 0.447673
  7 42 0.409578
  8 42 -1.14851
  9 42 -0.237593
  10 42 0.267642
  11 42 -1.39533
  12 42 0.645435
  13 42 -0.197493
  14 42 0.119937
  15 42 -0.456903
  16 42 -0.56371
  17 42 -0.24132
  18 42 0.522581
  19 42 0.259025
  20 42 -1.04992
3200 20 840
  1 42 -1.42936
  2 42 -0.183774
  3 42 0.0449987
  4 42 -0.286289
  5 42 0.473529
  6 42 -0.856962
  7 42 0.0581918
  8 42 0.214365
  9 42 -0.334397
  10 42 0.243114
  11 42 -1.51152
  12 42 -0.20885
  13 42 0.0436916
  14 42 -0.326101
  15 42 -0.778968
  16 42 1.86989
  17 42 -0.276221
  18 42 0.310298
  19 42 0.175138
  20 42 -0.469354
3300 20 840
  1 42 -0.351107
  2 42 0.316981
  3 42 0.0493279
  4 42 0.261724
  5 42 0.620182
  6 42 -0.205872
  7 42 -0.136972
  8 42 -0.115828
  9 42 0.103793
  10 42 0.364579
  11 42 0.641
  12 42 0.639753
  13 42 -0.283124
  14 42 0.0881278
  15 42 -1.15273
  16 42 -1.34426
  17 42 0.22882
  18 42 0.361857
  19 42 -0.36753
  20 42 -1.0476
3400 20 840
  1 42 -0.693023
  2 42 0.426426
  3 42 1.38785
  4 42 0.165515
  5 42 0.583658
  6 42 1.13902
  7 42 -0.506838
  8 42 0.395713
  9 42 -0.686146
  10 42 -0.857468
  11 42 0.456805
  12 42 0.150587
  13 42 -0.403212
  14 42 -0.292796
  15 42 0.303146
  16 42 0.75641
  17 42 -0.010119
  18 42 -0.485714
  19 42 0.0782686
  20 42 -0.29303
3500 20 840
  1 42 -0.946082
  2 42 -0.690886
  3 42 0.448125
  4 42 -0.465784
  5 42 -0.0411483
  6 42 0.125165
  7 42 -0.707938
  8 42 -0.317977
  9 42 0.193855
  10 42 -0.0730556
  11 42 1.29044
  12 42 0.733917
  13 42 -0.169452
  14 42 0.04291
  15 42 -0.767608
  16 42 1.28748
  17 42 -1.56116
  18 42 -0.79165
  19 42 -0.388186
  20 42 1.07554
3600 20 840
  1 42 -0.788943
  2 42 0.377843
  3 42 -0.0404195
  4 42 0.45342
  5 42 -0.0279096
  6 42 -1.7295
  7 42 0.320075
  8 42 -1.6929
  9 42 -0.771641
  10 42 0.0981379
  11 42 0.739949
  12 42 -0.280205
  13 42 -0.408512
  14 42 0.501504
  15 42 -0.860739
  16 42 0.314068
  17 42 -0.0875819
  18 42 -0.353513
  19 42 -0.575835
  20 42 0.353563
3700 20 840
  1 42 -0.208978
  2 42 -0.126926
  3 42 -0.25766
  4 42 0.291161
  5 42 1.1616
  6 42 0.450546
  7 42 -0.496255
  8 42 -0.369364
  9 42 -1.2661
  10 42 -0.232205
  11 42 -0.213578
  12 42 -0.412967
  13 42 0.0615133
  14 42 0.226148
  15 42 -0.365302
  16 42 0.0100669
  17 42 0.0374941
  18 42 0.609103
  19 42 0.512395
  20 42 -0.503324
3800 20 840
  1 42 -0.375086
  2 42 -0.117608
  3 42 0.258611
  4 42 -1.6719
  5 42 0.39375
  6 42 -0.830322
  7 42 -0.65097
  8 42 1.11548
  9 42 0.0061842
  10 42 0.0666302
  11 42 -1.02214
  12 42 -0.891311
  13 42 -0.454039
  14 42 -0.751539
  15 42 -1.46628
  16 42 0.11525
  17 42 -0.168011
  18 42 -1.70467
  19 42 1.07703
  20 42 0.572086
3900 20 840
  1 42 0.502109
  2 42 0.238596
  3 42 -0.689091
  4 42 -0.29393
  5 42 -0.324555
  6 42 -0.0932561
  7 42 0.709461
  8 42 0.514437
  9 42 -0.00654413
  10 42 0.453612
  11 42 0.261092
  12 42 -0.209256
  13 42 -0.32169
  14 42 -0.738966
  15 42 0.142188
  16 42 -1.91746
  17 42 -0.356171
  18 42 1.65064
  19 42 1.37131
  20 42 -0.784599
4000 20 840
  1 42 -0.213172
  2 42 0.664909
  3 42 -1.39748
  4 42 -0.418099
  5 42 -0.403269
  6 42 -0.731942
  7 42 -1.21608
  8 42 0.0728122
  9 42 0.281956
  10 42 1.19128
  11 42 -0.535482
  12 42 -0.207207
  13 42 -0.391557
  14 42 0.691809
  15 42 0.33753
  16 42 -0.978146
  17 42 -0.237498
  18 42 0.884721
  19 42 -0.1667
  20 42 0.654506
4100 20 840
  1 42 0.435686
  2 42 -0.379937
  3 42 -0.586665
  4 42 -0.291389
  5 42 -1.37438
  6 42 -0.809861
  7 42 0.0802078
  8 42 -0.0796206
  9 42 -0.300849
  10 42 -0.369664
  11 42 0.555144
  12 42 -1.04672
  13 42 -0.830966
  14 42 0.177254
  15 42 -0.49301
  16 42 1.0827
  17 42 -0.592043
  18 42 0.561013
  19 42 0.329594
  20 42 -1.20702
4200 20 840
  1 42 0.610435
  2 42 -1.2397
  3 42 -0.453021
  4 42 0.104003
  5 42 -1.17261
  6 42 0.761518
  7 42 -0.379903
  8 42 -0.0930272
  9 42 0.280655
  10 42 -0.699943
  11 42 -0.565273
  12 42 -0.215959
  13 42 -0.893782
  14 42 0.206559
  15 42 -0.114777
  16 42 -1.21177
  17 42 -0.0860152
  18 42 0.82305
  19 42 -0.0303654
  20 42 -0.718166
4300 20 840
  1 42 -0.147216
  2 42 -0.278585
  3 42 0.177019
  4 42 -0.663966
  5 42 0.259449
  6 42 -0.879556
  7 42 -0.251109
  8 42 0.503268
  9 42 -0.271164
  10 42 -0.433088
  11 42 -1.05359
  12 42 0.662643
  13 42 -0.109254
  14 42 0.0317203
  15 42 -0.16255
  16 42 -0.130678
  17 42 -0.564742
  18 42 0.623954
  19 42 -0.379483
  20 42 0.497916
4400 20 840
  1 42 0.213517
  2 42 0.131723
  3 42 0.864128
  4 42 -0.429675
  5 42 0.714096
  6 42 -1.05212
  7 42 0.447844
  8 42 -0.284806
  9 42 0.115818
  10 42 -0.4442
  11 42 -0.157407
  12 42 0.222903
  13 42 0.100969
  14 42 -0.0637208
  15 42 -0.0349498
  16 42 1.26325
  17 42 -0.658376
  18 42 -1.04089
  19 42 -0.230561
  20 42 -0.901319
4500 20 840
  1 42 -0.231523
  2 42 0.204837
  3 42 0.0550441
  4 42 -1.80937
  5 42 -0.724712
  6 42 0.0040412
  7 42 0.254692
  8 42 -0.541464
  9 42 0.24316
  10 42 1.09248
  11 42 -0.461737
  12 42 0.297841
  13 42 0.169787
  14 42 0.0206598
  15 42 -0.463728
  16 42 1.16209
  17 42 0.363063
  18 42 -0.586141
  19 42 -0.183815
  20 42 0.257189
4600 20 840
  1 42 -0.0942481
  2 42 -0.517366
  3 42 -0.0846488
  4 42 -1.01134
  5 42 0.311658
  6 42 -0.411332
  7 42 -0.11639
  8 42 -0.845177
  9 42 0.376878
  10 42 -0.364267
  11 42 1.16267
  12 42 0.343859
  13 42 -1.0315
  14 42 0.071667
  15 42 0.157837
  16 42 -0.357819
  17 42 -0.753333
  18 42 -2.1587
  19 42 -0.232325
  20 42 -0.626346
4700 20 840
  1 42 -0.946323
  2 42 0.300998
  3 42 -0.289696
  4 42 0.340238
  5 42 -0.801594
  6 42 -1.21558
  7 42 -0.469208
  8 42 -1.26165
  9 42 -0.356967
  10 42 0.593835
  11 42 0.0405145
  12 42 0.644608
  13 42 -0.558917
  14 42 0.272099
  15 42 0.516595
  16 42 -0.1085
  17 42 0.378321
  18 42 -0.642741
  19 42 -0.414748
  20 42 1.43274
4800 20 840
  1 42 0.357506
  2 42 -0.0376949
  3 42 0.010271
  4 42 0.824207
  5 42 0.514165
  6 42 -0.798822
  7 42 0.232186
  8 42 0.115823
  9 42 0.350698
  10 42 -0.966608
  11 42 -0.0232825
  12 42 -0.616088
  13 42 -0.144467
  14 42 -0.450703
  15 42 -0.66195
  16 42 1.04479
  17 42 -1.09479
  18 42 -0.202657
  19 42 -0.0703108
  20 42 0.764021
4900 20 840
  1 42 -0.26799
  2 42 -0.695451
  3 42 0.196505
  4 42 0.481905
  5 42 0.15355
  6 42 0.0539595
  7 42 -0.670517
  8 42 -0.0135103
  9 42 -1.53504
  10 42 -0.62204
  11 42 -1.3362
  12 42 0.344624
  13 42 -0.364409
  14 42 -0.123202
  15 42 0.930922
  16 42 -0.192934
  17 42 -0.251707
  18 42 0.649793
  19 42 0.386315
  20 42 -2.18014
5000 20 840
  1 42 0.499343
  2 42 0.462343
  3 42 0.286357
  4 42 -0.490473
  5 42 0.932829
  6 42 0.378979
  7 42 -0.54694
  8 42 -0.505377
  9 42 0.866812
  10 42 0.114801
  11 42 -1.01671
  12 42 0.027936
  13 42 -1.70014
  14 42 -0.657781
  15 42 0.159784
  16 42 -0.184386
  17 42 -1.0877
  18 42 2.13134
  19 42 -0.0746152
  20 42 -0.453169
5100 20 840
  1 42 -0.447938
  2 42 -0.811774
  3 42 -0.181729
  4 42 0.613055
  5 42 -1.00113
  6 42 -0.582393
  7 42 0.0188766
  8 42 -0.00589677
  9 42 0.547869
  10 42 -0.197495
  11 42 1.16795
  12 42 0.176956
  13 42 -1.20129
  14 42 0.515974
  15 42 0.00673092
  16 42 -1.33818
  17 42 -0.789947
  18 42 1.49617
  19 42 0.459819
  20 42 -1.44896
5200 20 840
  1 42 0.412349
  2 42 -0.411862
  3 42 -1.04139
  4 42 -0.466409
  5 42 -0.465304
  6 42 1.27394
  7 42 -0.219349
  8 42 0.222229
  9 42 -0.860351
  10 42 0.674374
  11 42 -0.719564
  12 42 -0.978123
  13 42 -0.51185
  14 42 0.835744
  15 42 -0.0795616
  16 42 1.47858
  17 42 0.942163
  18 42 -0.966198
  19 42 0.601727
  20 42 -0.0295781
5300 20 840
  1 42 0.764802
  2 42 0.962414
  3 42 -0.456274
  4 42 -1.01254
  5 42 -0.670335
  6 42 0.278709
  7 42 -0.364937
  8 42 -0.0302416
  9 42 -1.16579
  10 42 -0.168546
  11 42 1.11544
  12 42 -0.872568
  13 42 -0.470314
  14 42 0.572252
  15 42 -0.0462845
  16 42 -1.03866
  17 42 0.576322
  18 42 0.135919
  19 42 0.632625
  20 42 -0.511111
5400 20 840
  1 42 -0.0315496
  2 42 0.481983
  3 42 0.110864
  4 42 0.196022
  5 42 -0.251428
  6 42 -1.16553
  7 42 -0.20619
  8 42 0.359889
  9 42 -1.43115
  10 42 0.266857
  11 42 -0.94958
  12 42 -2.39087
  13 42 0.283306
  14 42 -1.05913
  15 42 -0.0149764
  16 42 -0.268303
  17 42 -0.75793
  18 42 -1.5717
  19 42 -1.03695
  20 42 1.68922
5500 20 840
  1 42 -1.21511
  2 42 -0.267229
  3 42 -0.194783
  4 42 -0.32678
  5 42 -1.40754
  6 42 -1.2174
  7 42 -0.583554
  8 42 0.0510333
  9 42 -0.561975
  10 42 0.41584
  11 42 -0.293846
  12 42 0.289415
  13 42 -0.627642
  14 42 -1.02606
  15 42 -0.39913
  16 42 0.857062
  17 42 -1.2278
  18 42 0.291819
  19 42 -0.691885
  20 42 0.133754
5600 20 840
  1 42 -0.462837
  2 42 0.0134128
  3 42 -1.39114
  4 42 -0.780691
  5 42 -0.264631
  6 42 -0.0994377
  7 42 0.00542198
  8 42 -0.167681
  9 42 -0.554215
  10 42 -0.141295
  11 42 0.0722082
  12 42 0.825995
  13 42 -0.822419
  14 42 -1.39631
  15 42 -0.331148
  16 42 0.888498
  17 42 -0.9813
  18 42 -0.134686
  19 42 -1.6014
  20 42 -1.24276
5700 20 840
  1 42 -0.636505
  2 42 -0.432378
  3 42 -0.390329
  4 42 -0.299727
  5 42 -0.202487
  6 42 0.0196794
  7 42 -0.732856
  8 42 0.984596
  9 42 -0.0346426
  10 42 -0.351054
  11 42 0.599645
  12 42 -0.940699
  13 42 -0.226136
  14 42 -0.599111
  15 42 -0.288875
  16 42 -0.429921
  17 42 -0.277181
  18 42 0.137371
  19 42 -0.900763
  20 42 -0.305677
5800 20 840
  1 42 -0.638123
  2 42 0.491986
  3 42 -0.629737
  4 42 -0.426995
  5 42 0.189815
  6 42 -0.0780042
  7 42 -0.0995689
  8 42 0.154696
  9 42 -0.0429255
  10 42 0.75457
  11 42 -0.20673
  12 42 -0.855202
  13 42 -0.869111
  14 42 -0.115923
  15 42 -1.13199
  16 42 -1.45341
  17 42 0.47743
  18 42 -0.0408574
  19 42 0.13335
  20 42 0.0445615
5900 20 840
  1 42 -0.545616
  2 42 0.0986015
  3 42 -0.557176
  4 42 0.41465
  5 42 -0.24015
  6 42 0.514694
  7 42 -0.251823
  8 42 -0.369401
  9 42 -0.451047
  10 42 -0.0245887
  11 42 0.505006
  12 42 0.406065
  13 42 -0.412694
  14 42 0.323426
  15 42 0.0303548
  16 42 1.49913
  17 42 -0.200021
  18 42 0.488931
  19 42 0.46716
  20 42 -0.854979
6000 20 840
  1 42 -0.364361
  2 42 0.297232
  3 42 0.488301
  4 42 -0.666088
  5 42 -0.00217087
  6 42 0.4642
  7 42 0.467577
  8 42 -0.775258
  9 42 -0.403877
  10 42 -0.380414
  11 42 0.0435472
  12 42 0.609826
  13 42 -0.733585
  14 42 0.0881326
  15 42 -1.13189
  16 42 0.676776
  17 42 0.0789203
  18 42 -0.565475
  19 42 -0.394807
  20 42 -0.235015
6100 20 840
  1 42 -0.197055
  2 42 -0.30684
  3 42 -0.57715
  4 42 0.0390729
  5 42 0.56546
  6 42 0.685648
  7 42 0.739579
  8 42 -1.17038
  9 42 -1.06687
  10 42 -0.2021
  11 42 -1.02265
  12 42 0.594925
  13 42 0.183684
  14 42 0.553193
  15 42 -0.805393
  16 42 -0.166639
  17 42 -0.256676
  18 42 1.39744
  19 42 0.62728
  20 42 -0.900909
6200 20 840
  1 42 -0.556547
  2 42 -0.518854
  3 42 0.403361
  4 42 0.438289
  5 42 0.615323
  6 42 -0.374515
  7 42 -0.0510454
  8 42 -0.888519
  9 42 -0.026641
  10 42 -0.250353
  11 42 -0.729387
  12 42 0.737529
  13 42 -0.673461
  14 42 0.11816
  15 42 -0.217761
  16 42 1.54264
  17 42 -0.522469
  18 42 -0.0960323
  19 42 1.00959
  20 42 0.741579
6300 20 840
  1 42 -0.0349107
  2 42 -0.219144
  3 42 0.0159278
  4 42 -0.6899
  5 42 -0.104721
  6 42 -0.14166
  7 42 -0.439784
  8 42 0.337916
  9 42 0.342741
  10 42 -0.379625
  11 42 1.23789
  12 42 1.16343
  13 42 -0.290569
  14 42 -0.310702
  15 42 -0.735152
  16 42 1.56207
  17 42 0.00307532
  18 42 -0.6471
  19 42 1.48349
  20 42 -0.192879
6400 20 840
  1 42 0.432977
  2 42 -1.46037
  3 42 -0.981093
  4 42 0.505251
  5 42 -0.477983
  6 42 -0.157356
  7 42 -0.710548
  8 42 -0.657472
  9 42 -0.17375
  10 42 0.691721
  11 42 0.784015
  12 42 -0.109494
  13 42 -1.03902
  14 42 0.13803
  15 42 -0.22721
  16 42 -0.844156
  17 42 0.338572
  18 42 0.137421
  19 42 1.23554
  20 42 -0.151421
6500 20 840
  1 42 -0.209278
  2 42 1.02168
  3 42 -0.49759
  4 42 -1.02522
  5 42 0.222998
  6 42 -0.352912
  7 42 -1.07705
  8 42 -0.669303
  9 42 -0.686298
  10 42 1.00438
  11 42 -0.666518
  12 42 -0.107626
  13 42 -0.870823
  14 42 0.312211
  15 42 -0.418958
  16 42 -0.86889
  17 42 0.127342
  18 42 -0.346501
  19 42 0.0361388
  20 42 -0.566384
6600 20 840
  1 42 0.530297
  2 42 -0.553359
  3 42 0.107633
  4 42 -0.533683
  5 42 0.64119
  6 42 -0.402551
  7 42 -0.752039
  8 42 0.0410831
  9 42 -0.355683
  10 42 -0.534536
  11 42 -0.46166
  12 42 -0.675447
  13 42 0.323004
  14 42 0.113746
  15 42 0.0647136
  16 42 2.00777
  17 42 0.135837
  18 42 -0.0971729
  19 42 -0.745906
  20 42 -0.943452
6700 20 840
  1 42 0.0100049
  2 42 0.0339339
  3 42 -0.120979
  4 42 -0.236149
  5 42 -0.175317
  6 42 -0.0685821
  7 42 -0.197216
  8 42 0.0214
  9 42 -0.611592
  10 42 0.629132
  11 42 -1.34714
  12 42 0.308908
  13 42 0.298606
  14 42 -0.524487
  15 42 0.263926
  16 42 -0.55163
  17 42 1.18514
  18 42 0.381181
  19 42 0.720256
  20 42 0.892973
6800 20 840
  1 42 0.607366
  2 42 -0.176222
  3 42 0.291732
  4 42 -0.653272
  5 42 0.956534
  6 42 0.244723
  7 42 -0.383637
  8 42 0.795753
  9 42 1.02068
  10 42 -0.696142
  11 42 0.12794
  12 42 -1.23125
  13 42 -0.739705
  14 42 -0.333604
  15 42 -0.838526
  16 42 0.869545
  17 42 -0.758277
  18 42 0.247059
  19 42 1.08168
  20 42 0.553908
6900 20 840
  1 42 -0.141011
  2 42 -0.232454
  3 42 0.550785
  4 42 -0.276816
  5 42 -0.474975
  6 42 0.238092
  7 42 -0.00689239
  8 42 -0.0756921
  9 42 -0.137375
  10 42 -0.664199
  11 42 -0.0343777
  12 42 -0.638967
  13 42 -0.295626
  14 42 0.774885
  15 42 -0.343497
  16 42 -1.97951
  17 42 0.558618
  18 42 1.05647
  19 42 -1.37557
  20 42 -1.27947
7000 20 840
  1 42 -0.237587
  2 42 0.247835
  3 42 -0.891887
  4 42 -0.736451
  5 42 -0.455464
  6 42 0.632141
  7 42 1.24122
  8 42 -0.758874
  9 42 1.01648
  10 42 0.415297
  11 42 0.40909
  12 42 0.636186
  13 42 -0.99262
  14 42 0.647264
  15 42 -1.07204
  16 42 0.101169
  17 42 -0.837962
  18 42 0.17918
  19 42 -1.17475
  20 42 0.494122
7100 20 840
  1 42 -1.28753
  2 42 -1.34051
  3 42 -1.40119
  4 42 -0.198589
  5 42 -0.641692
  6 42 -0.885736
  7 42 -0.690384
  8 42 -0.276693
  9 42 0.178276
  10 42 -0.465075
  11 42 0.339977
  12 42 0.729342
  13 42 -0.382274
  14 42 0.293769
  15 42 0.19902
  16 42 -0.503438
  17 42 -0.573736
  18 42 -1.17616
  19 42 -0.45682
  20 42 -0.919509
7200 20 840
  1 42 -0.300671
  2 42 0.795228
  3 42 0.0582747
  4 42 0.606035
  5 42 0.345069
  6 42 -0.00393406
  7 42 -0.540221
  8 42 -0.246347
  9 42 0.523694
  10 42 -0.610186
  11 42 -0.763058
  12 42 -1.68294
  13 42 -0.602828
  14 42 -0.48798
  15 42 -0.279215
  16 42 -1.48032
  17 42 -0.700225
  18 42 -1.16341
  19 42 -0.786911
  20 42 0.793478
7300 20 840
  1 42 0.186188
  2 42 0.0404301
  3 42 0.151967
  4 42 -0.0190533
  5 42 0.604838
  6 42 -1.55263
  7 42 -0.73149
  8 42 -1.03777
  9 42 -0.430019
  10 42 -0.885647
  11 42 0.150461
  12 42 -1.43991
  13 42 -0.381828
  14 42 -0.137688
  15 42 -0.142605
  16 42 0.742282
  17 42 -0.187004
  18 42 -0.916852
  19 42 -0.428943
  20 42 -0.470206
7400 20 840
  1 42 -0.383561
  2 42 -0.483788
  3 42 0.134296
  4 42 -1.36511
  5 42 0.574714
  6 42 -1.12378
  7 42 0.897441
  8 42 -0.894487
  9 42 -0.441762
  10 42 0.382433
  11 42 -1.01678
  12 42 0.806476
  13 42 -0.193519
  14 42 0.439018
  15 42 0.338264
  16 42 0.0759428
  17 42 -0.0370322
  18 42 -0.129286
  19 42 0.256082
  20 42 -0.0698422
7500 20 840
  1 42 0.158948
  2 42 -0.38339
  3 42 0.353933
  4 42 0.0410561
  5 42 -1.23335
  6 42 -0.378281
  7 42 -0.0763437
  8 42 -0.332273
  9 42 0.180532
  10 42 0.536748
  11 42 0.59531
  12 42 1.25632
  13 42 -0.337213
  14 42 0.446185
  15 42 -0.49306
  16 42 0.210959
  17 42 0.725625
  18 42 -0.505084
  19 42 0.260544
  20 42 -0.395302
7600 20 840
  1 42 0.668355
  2 42 0.581449
  3 42 0.198077
  4 42 0.27741
  5 42 0.0736853
  6 42 1.38447
  7 42 -0.408162
  8 42 -0.112919
  9 42 0.827484
  10 42 0.0964144
  11 42 0.121661
  12 42 0.255353
  13 42 -0.693831
  14 42 -0.0123247
  15 42 0.386846
  16 42 -0.495447
  17 42 -0.261033
  18 42 1.55624
  19 42 -0.205888
  20 42 1.43327
7700 20 840
  1 42 0.580182
  2 42 -0.21921
  3 42 -0.108178
  4 42 0.087362
  5 42 -0.805855
  6 42 1.13537
  7 42 -1.55698
  8 42 0.381005
  9 42 0.114144
  10 42 0.062312
  11 42 -0.584963
  12 42 -0.155654
  13 42 -0.13787
  14 42 0.548542
  15 42 0.410794
  16 42 2.3783
  17 42 0.780732
  18 42 0.0117676
  19 42 1.7316
  20 42 0.500125
7800 20 840
  1 42 0.529147
  2 42 -0.480261
  3 42 -0.458326
  4 42 0.554619
  5 42 -0.0202756
  6 42 0.317267
  7 42 0.311916
  8 42 -0.324996
  9 42 -1.42003
  10 42 0.279661
  11 42 -1.0452
  12 42 -1.45308
  13 42 -0.634324
  14 42 -0.371516
  15 42 -0.120346
  16 42 -0.504964
  17 42 -0.220586
  18 42 1.33862
  19 42 0.408134
  20 42 0.357358
7900 20 840
  1 42 -0.191227
  2 42 -0.442551
  3 42 0.372375
  4 42 0.189775
  5 42 -0.814015
  6 42 -0.481973
  7 42 -1.52686
  8 42 0.170599
  9 42 -0.722431
  10 42 0.112862
  11 42 -0.279267
  12 42 -0.196077
  13 42 -0.261204
  14 42 -0.642971
  15 42 1.0955
  16 42 -1.21688
  17 42 -0.558148
  18 42 0.689711
  19 42 -0.236315
  20 42 0.327437
8000 20 840
  1 42 -0.342461
  2 42 -0.417468
  3 42 -0.699369
  4 42 -0.425739
  5 42 0.00959015
  6 42 -0.0294542
  7 42 -1.08978
  8 42 -0.50207
  9 42 -1.84172
  10 42 0.191833
  11 42 -0.839698
  12 42 0.152727
  13 42 -1.02651
  14 42 -0.499409
  15 42 -0.190638
  16 42 1.68398
  17 42 -0.123975
  18 42 -0.167549
  19 42 0.166943
  20 42 -0.688893
8100 20 840
  1 42 -0.765514
  2 42 -0.302724
  3 42 -0.252295
  4 42 -0.0606628
  5 42 -0.062097
  6 42 0.345997
  7 42 0.503397
  8 42 -0.966397
  9 42 -0.310081
  10 42 0.556348
  11 42 -0.257278
  12 42 0.146575
  13 42 -0.416552
  14 42 -0.592962
  15 42 -0.0940721
  16 42 -1.33666
  17 42 0.314314
  18 42 -0.598629
  19 42 -0.0579038
  20 42 -0.282446
8200 20 840
  1 42 -1.34454
  2 42 0.548834
  3 42 0.111101
  4 42 -0.4804
  5 42 -0.0534035
  6 42 -0.375972
  7 42 0.521381
  8 42 -0.485067
  9 42 -0.148002
  10 42 -0.273597
  11 42 0.440169
  12 42 -0.915199
  13 42 -0.588341
  14 42 -0.527649
  15 42 -0.576808
  16 42 0.144486
  17 42 0.221302
  18 42 -2.07929
  19 42 -0.85207
  20 42 1.00103
8300 20 840
  1 42 -0.847101
  2 42 0.980477
  3 42 0.264772
  4 42 -1.63808
  5 42 0.454353
  6 42 0.962668
  7 42 0.527348
  8 42 -0.452598
  9 42 -0.944622
  10 42 0.165889
  11 42 0.361847
  12 42 0.0977125
  13 42 0.267706
  14 42 -0.424526
  15 42 -0.0506834
  16 42 0.27409
  17 42 0.915796
  18 42 -1.93731
  19 42 -0.2936
  20 42 -1.15129
8400 20 840
  1 42 -0.179194
  2 42 -0.355827
  3 42 0.236666
  4 42 0.0751908
  5 42 -0.119875
  6 42 0.400929
  7 42 0.0155197
  8 42 -0.522057
  9 42 -0.520982
  10 42 -0.846068
  11 42 0.503268
  12 42 -0.737829
  13 42 -1.09129
  14 42 -0.688926
  15 42 0.365821
  16 42 -0.296314
  17 42 -0.757844
  18 42 -0.697704
  19 42 -0.132556
  20 42 0.158881
8500 20 840
  1 42 -0.224177
  2 42 0.0837272
  3 42 0.431021
  4 42 -1.55514
  5 42 -0.253876
  6 42 0.780128
  7 42 0.897861
  8 42 0.110455
  9 42 -0.507622
  10 42 -0.965475
  11 42 -0.303479
  12 42 0.721568
  13 42 0.275583
  14 42 0.0739779
  15 42 -0.857994
  16 42 1.14552
  17 42 -0.307531
  18 42 0.719769
  19 42 -0.36126
  20 42 -1.53512
8600 20 840
  1 42 -0.585785
  2 42 -0.125715
  3 42 -1.20549
  4 42 -0.451241
  5 42 0.778437
  6 42 -0.179409
  7 42 -0.276168
  8 42 -0.195926
  9 42 0.364186
  10 42 -0.198418
  11 42 -0.399741
  12 42 0.88833
  13 42 -0.638355
  14 42 0.702642
  15 42 -0.340977
  16 42 0.0648938
  17 42 -0.908151
  18 42 0.952077
  19 42 -0.460571
  20 42 -1.66247
8700 20 840
  1 42 -0.881893
  2 42 0.596489
  3 42 -0.817706
  4 42 -0.108566
  5 42 0.0990349
  6 42 -1.03911
  7 42 -0.105585
  8 42 0.469449
  9 42 -0.495777
  10 42 0.861259
  11 42 0.0513633
  12 42 -0.997599
  13 42 -1.38547
  14 42 -0.841839
  15 42 -0.476975
  16 42 -0.650203
  17 42 0.127371
  18 42 0.602422
  19 42 0.627625
  20 42 0.695609
8800 20 840
  1 42 0.349834
  2 42 -0.663723
  3 42 -0.452519
  4 42 0.402171
  5 42 -0.487183
  6 42 -0.105787
  7 42 -0.373446
  8 42 1.16865
  9 42 0.443689
  10 42 -0.235768
  11 42 0.832283
  12 42 -0.49896
  13 42 -1.35872
  14 42 0.756374
  15 42 -1.02704
  16 42 -0.376931
  17 42 -0.0150101
  18 42 0.603741
  19 42 0.95287
  20 42 -0.0886408
8900 20 840
  1 42 -0.41872
  2 42 -0.0224655
  3 42 -0.514893
  4 42 -0.286261
  5 42 -1.34324
  6 42 -1.29536
  7 42 -1.51256
  8 42 -0.0485831
  9 42 -1.34699
  10 42 1.04467
  11 42 0.023448
  12 42 0.591785
  13 42 -0.719719
  14 42 0.384327
  15 42 0.134607
  16 42 -0.533413
  17 42 0.907379
  18 42 -0.44812
  19 42 0.778676
  20 42 0.388201
9000 20 840
  1 42 0.271424
  2 42 0.318667
  3 42 -1.01657
  4 42 0.688569
  5 42 0.294147
  6 42 0.198695
  7 42 1.24902
  8 42 0.145159
  9 42 -0.0717087
  10 42 0.615014
  11 42 -0.943265
  12 42 -0.519239
  13 42 -0.29211
  14 42 0.26578
  15 42 -1.0853
  16 42 -0.177797
  17 42 -0.0762731
  18 42 0.12767
  19 42 -0.130821
  20 42 -0.155471
9100 20 840
  1 42 0.0225992
  2 42 -1.37127
  3 42 0.064554
  4 42 0.779502
  5 42 -0.809248
  6 42 -1.07419
  7 42 -1.01049
  8 42 0.362139
  9 42 -1.48763
  10 42 -0.762139
  11 42 -0.72076
  12 42 -0.513893
  13 42 0.0498024
  14 42 -0.563181
  15 42 -0.272312
  16 42 0.770213
  17 42 1.3642
  18 42 -1.68001
  19 42 -0.219149
  20 42 0.58977
9200 20 840
  1 42 0.93348
  2 42 -0.0982827
  3 42 0.453165
  4 42 0.183911
  5 42 0.91215
  6 42 1.27711
  7 42 -0.591996
  8 42 0.232802
  9 42 -0.135995
  10 42 -0.779742
  11 42 0.0816528
  12 42 0.370771
  13 42 -1.1567
  14 42 -0.489944
  15 42 -0.570689
  16 42 0.254742
  17 42 -0.435103
  18 42 0.343794
  19 42 0.465824
  20 42 -1.3958
9300 20 840
  1 42 -1.06361
  2 42 -0.906632
  3 42 0.0791538
  4 42 -0.612258
  5 42 -0.534603
  6 42 1.07175
  7 42 -0.416583
  8 42 -0.61928
  9 42 -0.221118
  10 42 -0.00179461
  11 42 -0.615714
  12 42 1.11167
  13 42 -0.393531
  14 42 -0.419206
  15 42 -0.541242
  16 42 -1.42058
  17 42 1.25888
  18 42 0.983972
  19 42 1.09696
  20 42 -0.430024
9400 20 840
  1 42 -0.595107
  2 42 -0.453277
  3 42 -0.039965
  4 42 -1.54779
  5 42 -0.347448
  6 42 -0.0318933
  7 42 -0.349985
  8 42 0.00315906
  9 42 -0.608236
  10 42 -0.512322
  11 42 -0.850137
  12 42 -0.476044
  13 42 -0.679198
  14 42 -0.258061
  15 42 -0.583969
  16 42 0.737067
  17 42 1.05774
  18 42 -0.116558
  19 42 0.201293
  20 42 -2.14649
9500 20 840
  1 42 -0.756867
  2 42 0.0303967
  3 42 -1.04416
  4 42 -1.51439
  5 42 -0.108096
  6 42 -0.252149
  7 42 -0.753443
  8 42 -0.519015
  9 42 0.627926
  10 42 0.348733
  11 42 -0.539122
  12 42 1.04326
  13 42 -0.568
  14 42 -0.362131
  15 42 -0.422422
  16 42 -0.0723934
  17 42 1.21059
  18 42 0.336075
  19 42 -0.573074
  20 42 -1.65261
9600 20 840
  1 42 -0.119068
  2 42 0.0594756
  3 42 -0.187841
  4 42 1.23529
  5 42 0.349437
  6 42 0.446021
  7 42 -0.099015
  8 42 -0.462528
  9 42 -0.0953836
  10 42 -0.413258
  11 42 -2.90583
  12 42 0.0437593
  13 42 -0.552488
  14 42 -0.492885
  15 42 0.421577
  16 42 0.76139
  17 42 0.229455
  18 42 -0.305066
  19 42 0.454276
  20 42 1.55968
9700 20 840
  1 42 -0.178801
  2 42 -1.01616
  3 42 1.83713
  4 42 -0.11734
  5 42 -0.180126
  6 42 -1.12055
  7 42 0.338226
  8 42 0.422033
  9 42 1.44899
  10 42 -0.718465
  11 42 -1.04753
  12 42 0.19226
  13 42 -0.279922
  14 42 -0.202968
  15 42 -1.14167
  16 42 0.20723
  17 42 -0.43074
  18 42 -2.0859
  19 42 2.17666
  20 42 0.312147
9800 20 840
  1 42 0.459499
  2 42 0.310499
  3 42 -0.295668
  4 42 -0.920117
  5 42 0.503328
  6 42 -1.79341
  7 42 0.908154
  8 42 -0.382955
  9 42 -0.539455
  10 42 0.537904
  11 42 -0.342741
  12 42 -0.0863289
  13 42 -0.584399
  14 42 -0.0486621
  15 42 -0.714775
  16 42 -0.0747695
  17 42 -1.06613
  18 42 -0.974707
  19 42 -0.678286
  20 42 1.06028
9900 20 840
  1 42 0.325317
  2 42 -0.683545
  3 42 -0.00546718
  4 42 -0.51996
  5 42 -2.24389
  6 42 -0.366107
  7 42 -0.237292
  8 42 0.489394
  9 42 -0.250016
  10 42 -0.148691
  11 42 -0.106341
  12 42 1.03423
  13 42 -0.261238
  14 42 0.855562
  15 42 0.63734
  16 42 -1.75669
  17 42 0.0309199
  18 42 -0.625492
  19 42 1.13485
  20 42 0.153674
10000 20 840
  1 42 0.466915
  2 42 -0.700863
  3 42 0.169633
  4 42 -0.971969
  5 42 -1.09687
  6 42 2.2075
  7 42 -0.02259
  8 42 0.230239
  9 42 1.0211
  10 42 -0.155139
  11 42 -0.473496
  12 42 -0.0742837
  13 42 -0.96721
  14 42 0.935749
  15 42 -0.665328
  16 42 -0.342989
  17 42 -1.27872
  18 42 -1.48308
  19 42 0.00346443
  20 42 -0.0876677
