# Chunk-averaged data for fix sternForces and group all
# Timestep Number-of-chunks Total-count
# Chunk Ncount c_sternComp
0 20 840
  1 42 -0.180641
  2 42 -0.180641
  3 42 -0.180641
  4 42 -0.180641
  5 42 -0.180641
  6 42 -0.180641
  7 42 -0.180641
  8 42 -0.180641
  9 42 -0.180641
  10 42 -0.180641
  11 42 -0.180641
  12 42 -0.180641
  13 42 -0.180641
  14 42 -0.180641
  15 42 -0.180641
  16 42 -0.180641
  17 42 -0.180641
  18 42 -0.180641
  19 42 -0.180641
  20 42 -0.180641
100 20 840
  1 42 0.478733
  2 42 -0.0955351
  3 42 -0.455315
  4 42 -0.505903
  5 42 0.0918385
  6 42 0.157329
  7 42 -0.514373
  8 42 1.30032
  9 42 1.37868
  10 42 -0.163183
  11 42 -0.41701
  12 42 -0.212127
  13 42 1.8105
  14 42 0.598334
  15 42 -1.20008
  16 42 -0.717644
  17 42 0.27002
  18 42 1.06321
  19 42 -0.180073
  20 42 1.68565
200 20 840
  1 42 -0.131203
  2 42 0.622348
  3 42 0.548777
  4 42 -0.960915
  5 42 -0.564408
  6 42 -1.06587
  7 42 1.48124
  8 42 0.418224
  9 42 0.636316
  10 42 1.35097
  11 42 -0.861176
  12 42 -0.978868
  13 42 -1.06253
  14 42 -0.252586
  15 42 1.07028
  16 42 -0.724032
  17 42 0.216548
  18 42 -0.258319
  19 42 1.79722
  20 42 0.560797
300 20 840
  1 42 0.0305381
  2 42 -1.08132
  3 42 -2.67287
  4 42 -0.189211
  5 42 -3.96639
  6 42 -0.107544
  7 42 -1.98129
  8 42 1.00883
  9 42 -1.88665
  10 42 2.53522
  11 42 0.367862
  12 42 -0.401649
  13 42 1.71066
  14 42 0.0243085
  15 42 -1.10228
  16 42 -2.1123
  17 42 1.16339
  18 42 0.691646
  19 42 1.36846
  20 42 -0.948526
400 20 840
  1 42 -0.359386
  2 42 -0.285542
  3 42 -0.0445334
  4 42 1.29297
  5 42 0.298764
  6 42 -0.412174
  7 42 -0.262928
  8 42 0.538271
  9 42 0.0315931
  10 42 -0.123925
  11 42 0.0663638
  12 42 -0.560264
  13 42 0.150681
  14 42 -1.11268
  15 42 -0.246121
  16 42 -1.80081
  17 42 1.0058
  18 42 0.370362
  19 42 0.730378
  20 42 -0.401658
500 20 840
  1 42 -1.48438
  2 42 -0.104826
  3 42 -1.30337
  4 42 1.00665
  5 42 0.544344
  6 42 -1.74851
  7 42 -1.99625
  8 42 -0.322016
  9 42 -1.70251
  10 42 1.34912
  11 42 -0.418189
  12 42 2.00617
  13 42 -1.54048
  14 42 -0.554943
  15 42 -0.424273
  16 42 -0.0980546
  17 42 -0.523897
  18 42 -0.614854
  19 42 -1.2931
  20 42 0.575333
600 20 840
  1 42 -1.54517
  2 42 -1.18755
  3 42 1.10202
  4 42 0.484484
  5 42 -2.45611
  6 42 -0.84458
  7 42 -0.156456
  8 42 1.26134
  9 42 -1.24873
  10 42 -1.45714
  11 42 -0.450497
  12 42 -0.531388
  13 42 0.963521
  14 42 -0.906606
  15 42 -0.590705
  16 42 0.483573
  17 42 -1.78511
  18 42 0.566761
  19 42 0.207571
  20 42 0.648844
700 20 840
  1 42 -2.01457
  2 42 -0.181197
  3 42 1.05587
  4 42 -0.0346418
  5 42 -0.734672
  6 42 -1.70439
  7 42 -0.656848
  8 42 -0.498599
  9 42 0.567685
  10 42 -1.45946
  11 42 -0.305852
  12 42 -0.633269
  13 42 -0.00307764
  14 42 -1.36834
  15 42 1.07629
  16 42 0.687978
  17 42 0.0979699
  18 42 -1.01229
  19 42 -2.41713
  20 42 0.147421
800 20 840
  1 42 -0.0731789
  2 42 -1.41119
  3 42 -2.42094
  4 42 -0.746723
  5 42 2.6335
  6 42 0.241532
  7 42 0.921208
  8 42 -1.94326
  9 42 0.391528
  10 42 0.0221099
  11 42 -1.148
  12 42 0.207904
  13 42 -0.42752
  14 42 1.63426
  15 42 -2.4858
  16 42 0.672205
  17 42 -0.928349
  18 42 -0.228526
  19 42 -1.02691
  20 42 -0.484812
900 20 840
  1 42 -0.432587
  2 42 -0.597825
  3 42 0.301319
  4 42 -0.699142
  5 42 2.20854
  6 42 0.265609
  7 42 1.16711
  8 42 -0.877293
  9 42 -0.0526874
  10 42 -0.461939
  11 42 0.0142009
  12 42 -0.322699
  13 42 -0.306704
  14 42 -0.611585
  15 42 -1.16488
  16 42 1.20323
  17 42 1.22683
  18 42 -1.20302
  19 42 0.650112
  20 42 0.564772
1000 20 840
  1 42 0.305582
  2 42 0.820935
  3 42 -0.195796
  4 42 0.154611
  5 42 -1.27846
  6 42 -0.0651839
  7 42 -0.181547
  8 42 0.274121
  9 42 -0.0795745
  10 42 0.728285
  11 42 -0.317278
  12 42 -1.50058
  13 42 -0.0926789
  14 42 -0.668839
  15 42 0.428331
  16 42 0.41003
  17 42 -1.81013
  18 42 -1.17919
  19 42 -1.00632
  20 42 -0.412296
1100 20 840
  1 42 1.28789
  2 42 0.20907
  3 42 0.0960356
  4 42 -1.32831
  5 42 1.57644
  6 42 -0.94809
  7 42 0.452361
  8 42 -0.487889
  9 42 0.248217
  10 42 -0.256164
  11 42 2.39376
  12 42 -0.122638
  13 42 -0.599
  14 42 0.134499
  15 42 -0.918938
  16 42 0.207608
  17 42 -0.966588
  18 42 1.04855
  19 42 0.368913
  20 42 0.812938
1200 20 840
  1 42 0.968468
  2 42 0.139198
  3 42 0.610167
  4 42 -0.76335
  5 42 2.41114
  6 42 0.878481
  7 42 -1.52271
  8 42 -0.507587
  9 42 -1.42543
  10 42 0.240685
  11 42 0.958248
  12 42 0.601111
  13 42 -0.156678
  14 42 -0.141212
  15 42 -0.221475
  16 42 0.106137
  17 42 -0.774712
  18 42 2.05833
  19 42 1.40547
  20 42 -0.530436
1300 20 840
  1 42 0.625928
  2 42 -1.42548
  3 42 -0.324667
  4 42 1.3003
  5 42 -1.90321
  6 42 0.156814
  7 42 -1.62365
  8 42 0.0029932
  9 42 -0.0643172
  10 42 1.26073
  11 42 0.624254
  12 42 0.246117
  13 42 -0.490082
  14 42 -2.08278
  15 42 -1.48076
  16 42 -0.566373
  17 42 -2.40689
  18 42 0.313112
  19 42 -1.16578
  20 42 -1.63192
1400 20 840
  1 42 -0.642239
  2 42 -0.153996
  3 42 1.08857
  4 42 -1.68772
  5 42 -1.7833
  6 42 -0.535472
  7 42 -0.159832
  8 42 1.05578
  9 42 -1.83038
  10 42 -0.448932
  11 42 1.08076
  12 42 0.590793
  13 42 -1.43569
  14 42 -1.1823
  15 42 1.96378
  16 42 -0.691107
  17 42 -0.775581
  18 42 -0.150291
  19 42 1.74649
  20 42 -1.4721
1500 20 840
  1 42 0.316436
  2 42 -0.0745702
  3 42 -1.17269
  4 42 -1.07175
  5 42 0.198237
  6 42 -0.199039
  7 42 -0.453898
  8 42 0.90228
  9 42 -0.314065
  10 42 0.847921
  11 42 1.4538
  12 42 -1.22153
  13 42 2.12195
  14 42 1.60697
  15 42 -1.27012
  16 42 -1.05562
  17 42 -0.419304
  18 42 -0.462857
  19 42 0.560743
  20 42 0.516999
1600 20 840
  1 42 -1.68599
  2 42 0.2047
  3 42 -1.39089
  4 42 0.530039
  5 42 -1.60308
  6 42 -2.75665
  7 42 0.205462
  8 42 -0.994714
  9 42 -0.683061
  10 42 0.303838
  11 42 -1.66745
  12 42 -1.08993
  13 42 0.98145
  14 42 1.68071
  15 42 -0.346602
  16 42 -0.672232
  17 42 -1.59375
  18 42 -1.8902
  19 42 -1.16366
  20 42 2.39873
1700 20 840
  1 42 0.71855
  2 42 1.27495
  3 42 0.144347
  4 42 -1.18683
  5 42 -2.49493
  6 42 -0.145276
  7 42 1.06697
  8 42 -0.940525
  9 42 -1.44975
  10 42 1.02133
  11 42 0.0600951
  12 42 0.680683
  13 42 0.155183
  14 42 1.28814
  15 42 1.50934
  16 42 1.63217
  17 42 0.448471
  18 42 -1.77232
  19 42 0.738875
  20 42 0.201873
1800 20 840
  1 42 -1.16077
  2 42 -0.933343
  3 42 0.262796
  4 42 0.202713
  5 42 -2.11478
  6 42 -1.70594
  7 42 0.310207
  8 42 -0.431281
  9 42 1.10353
  10 42 -0.430041
  11 42 -2.36826
  12 42 0.563453
  13 42 -0.142393
  14 42 -0.253744
  15 42 1.13279
  16 42 -0.352022
  17 42 -0.149171
  18 42 -0.333833
  19 42 0.649473
  20 42 -0.156079
1900 20 840
  1 42 1.16126
  2 42 -0.151859
  3 42 -0.694842
  4 42 1.133
  5 42 1.49871
  6 42 0.750963
  7 42 1.04789
  8 42 -0.833947
  9 42 0.22897
  10 42 -1.60041
  11 42 -0.895661
  12 42 1.04149
  13 42 -2.06318
  14 42 0.185757
  15 42 0.0287048
  16 42 -1.27533
  17 42 -0.135035
  18 42 -1.34243
  19 42 -0.835965
  20 42 -0.780243
2000 20 840
  1 42 -0.462889
  2 42 -0.993002
  3 42 0.0920027
  4 42 0.414575
  5 42 0.569531
  6 42 -0.22681
  7 42 -0.0937639
  8 42 -0.269067
  9 42 0.827494
  10 42 -2.32792
  11 42 -1.8669
  12 42 0.471853
  13 42 0.306796
  14 42 0.303859
  15 42 -0.197024
  16 42 2.32319
  17 42 0.556772
  18 42 2.5373
  19 42 -1.55487
  20 42 1.18836
2100 20 840
  1 42 1.11919
  2 42 0.507556
  3 42 -0.331163
  4 42 0.632226
  5 42 -0.746605
  6 42 -2.613
  7 42 -1.37943
  8 42 0.378932
  9 42 0.899795
  10 42 0.107693
  11 42 1.76326
  12 42 -0.11022
  13 42 -1.67361
  14 42 -1.52707
  15 42 -0.941664
  16 42 -0.667909
  17 42 -0.133974
  18 42 0.543361
  19 42 -2.25018
  20 42 -0.583113
2200 20 840
  1 42 -0.712058
  2 42 -0.514808
  3 42 0.645581
  4 42 1.26436
  5 42 0.521342
  6 42 -0.516724
  7 42 0.329101
  8 42 0.352601
  9 42 1.46389
  10 42 0.849523
  11 42 -1.30059
  12 42 -1.66208
  13 42 -1.82893
  14 42 -0.549139
  15 42 -0.361799
  16 42 -1.67798
  17 42 -0.357224
  18 42 1.18578
  19 42 0.574553
  20 42 -1.34037
2300 20 840
  1 42 0.768801
  2 42 0.19838
  3 42 0.525533
  4 42 0.186071
  5 42 0.69925
  6 42 0.221988
  7 42 -2.11678
  8 42 -0.208606
  9 42 1.08605
  10 42 0.995918
  11 42 3.56289
  12 42 0.0324444
  13 42 0.0118086
  14 42 1.01682
  15 42 -1.57173
  16 42 -0.689166
  17 42 0.573485
  18 42 0.00809519
  19 42 0.0892787
  20 42 0.451691
2400 20 840
  1 42 -0.09298
  2 42 1.36995
  3 42 0.0229459
  4 42 0.17645
  5 42 1.71767
  6 42 -0.566575
  7 42 0.163197
  8 42 0.00966445
  9 42 -1.80603
  10 42 -0.623744
  11 42 -0.639127
  12 42 -0.950029
  13 42 0.292613
  14 42 -0.0542841
  15 42 1.07581
  16 42 0.519308
  17 42 -0.996659
  18 42 -1.36359
  19 42 0.784708
  20 42 -1.09456
2500 20 840
  1 42 0.32125
  2 42 -0.598142
  3 42 -0.421898
  4 42 0.0191273
  5 42 -0.589412
  6 42 -2.51489
  7 42 -0.848474
  8 42 -0.0556146
  9 42 0.930823
  10 42 1.05287
  11 42 0.772525
  12 42 -0.993032
  13 42 0.0539338
  14 42 -0.881128
  15 42 0.24648
  16 42 0.941803
  17 42 0.155387
  18 42 -0.339395
  19 42 -0.0372674
  20 42 1.75904
2600 20 840
  1 42 1.67018
  2 42 -0.641165
  3 42 1.16161
  4 42 -1.38155
  5 42 -0.0688802
  6 42 0.428647
  7 42 0.749825
  8 42 0.247092
  9 42 -0.182113
  10 42 -2.69618
  11 42 1.68015
  12 42 0.390227
  13 42 -1.12334
  14 42 0.400012
  15 42 -0.657896
  16 42 1.03558
  17 42 -2.82765
  18 42 -1.23655
  19 42 1.20009
  20 42 1.84863
2700 20 840
  1 42 -1.26944
  2 42 -0.482566
  3 42 -1.19539
  4 42 -0.778584
  5 42 -0.259531
  6 42 1.26598
  7 42 -0.854898
  8 42 -1.96428
  9 42 -0.459412
  10 42 0.233284
  11 42 -1.36499
  12 42 0.863968
  13 42 -0.186437
  14 42 -0.245183
  15 42 -1.04034
  16 42 0.615859
  17 42 -1.61256
  18 42 -0.179665
  19 42 -1.11676
  20 42 -0.0212124
2800 20 840
  1 42 0.402974
  2 42 -0.145271
  3 42 -1.26468
  4 42 -0.488971
  5 42 -3.02732
  6 42 0.0190424
  7 42 -0.159355
  8 42 -1.09226
  9 42 0.0578075
  10 42 0.0610867
  11 42 -0.834857
  12 42 0.157215
  13 42 -0.932319
  14 42 0.336498
  15 42 0.43414
  16 42 -0.438547
  17 42 -1.64839
  18 42 -0.504581
  19 42 -0.438082
  20 42 -2.01854
2900 20 840
  1 42 0.124328
  2 42 0.544447
  3 42 0.105867
  4 42 -1.16242
  5 42 0.0616471
  6 42 -1.61935
  7 42 0.672824
  8 42 1.05442
  9 42 -0.470784
  10 42 0.134833
  11 42 1.36692
  12 42 -1.4578
  13 42 -0.128068
  14 42 0.121599
  15 42 -0.377633
  16 42 -0.0595774
  17 42 -0.159237
  18 42 -1.17776
  19 42 0.264587
  20 42 -0.558596
3000 20 840
  1 42 0.252895
  2 42 1.77496
  3 42 -0.0333382
  4 42 -0.167849
  5 42 0.410687
  6 42 -0.106249
  7 42 0.310877
  8 42 -0.174559
  9 42 -0.597476
  10 42 1.1768
  11 42 -1.491
  12 42 -1.08589
  13 42 0.437334
  14 42 0.360189
  15 42 0.0804802
  16 42 -0.590414
  17 42 -2.47306
  18 42 2.21059
  19 42 -0.352366
  20 42 -0.832685
3100 20 840
  1 42 1.43651
  2 42 -0.28016
  3 42 -0.556203
  4 42 0.639173
  5 42 -0.314491
  6 42 -0.138931
  7 42 0.41831
  8 42 -1.17103
  9 42 -0.99327
  10 42 2.27786
  11 42 0.789621
  12 42 0.895063
  13 42 0.422658
  14 42 0.377074
  15 42 -0.912627
  16 42 0.0272901
  17 42 -0.515863
  18 42 0.511909
  19 42 1.12792
  20 42 -0.986554
3200 20 840
  1 42 -2.36521
  2 42 -0.164938
  3 42 0.191902
  4 42 -0.782997
  5 42 0.971468
  6 42 -0.73547
  7 42 0.981801
  8 42 1.16098
  9 42 -1.0716
  10 42 0.424048
  11 42 -0.123526
  12 42 0.221814
  13 42 0.251957
  14 42 -0.566391
  15 42 -0.359587
  16 42 1.57798
  17 42 -0.483712
  18 42 1.47839
  19 42 2.04373
  20 42 -1.49139
3300 20 840
  1 42 -0.0275122
  2 42 0.781796
  3 42 -0.384493
  4 42 1.30337
  5 42 0.307997
  6 42 -0.905151
  7 42 -0.680566
  8 42 0.00982942
  9 42 0.112624
  10 42 1.22403
  11 42 2.71354
  12 42 0.671708
  13 42 -0.576874
  14 42 -0.439301
  15 42 -1.05491
  16 42 -0.950563
  17 42 -0.270148
  18 42 -1.08003
  19 42 -1.24099
  20 42 -0.990219
3400 20 840
  1 42 -2.27572
  2 42 -0.428088
  3 42 0.348699
  4 42 1.59355
  5 42 1.14705
  6 42 1.92517
  7 42 -0.668551
  8 42 -0.170118
  9 42 -0.419805
  10 42 -1.80667
  11 42 -0.48358
  12 42 -1.0078
  13 42 0.416697
  14 42 -0.34096
  15 42 0.290279
  16 42 1.93473
  17 42 -0.125269
  18 42 -0.638583
  19 42 0.0298693
  20 42 -0.00609541
3500 20 840
  1 42 -0.381087
  2 42 0.00340706
  3 42 1.50537
  4 42 -0.860572
  5 42 0.46632
  6 42 -0.221105
  7 42 -1.59079
  8 42 -0.764198
  9 42 -0.270777
  10 42 0.0624737
  11 42 1.56369
  12 42 0.606488
  13 42 -0.496642
  14 42 -1.06116
  15 42 -1.10223
  16 42 1.50977
  17 42 -1.5236
  18 42 -0.946023
  19 42 -0.28718
  20 42 2.19041
3600 20 840
  1 42 -1.31005
  2 42 -0.438471
  3 42 -0.155718
  4 42 1.25899
  5 42 -0.242382
  6 42 -2.95253
  7 42 -0.224069
  8 42 -1.82047
  9 42 1.0935
  10 42 -0.436862
  11 42 -0.582306
  12 42 -1.02765
  13 42 -0.338434
  14 42 -0.46286
  15 42 -1.0851
  16 42 -1.82934
  17 42 0.0967444
  18 42 -1.06981
  19 42 -1.43107
  20 42 -0.396306
3700 20 840
  1 42 0.430773
  2 42 -0.80574
  3 42 -0.691733
  4 42 -0.0545201
  5 42 1.64539
  6 42 1.215
  7 42 -0.0397718
  8 42 -1.41501
  9 42 -0.309348
  10 42 -0.245878
  11 42 -0.327197
  12 42 -0.293614
  13 42 0.688989
  14 42 0.923401
  15 42 -1.07858
  16 42 -0.159889
  17 42 -0.0100752
  18 42 0.817665
  19 42 1.8078
  20 42 0.2395
3800 20 840
  1 42 -0.638927
  2 42 0.65191
  3 42 -0.567144
  4 42 -1.34297
  5 42 0.532981
  6 42 -1.66242
  7 42 0.660063
  8 42 -1.11243
  9 42 -0.349384
  10 42 -0.444418
  11 42 -2.28842
  12 42 -0.022003
  13 42 -0.487285
  14 42 -0.426972
  15 42 -1.23126
  16 42 -0.0481459
  17 42 0.396055
  18 42 -1.47957
  19 42 0.486191
  20 42 0.283735
3900 20 840
  1 42 1.33321
  2 42 0.554177
  3 42 -1.24721
  4 42 1.26878
  5 42 -0.344333
  6 42 -1.76733
  7 42 0.59826
  8 42 0.0600923
  9 42 0.554217
  10 42 0.375597
  11 42 -0.0680755
  12 42 -1.31992
  13 42 0.0171235
  14 42 -0.751711
  15 42 0.236087
  16 42 -1.34589
  17 42 0.236402
  18 42 1.97781
  19 42 -0.108791
  20 42 -1.78074
4000 20 840
  1 42 -0.745512
  2 42 0.615945
  3 42 -0.811334
  4 42 -1.11774
  5 42 -1.20151
  6 42 -1.52687
  7 42 -0.201158
  8 42 0.0628666
  9 42 0.0455257
  10 42 0.71995
  11 42 1.42542
  12 42 0.380095
  13 42 -0.191838
  14 42 0.317376
  15 42 2.23214
  16 42 -1.02503
  17 42 0.320176
  18 42 1.01699
  19 42 -0.206143
  20 42 1.62787
4100 20 840
  1 42 0.569171
  2 42 -0.0417535
  3 42 -1.79115
  4 42 -0.0711278
  5 42 -0.387445
  6 42 -0.815196
  7 42 0.143794
  8 42 0.141595
  9 42 -0.472833
  10 42 -0.091881
  11 42 2.02332
  12 42 -1.57739
  13 42 0.0384867
  14 42 0.298785
  15 42 -1.57547
  16 42 1.31372
  17 42 -1.67818
  18 42 0.84074
  19 42 -0.696575
  20 42 -1.00786
4200 20 840
  1 42 0.0144161
  2 42 -0.370199
  3 42 -0.208385
  4 42 0.660138
  5 42 -1.27404
  6 42 0.485989
  7 42 -1.26118
  8 42 -0.313795
  9 42 -1.02036
  10 42 0.476239
  11 42 0.136632
  12 42 0.420121
  13 42 -0.708031
  14 42 -0.125262
  15 42 -0.0550977
  16 42 -0.421651
  17 42 -1.39752
  18 42 0.147159
  19 42 0.484934
  20 42 -1.35162
4300 20 840
  1 42 0.333957
  2 42 -0.794491
  3 42 0.178194
  4 42 0.131192
  5 42 -0.62742
  6 42 -1.92504
  7 42 -0.482419
  8 42 0.971042
  9 42 0.803436
  10 42 -0.389106
  11 42 0.948149
  12 42 0.103859
  13 42 0.0274036
  14 42 -0.517866
  15 42 0.16546
  16 42 1.50093
  17 42 -2.14595
  18 42 -0.505495
  19 42 0.420767
  20 42 0.0935074
4400 20 840
  1 42 0.922246
  2 42 -0.220839
  3 42 0.842999
  4 42 -1.07323
  5 42 -0.599046
  6 42 -1.55007
  7 42 0.179483
  8 42 -0.0642302
  9 42 -0.325925
  10 42 -0.782803
  11 42 0.516569
  12 42 -1.35178
  13 42 0.155504
  14 42 -0.347932
  15 42 0.166843
  16 42 1.29351
  17 42 -1.47568
  18 42 -1.21712
  19 42 -0.620256
  20 42 0.396613
4500 20 840
  1 42 1.07256
  2 42 0.032804
  3 42 0.5582
  4 42 -2.0036
  5 42 -0.731917
  6 42 -0.225741
  7 42 0.0209826
  8 42 -0.592344
  9 42 -0.38608
  10 42 1.86766
  11 42 -1.61556
  12 42 -0.979591
  13 42 0.445603
  14 42 -0.204443
  15 42 -1.05988
  16 42 0.447778
  17 42 -0.140026
  18 42 -1.42591
  19 42 0.351654
  20 42 2.7248
4600 20 840
  1 42 0.259461
  2 42 -1.88585
  3 42 -0.688058
  4 42 -0.443252
  5 42 -1.16992
  6 42 -0.920672
  7 42 0.614981
  8 42 -1.29901
  9 42 0.10235
  10 42 0.0355632
  11 42 -0.899203
  12 42 0.291821
  13 42 -1.09938
  14 42 0.792212
  15 42 0.280224
  16 42 -0.245757
  17 42 -1.04593
  18 42 -1.6403
  19 42 0.717668
  20 42 -1.58283
4700 20 840
  1 42 -0.655016
  2 42 2.19362
  3 42 -0.0979312
  4 42 -0.675411
  5 42 0.330113
  6 42 -2.60719
  7 42 -0.219393
  8 42 -0.836798
  9 42 -0.271142
  10 42 0.962772
  11 42 -1.39377
  12 42 0.828122
  13 42 -1.54779
  14 42 -0.139813
  15 42 0.56087
  16 42 -1.23449
  17 42 0.106821
  18 42 -1.15873
  19 42 0.101812
  20 42 0.338542
4800 20 840
  1 42 0.324198
  2 42 0.239929
  3 42 -0.140852
  4 42 1.79775
  5 42 1.14027
  6 42 0.242606
  7 42 0.666442
  8 42 -0.106671
  9 42 0.0683067
  10 42 -2.9295
  11 42 -0.253885
  12 42 -0.486736
  13 42 0.913462
  14 42 0.269462
  15 42 -0.278272
  16 42 1.14365
  17 42 0.0108279
  18 42 0.129055
  19 42 -0.728521
  20 42 -0.932325
4900 20 840
  1 42 0.540724
  2 42 -0.429606
  3 42 0.983816
  4 42 1.08439
  5 42 1.59085
  6 42 0.123775
  7 42 -0.724487
  8 42 -0.682642
  9 42 -0.966696
  10 42 -0.849142
  11 42 -1.36681
  12 42 1.09799
  13 42 -1.00271
  14 42 0.336247
  15 42 1.46736
  16 42 0.908272
  17 42 -0.805415
  18 42 1.66749
  19 42 0.0175361
  20 42 0.298704
5000 20 840
  1 42 -0.540068
  2 42 1.64431
  3 42 -0.113986
  4 42 -0.545966
  5 42 0.892917
  6 42 -0.482725
  7 42 0.61101
  8 42 0.0730292
  9 42 1.3058
  10 42 -0.0168231
  11 42 -0.213763
  12 42 -0.0537398
  13 42 -1.73853
  14 42 -1.14738
  15 42 -0.276364
  16 42 0.1831
  17 42 -0.680137
  18 42 1.54999
  19 42 0.165758
  20 42 -0.12023
5100 20 840
  1 42 -0.419132
  2 42 -1.85023
  3 42 -0.725383
  4 42 0.971968
  5 42 -2.06708
  6 42 -1.11948
  7 42 -0.173619
  8 42 0.919907
  9 42 1.43448
  10 42 -0.465987
  11 42 2.35653
  12 42 0.307037
  13 42 0.130088
  14 42 -0.0731469
  15 42 -1.09638
  16 42 -0.64962
  17 42 -1.86026
  18 42 1.27772
  19 42 0.429436
  20 42 -0.449911
5200 20 840
  1 42 -0.910436
  2 42 -0.00865141
  3 42 -1.27549
  4 42 -0.271641
  5 42 -0.773374
  6 42 2.27616
  7 42 0.153882
  8 42 -0.0883843
  9 42 0.218835
  10 42 0.573958
  11 42 0.64857
  12 42 0.385809
  13 42 -0.930804
  14 42 0.554424
  15 42 -0.0788273
  16 42 1.3086
  17 42 1.09428
  18 42 -2.30389
  19 42 -0.073499
  20 42 -0.432318
5300 20 840
  1 42 0.597132
  2 42 0.581182
  3 42 -0.0593403
  4 42 -0.284802
  5 42 1.06017
  6 42 -0.237655
  7 42 0.198423
  8 42 -0.233285
  9 42 -1.46999
  10 42 0.740881
  11 42 0.489457
  12 42 -1.19133
  13 42 0.219147
  14 42 -0.0508577
  15 42 -0.0952356
  16 42 -0.975884
  17 42 0.894463
  18 42 0.686012
  19 42 0.406509
  20 42 -0.349618
5400 20 840
  1 42 -0.173351
  2 42 0.10293
  3 42 1.14907
  4 42 0.485767
  5 42 -3.01986
  6 42 -4.02876
  7 42 -0.570743
  8 42 0.050651
  9 42 -1.13412
  10 42 1.31688
  11 42 -0.657018
  12 42 -2.7538
  13 42 0.385171
  14 42 -1.79502
  15 42 2.02278
  16 42 -1.94919
  17 42 0.886803
  18 42 -1.99647
  19 42 -0.0796482
  20 42 1.01122
5500 20 840
  1 42 -0.873761
  2 42 -1.12971
  3 42 0.243141
  4 42 -0.984305
  5 42 -2.09117
  6 42 -2.05843
  7 42 -0.0402681
  8 42 0.0552771
  9 42 -1.32077
  10 42 0.5579
  11 42 -1.02106
  12 42 -1.22097
  13 42 -0.812782
  14 42 -1.80089
  15 42 -0.936826
  16 42 0.768089
  17 42 -1.71442
  18 42 -0.475026
  19 42 -0.115884
  20 42 1.01343
5600 20 840
  1 42 0.558872
  2 42 1.03432
  3 42 -2.3059
  4 42 -0.935866
  5 42 -0.51731
  6 42 1.16659
  7 42 -1.15027
  8 42 -0.674995
  9 42 -2.32008
  10 42 -1.16
  11 42 -0.286702
  12 42 0.465118
  13 42 0.0704393
  14 42 0.415986
  15 42 -2.18653
  16 42 -1.02888
  17 42 0.519799
  18 42 -0.401999
  19 42 -0.60632
  20 42 -2.87345
5700 20 840
  1 42 0.847531
  2 42 0.890091
  3 42 1.09083
  4 42 0.158995
  5 42 -1.05376
  6 42 -0.166069
  7 42 -0.316611
  8 42 0.67385
  9 42 1.2842
  10 42 -1.49541
  11 42 -0.475611
  12 42 -1.19172
  13 42 -0.783122
  14 42 1.67236
  15 42 -0.700438
  16 42 -0.18787
  17 42 -0.565071
  18 42 -0.480387
  19 42 -0.324
  20 42 -0.874998
5800 20 840
  1 42 -0.891629
  2 42 0.382448
  3 42 -1.5409
  4 42 0.119235
  5 42 -0.447792
  6 42 -1.21752
  7 42 0.108188
  8 42 0.597336
  9 42 0.647586
  10 42 -0.28182
  11 42 -0.229624
  12 42 -0.277905
  13 42 -1.8559
  14 42 0.904927
  15 42 -1.05224
  16 42 -1.00048
  17 42 -0.362768
  18 42 -0.135714
  19 42 -2.18263
  20 42 -0.916847
5900 20 840
  1 42 0.720158
  2 42 1.82546
  3 42 -0.351501
  4 42 -0.286513
  5 42 0.210498
  6 42 0.107956
  7 42 -0.0470907
  8 42 0.340266
  9 42 -0.719174
  10 42 -0.538705
  11 42 0.998229
  12 42 -0.7508
  13 42 -0.100182
  14 42 0.204189
  15 42 -0.310041
  16 42 0.850941
  17 42 -1.26744
  18 42 0.496542
  19 42 -0.46833
  20 42 0.788225
6000 20 840
  1 42 -1.16343
  2 42 -0.895607
  3 42 0.0257446
  4 42 -0.429165
  5 42 1.31788
  6 42 1.2426
  7 42 -0.433441
  8 42 -1.11144
  9 42 0.207873
  10 42 0.635093
  11 42 0.592355
  12 42 1.8468
  13 42 0.503774
  14 42 -0.110839
  15 42 -0.744104
  16 42 1.86257
  17 42 0.263833
  18 42 -0.894252
  19 42 -0.493401
  20 42 0.636042
6100 20 840
  1 42 0.108633
  2 42 -1.11371
  3 42 -1.42717
  4 42 1.20414
  5 42 -0.482853
  6 42 -0.430196
  7 42 1.81181
  8 42 -0.869668
  9 42 -0.625133
  10 42 0.29229
  11 42 0.0857774
  12 42 1.48803
  13 42 -0.895
  14 42 0.826948
  15 42 -1.19788
  16 42 0.949962
  17 42 -1.72541
  18 42 1.71127
  19 42 1.14528
  20 42 -1.68102
6200 20 840
  1 42 -1.01104
  2 42 -0.428742
  3 42 -0.274951
  4 42 0.444365
  5 42 0.796613
  6 42 -1.99369
  7 42 -0.446263
  8 42 -1.27082
  9 42 -0.0177211
  10 42 0.779376
  11 42 1.26244
  12 42 1.14395
  13 42 -0.269469
  14 42 -2.01894
  15 42 1.04464
  16 42 2.14861
  17 42 1.09087
  18 42 -1.00693
  19 42 -0.176218
  20 42 1.72063
6300 20 840
  1 42 0.347448
  2 42 -1.54939
  3 42 1.20226
  4 42 -0.308066
  5 42 1.91857
  6 42 0.556468
  7 42 -0.554973
  8 42 -0.111722
  9 42 -1.01605
  10 42 0.427108
  11 42 0.65819
  12 42 -0.370173
  13 42 -0.303182
  14 42 -2.27997
  15 42 -0.730774
  16 42 1.60321
  17 42 0.441147
  18 42 -0.597458
  19 42 0.699387
  20 42 0.557606
6400 20 840
  1 42 0.10721
  2 42 -2.50413
  3 42 0.42536
  4 42 1.02712
  5 42 -0.509967
  6 42 -0.0823775
  7 42 -0.675719
  8 42 -1.34943
  9 42 -0.19123
  10 42 1.00371
  11 42 1.23257
  12 42 -2.61404
  13 42 -2.12976
  14 42 -2.29477
  15 42 -0.658818
  16 42 -0.378713
  17 42 1.00404
  18 42 -1.88768
  19 42 1.07065
  20 42 -0.249291
6500 20 840
  1 42 -0.0678428
  2 42 0.816155
  3 42 0.0852466
  4 42 -0.93768
  5 42 -0.369729
  6 42 0.676942
  7 42 -0.845798
  8 42 0.216486
  9 42 -0.159601
  10 42 0.389636
  11 42 -0.205433
  12 42 -1.58542
  13 42 -0.256649
  14 42 0.290269
  15 42 -1.04573
  16 42 -1.30087
  17 42 -0.195186
  18 42 0.501041
  19 42 0.758927
  20 42 -2.16017
6600 20 840
  1 42 -0.0794074
  2 42 0.0588419
  3 42 0.42697
  4 42 -0.802019
  5 42 -0.224187
  6 42 -0.0126843
  7 42 -0.0134424
  8 42 0.204231
  9 42 0.0209486
  10 42 -2.50111
  11 42 -0.714202
  12 42 -0.117356
  13 42 0.0321283
  14 42 0.70502
  15 42 -0.736094
  16 42 -0.290665
  17 42 0.416566
  18 42 -0.870818
  19 42 0.716703
  20 42 -1.68405
6700 20 840
  1 42 -0.345505
  2 42 0.647349
  3 42 -0.759751
  4 42 0.367341
  5 42 0.549662
  6 42 0.0887881
  7 42 -0.304913
  8 42 -0.874844
  9 42 -0.299176
  10 42 -1.00243
  11 42 -3.00166
  12 42 1.12653
  13 42 -0.196289
  14 42 1.02751
  15 42 0.90235
  16 42 -1.0385
  17 42 0.474371
  18 42 0.476451
  19 42 0.674575
  20 42 0.0900615
6800 20 840
  1 42 0.268979
  2 42 0.692704
  3 42 -0.0994878
  4 42 -0.181743
  5 42 0.917912
  6 42 -0.0931142
  7 42 0.666272
  8 42 0.332825
  9 42 -0.121019
  10 42 -0.412263
  11 42 -1.23431
  12 42 -0.0787505
  13 42 1.25403
  14 42 0.772056
  15 42 0.712493
  16 42 -2.02455
  17 42 0.90624
  18 42 0.628808
  19 42 1.16207
  20 42 0.00255539
6900 20 840
  1 42 -0.454063
  2 42 -0.817036
  3 42 -0.470115
  4 42 -0.759926
  5 42 -2.0824
  6 42 -1.54656
  7 42 0.11555
  8 42 -0.443485
  9 42 -0.189695
  10 42 -1.03864
  11 42 -0.234306
  12 42 1.30041
  13 42 0.303664
  14 42 0.715329
  15 42 1.25494
  16 42 -0.779071
  17 42 -0.360326
  18 42 -0.44865
  19 42 -1.87927
  20 42 0.281724
7000 20 840
  1 42 -0.0725314
  2 42 -0.717581
  3 42 -1.7282
  4 42 -0.736326
  5 42 -1.79212
  6 42 1.03641
  7 42 0.48486
  8 42 -0.462799
  9 42 0.976974
  10 42 1.85939
  11 42 0.225904
  12 42 1.22883
  13 42 0.274862
  14 42 1.13171
  15 42 -1.55157
  16 42 0.967396
  17 42 0.208837
  18 42 -1.98034
  19 42 -3.78784
  20 42 0.102938
7100 20 840
  1 42 -0.84754
  2 42 -1.02578
  3 42 -0.41021
  4 42 -1.14013
  5 42 0.204018
  6 42 -1.64934
  7 42 -0.149093
  8 42 -0.704352
  9 42 -0.514372
  10 42 0.149266
  11 42 -0.525344
  12 42 -0.286809
  13 42 0.496567
  14 42 0.427169
  15 42 -1.05853
  16 42 -1.40988
  17 42 -0.596195
  18 42 -1.7472
  19 42 -0.543775
  20 42 1.54619
7200 20 840
  1 42 0.173263
  2 42 0.0491095
  3 42 0.258989
  4 42 0.315182
  5 42 -0.339774
  6 42 -1.38896
  7 42 -1.74835
  8 42 -0.503868
  9 42 0.629144
  10 42 1.21863
  11 42 0.058747
  12 42 -1.1518
  13 42 -1.15357
  14 42 -0.357819
  15 42 0.0899212
  16 42 -0.4129
  17 42 0.410351
  18 42 -1.12078
  19 42 -2.85967
  20 42 -0.595805
7300 20 840
  1 42 -0.076871
  2 42 -1.2017
  3 42 1.59098
  4 42 -0.156764
  5 42 -0.165513
  6 42 -2.80238
  7 42 -0.259529
  8 42 -0.555948
  9 42 -0.488912
  10 42 -1.81654
  11 42 1.85797
  12 42 -3.7297
  13 42 -0.523646
  14 42 -1.35668
  15 42 0.280112
  16 42 0.728492
  17 42 -0.334419
  18 42 -0.841064
  19 42 -0.114717
  20 42 0.341447
7400 20 840
  1 42 0.50387
  2 42 -0.578888
  3 42 0.271902
  4 42 -2.24721
  5 42 2.13301
  6 42 -0.223121
  7 42 -0.201242
  8 42 -0.0993212
  9 42 -0.905298
  10 42 0.120632
  11 42 0.640118
  12 42 -0.44375
  13 42 -0.213057
  14 42 -0.793217
  15 42 -1.00779
  16 42 0.178387
  17 42 1.29979
  18 42 -0.730874
  19 42 1.46791
  20 42 0.66987
7500 20 840
  1 42 0.244517
  2 42 -0.502188
  3 42 -0.303578
  4 42 0.176923
  5 42 -0.113116
  6 42 0.642944
  7 42 0.821926
  8 42 -0.503679
  9 42 0.543644
  10 42 0.607298
  11 42 -1.16544
  12 42 0.835861
  13 42 -1.25144
  14 42 1.15074
  15 42 -0.887916
  16 42 -0.0636166
  17 42 0.561699
  18 42 0.707738
  19 42 0.704279
  20 42 -0.555422
7600 20 840
  1 42 0.651695
  2 42 0.603948
  3 42 -0.240706
  4 42 1.12751
  5 42 -0.180072
  6 42 0.0853802
  7 42 0.0401919
  8 42 -0.0762751
  9 42 0.339059
  10 42 -1.51913
  11 42 1.31258
  12 42 0.520247
  13 42 -1.53606
  14 42 0.747159
  15 42 0.814032
  16 42 0.620726
  17 42 0.187362
  18 42 0.662439
  19 42 0.808681
  20 42 1.49722
7700 20 840
  1 42 0.937731
  2 42 0.98712
  3 42 -0.592482
  4 42 -1.04359
  5 42 -0.104156
  6 42 0.813837
  7 42 -0.524888
  8 42 0.430815
  9 42 0.0235267
  10 42 -1.62338
  11 42 -1.09352
  12 42 0.554963
  13 42 -0.21611
  14 42 0.783172
  15 42 -0.133348
  16 42 1.76691
  17 42 0.449774
  18 42 0.920239
  19 42 0.509938
  20 42 0.0405248
7800 20 840
  1 42 0.464442
  2 42 -1.42698
  3 42 0.203571
  4 42 0.992748
  5 42 0.453039
  6 42 0.366891
  7 42 -0.274289
  8 42 -0.50168
  9 42 -0.524398
  10 42 -0.364038
  11 42 -2.44352
  12 42 -0.713048
  13 42 -0.445391
  14 42 0.0332922
  15 42 0.179835
  16 42 -0.245574
  17 42 0.308868
  18 42 -0.334083
  19 42 0.0271655
  20 42 1.32489
7900 20 840
  1 42 0.19672
  2 42 -0.929081
  3 42 -0.0953953
  4 42 0.686951
  5 42 -0.934481
  6 42 0.322354
  7 42 -0.561952
  8 42 0.203418
  9 42 -0.480552
  10 42 -0.352856
  11 42 -2.20477
  12 42 -0.0624929
  13 42 0.0246446
  14 42 -0.182388
  15 42 0.832103
  16 42 0.165074
  17 42 -2.35544
  18 42 0.0721137
  19 42 -0.00996481
  20 42 -0.107394
8000 20 840
  1 42 -1.12483
  2 42 -0.362607
  3 42 0.171667
  4 42 -1.25579
  5 42 -1.19041
  6 42 -0.56798
  7 42 -0.542334
  8 42 -0.0885454
  9 42 -0.0706719
  10 42 0.72082
  11 42 -1.52685
  12 42 1.19285
  13 42 0.442674
  14 42 -0.530295
  15 42 -0.844152
  16 42 1.05829
  17 42 0.659312
  18 42 -0.441718
  19 42 0.629143
  20 42 0.44926
8100 20 840
  1 42 -0.685264
  2 42 -0.785225
  3 42 -1.09623
  4 42 0.448567
  5 42 -0.90082
  6 42 0.740305
  7 42 0.50506
  8 42 -0.316934
  9 42 -0.0951053
  10 42 -0.0444518
  11 42 -0.174071
  12 42 2.17443
  13 42 -1.10922
  14 42 -0.211845
  15 42 0.381423
  16 42 -0.930603
  17 42 0.0149918
  18 42 -2.59384
  19 42 -0.477012
  20 42 -1.01981
8200 20 840
  1 42 -1.7325
  2 42 -0.690296
  3 42 0.135719
  4 42 -0.500524
  5 42 0.317972
  6 42 0.159586
  7 42 -0.518414
  8 42 0.610999
  9 42 -0.963699
  10 42 1.70613
  11 42 0.29977
  12 42 -0.978425
  13 42 0.671403
  14 42 -0.782112
  15 42 -0.470982
  16 42 -2.31829
  17 42 2.85253
  18 42 -1.23635
  19 42 -2.01494
  20 42 1.33336
8300 20 840
  1 42 -0.808827
  2 42 0.588388
  3 42 0.835574
  4 42 -1.32886
  5 42 0.388323
  6 42 0.944707
  7 42 1.30446
  8 42 -0.862277
  9 42 -1.10908
  10 42 1.02622
  11 42 0.327932
  12 42 -0.706521
  13 42 -0.660967
  14 42 -0.831181
  15 42 0.271598
  16 42 -2.18968
  17 42 1.31304
  18 42 -1.7156
  19 42 -1.62979
  20 42 -0.68515
8400 20 840
  1 42 -1.2858
  2 42 -0.317537
  3 42 0.271139
  4 42 -0.800955
  5 42 0.108781
  6 42 1.33248
  7 42 -0.702141
  8 42 0.834473
  9 42 -0.395457
  10 42 -0.0230477
  11 42 0.173228
  12 42 -0.586577
  13 42 -0.617079
  14 42 -0.958415
  15 42 0.480292
  16 42 -1.9473
  17 42 1.06039
  18 42 -2.00401
  19 42 -0.786417
  20 42 -2.05191
8500 20 840
  1 42 -1.54399
  2 42 0.389378
  3 42 -0.222473
  4 42 -1.96571
  5 42 0.50644
  6 42 1.1839
  7 42 0.42519
  8 42 0.367928
  9 42 -0.215172
  10 42 -3.13201
  11 42 0.073543
  12 42 -0.347416
  13 42 1.21721
  14 42 0.959603
  15 42 -0.920411
  16 42 0.19813
  17 42 0.113701
  18 42 0.42438
  19 42 -0.0108796
  20 42 -1.8278
8600 20 840
  1 42 -0.851723
  2 42 0.878486
  3 42 -0.581025
  4 42 -0.887986
  5 42 0.642516
  6 42 -0.505343
  7 42 -0.143935
  8 42 -2.31843
  9 42 0.0219419
  10 42 -1.31238
  11 42 0.600513
  12 42 1.43682
  13 42 -0.373593
  14 42 1.43416
  15 42 -0.507442
  16 42 0.128469
  17 42 1.22861
  18 42 1.22005
  19 42 0.0759798
  20 42 -0.404359
8700 20 840
  1 42 -1.12373
  2 42 -0.0503965
  3 42 -0.962068
  4 42 1.04471
  5 42 0.185554
  6 42 -0.39998
  7 42 -0.939967
  8 42 -0.724398
  9 42 -0.576423
  10 42 -0.566956
  11 42 -0.494599
  12 42 -1.14392
  13 42 -1.23117
  14 42 0.929993
  15 42 -0.28169
  16 42 1.39681
  17 42 -0.829382
  18 42 1.08271
  19 42 -0.511862
  20 42 -0.524569
8800 20 840
  1 42 0.770757
  2 42 -1.02777
  3 42 0.719559
  4 42 -0.178806
  5 42 0.478007
  6 42 0.742531
  7 42 -1.01443
  8 42 0.495856
  9 42 -0.00154293
  10 42 -0.421365
  11 42 0.239192
  12 42 0.0901153
  13 42 -2.52317
  14 42 -0.982041
  15 42 -0.315416
  16 42 1.43295
  17 42 -0.406412
  18 42 0.373512
  19 42 -0.0879552
  20 42 0.883306
8900 20 840
  1 42 0.152699
  2 42 -0.535632
  3 42 -1.40359
  4 42 -1.40843
  5 42 -0.449058
  6 42 0.784664
  7 42 -0.151301
  8 42 -1.11412
  9 42 -0.55697
  10 42 0.175749
  11 42 -0.837146
  12 42 0.310242
  13 42 -0.490486
  14 42 -0.247269
  15 42 0.0464006
  16 42 -0.930176
  17 42 1.42566
  18 42 -0.914724
  19 42 -0.54489
  20 42 -0.203351
9000 20 840
  1 42 0.592017
  2 42 -1.05541
  3 42 -0.303924
  4 42 0.607866
  5 42 0.274433
  6 42 -0.940285
  7 42 1.00988
  8 42 -0.260836
  9 42 0.201411
  10 42 0.705352
  11 42 -0.424918
  12 42 -1.12331
  13 42 -0.31617
  14 42 0.648758
  15 42 -0.378991
  16 42 0.299727
  17 42 1.05907
  18 42 0.269908
  19 42 0.796174
  20 42 0.838597
9100 20 840
  1 42 -0.273563
  2 42 -0.946786
  3 42 -0.148461
  4 42 0.719929
  5 42 -2.45093
  6 42 -3.01899
  7 42 0.0869273
  8 42 -0.218918
  9 42 -1.43073
  10 42 0.154056
  11 42 0.460946
  12 42 -0.787439
  13 42 -1.02927
  14 42 -1.50545
  15 42 0.0156899
  16 42 0.171537
  17 42 2.32987
  18 42 -1.20272
  19 42 -0.304719
  20 42 -1.67092
9200 20 840
  1 42 0.366638
  2 42 -0.762661
  3 42 1.08835
  4 42 -1.93295
  5 42 0.15016
  6 42 1.20528
  7 42 0.174689
  8 42 0.937776
  9 42 -0.0865652
  10 42 1.37034
  11 42 -1.34735
  12 42 -1.37476
  13 42 0.214421
  14 42 -1.11653
  15 42 -0.974973
  16 42 -1.98272
  17 42 0.836289
  18 42 0.00669344
  19 42 -0.468971
  20 42 -0.55531
9300 20 840
  1 42 -0.604521
  2 42 -1.33397
  3 42 0.904759
  4 42 0.197883
  5 42 -1.56947
  6 42 2.39826
  7 42 -0.875628
  8 42 0.262957
  9 42 -0.584775
  10 42 0.620788
  11 42 1.2488
  12 42 0.330203
  13 42 -0.865142
  14 42 -1.32239
  15 42 -0.11603
  16 42 -2.73286
  17 42 1.43829
  18 42 -1.68299
  19 42 -0.15731
  20 42 -0.646125
9400 20 840
  1 42 -0.325628
  2 42 -1.30181
  3 42 -0.250083
  4 42 0.799008
  5 42 -1.84924
  6 42 1.7772
  7 42 -0.7697
  8 42 0.796937
  9 42 0.268783
  10 42 -0.0946661
  11 42 0.630862
  12 42 -0.610144
  13 42 0.713756
  14 42 0.0237091
  15 42 -0.311747
  16 42 -0.339608
  17 42 0.563107
  18 42 -0.185328
  19 42 0.041525
  20 42 -3.53148
9500 20 840
  1 42 -0.917526
  2 42 2.00696
  3 42 -0.221879
  4 42 -2.51847
  5 42 -0.350061
  6 42 0.855496
  7 42 -0.779737
  8 42 -0.724911
  9 42 0.0843287
  10 42 -0.53227
  11 42 0.0856913
  12 42 3.31042
  13 42 -0.451139
  14 42 0.71978
  15 42 0.292877
  16 42 -0.126278
  17 42 -0.0821386
  18 42 -1.54776
  19 42 0.607941
  20 42 -1.11931
9600 20 840
  1 42 0.478809
  2 42 -0.699667
  3 42 -0.297892
  4 42 1.20186
  5 42 1.08392
  6 42 0.544546
  7 42 -0.725218
  8 42 0.10466
  9 42 -0.857778
  10 42 -1.19322
  11 42 -1.95069
  12 42 0.776832
  13 42 -0.152655
  14 42 0.648117
  15 42 1.11858
  16 42 2.07547
  17 42 -0.576068
  18 42 -1.78023
  19 42 -0.0762461
  20 42 1.10837
9700 20 840
  1 42 -0.344859
  2 42 -2.05588
  3 42 0.317432
  4 42 -0.421608
  5 42 0.672935
  6 42 -0.181481
  7 42 -0.0767405
  8 42 -1.4382
  9 42 -0.370883
  10 42 -2.11004
  11 42 -2.59814
  12 42 0.935463
  13 42 -0.294906
  14 42 -0.147938
  15 42 -0.387349
  16 42 0.493695
  17 42 -0.600926
  18 42 -0.358185
  19 42 -0.919536
  20 42 -0.253866
9800 20 840
  1 42 0.420269
  2 42 1.10011
  3 42 0.162146
  4 42 -1.38716
  5 42 -0.0398077
  6 42 -1.03932
  7 42 0.31659
  8 42 -1.57465
  9 42 -0.285321
  10 42 0.0635036
  11 42 -2.0795
  12 42 0.0803476
  13 42 0.180335
  14 42 0.197665
  15 42 0.602886
  16 42 0.469626
  17 42 2.29363
  18 42 -0.633379
  19 42 -0.0962152
  20 42 0.377851
9900 20 840
  1 42 0.282547
  2 42 -1.94192
  3 42 -1.18577
  4 42 0.50224
  5 42 -0.292706
  6 42 -0.358791
  7 42 0.191612
  8 42 -0.0247234
  9 42 0.447258
  10 42 -1.62733
  11 42 -1.32506
  12 42 0.242929
  13 42 0.416088
  14 42 1.59126
  15 42 0.300131
  16 42 0.440399
  17 42 0.17381
  18 42 -1.19882
  19 42 0.119005
  20 42 -1.56712
10000 20 840
  1 42 -0.223413
  2 42 0.898052
  3 42 -0.9794
  4 42 -2.74079
  5 42 1.44245
  6 42 0.299691
  7 42 0.543545
  8 42 1.09195
  9 42 1.02351
  10 42 0.0503721
  11 42 -1.66909
  12 42 0.301851
  13 42 -2.34892
  14 42 -0.366898
  15 42 -0.675999
  16 42 -0.28869
  17 42 0.545765
  18 42 1.20394
  19 42 0.0618554
  20 42 2.09509
