# Chunk-averaged data for fix sternForces and group all
# Timestep Number-of-chunks Total-count
# Chunk Ncount c_sternComp
0 20 840
  1 42 -0.106806
  2 42 -0.106806
  3 42 -0.106806
  4 42 -0.106806
  5 42 -0.106806
  6 42 -0.106806
  7 42 -0.106806
  8 42 -0.106806
  9 42 -0.106806
  10 42 -0.106806
  11 42 -0.106806
  12 42 -0.106806
  13 42 -0.106806
  14 42 -0.106806
  15 42 -0.106806
  16 42 -0.106806
  17 42 -0.106806
  18 42 -0.106806
  19 42 -0.106806
  20 42 -0.106806
100 20 840
  1 42 -0.646438
  2 42 -1.2108
  3 42 1.74953
  4 42 0.59757
  5 42 -1.34917
  6 42 -1.04211
  7 42 -0.194839
  8 42 2.68788
  9 42 -0.904329
  10 42 0.306919
  11 42 1.02243
  12 42 1.65124
  13 42 0.283718
  14 42 -0.282255
  15 42 0.854115
  16 42 1.73587
  17 42 -1.09702
  18 42 -0.0238669
  19 42 -1.26818
  20 42 -1.72612
200 20 840
  1 42 1.76125
  2 42 -1.17928
  3 42 1.38498
  4 42 -1.16304
  5 42 -1.07524
  6 42 0.0530361
  7 42 1.33513
  8 42 1.73874
  9 42 -0.0185538
  10 42 -0.318479
  11 42 -1.56808
  12 42 -1.41156
  13 42 2.83925
  14 42 -0.727161
  15 42 -1.87747
  16 42 -2.96999
  17 42 1.84847
  18 42 1.09812
  19 42 0.393192
  20 42 -1.81604
300 20 840
  1 42 0.0405798
  2 42 1.44144
  3 42 2.69944
  4 42 -1.29179
  5 42 2.76175
  6 42 0.60773
  7 42 1.70821
  8 42 -1.28594
  9 42 1.19398
  10 42 -1.6311
  11 42 -0.708137
  12 42 -1.35735
  13 42 -0.77993
  14 42 0.193852
  15 42 0.487345
  16 42 2.00452
  17 42 -0.896011
  18 42 -0.897834
  19 42 -1.81112
  20 42 1.20104
400 20 840
  1 42 0.732722
  2 42 0.684963
  3 42 2.0872
  4 42 -2.25674
  5 42 1.17592
  6 42 0.915895
  7 42 2.25358
  8 42 -0.241967
  9 42 -0.736961
  10 42 -1.59926
  11 42 0.740444
  12 42 -0.209753
  13 42 0.448909
  14 42 -0.272982
  15 42 -0.222646
  16 42 -0.175946
  17 42 -1.1167
  18 42 -1.37241
  19 42 0.436844
  20 42 0.880521
500 20 840
  1 42 1.44719
  2 42 -1.28822
  3 42 -0.375167
  4 42 -0.774547
  5 42 -2.16711
  6 42 1.00986
  7 42 3.27971
  8 42 1.23124
  9 42 3.12404
  10 42 -1.31429
  11 42 0.992151
  12 42 -0.740927
  13 42 0.0981416
  14 42 0.0179492
  15 42 1.26865
  16 42 -0.212539
  17 42 0.31694
  18 42 0.384776
  19 42 4.22843
  20 42 -1.19395
600 20 840
  1 42 -0.473598
  2 42 -0.0340542
  3 42 1.62016
  4 42 -2.2172
  5 42 1.03276
  6 42 1.02038
  7 42 0.739531
  8 42 -0.767963
  9 42 0.133133
  10 42 -2.82496
  11 42 -2.192
  12 42 1.65703
  13 42 -0.446081
  14 42 -0.20284
  15 42 0.991574
  16 42 0.0638484
  17 42 1.30328
  18 42 -1.20038
  19 42 1.842
  20 42 -3.01476
700 20 840
  1 42 -0.881385
  2 42 0.552859
  3 42 -0.0206566
  4 42 1.44618
  5 42 0.124536
  6 42 1.09292
  7 42 0.34854
  8 42 -0.245819
  9 42 -1.15065
  10 42 -0.548843
  11 42 -1.3864
  12 42 1.85043
  13 42 1.18017
  14 42 -0.00309296
  15 42 -1.59021
  16 42 0.136803
  17 42 -1.80419
  18 42 0.522038
  19 42 3.74611
  20 42 -2.52052
800 20 840
  1 42 -0.307064
  2 42 3.94822
  3 42 -0.808554
  4 42 0.788621
  5 42 0.613474
  6 42 2.28279
  7 42 -0.721747
  8 42 -1.03412
  9 42 -2.64759
  10 42 2.57187
  11 42 -3.42559
  12 42 -0.175667
  13 42 -1.17552
  14 42 -0.736415
  15 42 -0.149456
  16 42 2.21488
  17 42 -1.00324
  18 42 -0.78918
  19 42 -4.91171
  20 42 3.34333
900 20 840
  1 42 0.935463
  2 42 2.10594
  3 42 -0.378305
  4 42 0.313602
  5 42 -1.41505
  6 42 0.00861398
  7 42 -1.16524
  8 42 0.299547
  9 42 -1.37786
  10 42 -1.57423
  11 42 -1.75324
  12 42 1.55256
  13 42 -1.11345
  14 42 0.179529
  15 42 0.566792
  16 42 0.152724
  17 42 -1.53398
  18 42 1.78919
  19 42 -2.43253
  20 42 0.00214848
1000 20 840
  1 42 -1.93852
  2 42 -0.732731
  3 42 1.61312
  4 42 -0.362708
  5 42 1.56188
  6 42 -0.269198
  7 42 -0.875165
  8 42 0.118411
  9 42 -0.463859
  10 42 -1.90418
  11 42 0.342423
  12 42 2.69123
  13 42 -1.19399
  14 42 0.292072
  15 42 -1.41554
  16 42 1.14526
  17 42 1.5905
  18 42 -1.10542
  19 42 1.79291
  20 42 0.628654
1100 20 840
  1 42 -1.26842
  2 42 0.628783
  3 42 -1.35554
  4 42 1.17768
  5 42 -0.486735
  6 42 2.72936
  7 42 -2.33877
  8 42 -0.904671
  9 42 -0.667707
  10 42 0.25592
  11 42 -0.431066
  12 42 2.21433
  13 42 -1.3845
  14 42 2.69211
  15 42 0.902788
  16 42 -1.46601
  17 42 0.660929
  18 42 -0.0421667
  19 42 1.18469
  20 42 -0.375762
1200 20 840
  1 42 -2.6169
  2 42 -1.95049
  3 42 -1.43171
  4 42 0.265869
  5 42 -2.11341
  6 42 -0.313402
  7 42 -0.523599
  8 42 -0.924
  9 42 3.37023
  10 42 0.31465
  11 42 -2.80272
  12 42 -0.928472
  13 42 0.465677
  14 42 -0.532145
  15 42 -1.13527
  16 42 1.09397
  17 42 0.817563
  18 42 -0.500647
  19 42 0.234075
  20 42 -0.454456
1300 20 840
  1 42 -1.59883
  2 42 0.0533907
  3 42 -1.7291
  4 42 -2.85201
  5 42 1.09199
  6 42 -3.83669
  7 42 -0.139745
  8 42 -0.622832
  9 42 0.0749254
  10 42 1.85865
  11 42 0.502822
  12 42 -0.602927
  13 42 -1.53054
  14 42 -3.36465
  15 42 2.0749
  16 42 -1.82593
  17 42 -1.76555
  18 42 0.462818
  19 42 4.63403
  20 42 -0.189491
1400 20 840
  1 42 -1.17072
  2 42 -1.14408
  3 42 0.515812
  4 42 1.68548
  5 42 -1.10463
  6 42 -1.87161
  7 42 0.800525
  8 42 -0.767602
  9 42 -1.23385
  10 42 -0.647756
  11 42 0.35139
  12 42 -2.72123
  13 42 0.450633
  14 42 -3.06769
  15 42 0.660823
  16 42 -0.40456
  17 42 -1.19572
  18 42 -2.66963
  19 42 -2.6807
  20 42 -1.99975
1500 20 840
  1 42 0.351979
  2 42 -1.01818
  3 42 -1.49163
  4 42 -0.56001
  5 42 -1.74576
  6 42 -0.20212
  7 42 -2.09175
  8 42 1.60741
  9 42 0.511063
  10 42 -0.641231
  11 42 -0.540476
  12 42 -1.04301
  13 42 0.996297
  14 42 0.636374
  15 42 -0.316007
  16 42 -2.43363
  17 42 -1.45385
  18 42 -0.990658
  19 42 1.1685
  20 42 0.213486
1600 20 840
  1 42 1.5567
  2 42 -2.42285
  3 42 1.70206
  4 42 0.403788
  5 42 2.47943
  6 42 -2.0951
  7 42 0.166216
  8 42 -0.700329
  9 42 4.45235
  10 42 -0.14823
  11 42 2.94374
  12 42 -1.89759
  13 42 -1.91028
  14 42 -0.566948
  15 42 -0.930083
  16 42 0.965093
  17 42 -0.473759
  18 42 -1.33677
  19 42 -1.94972
  20 42 1.59261
1700 20 840
  1 42 0.762706
  2 42 -3.11844
  3 42 -1.86107
  4 42 -1.54361
  5 42 -2.37814
  6 42 -0.460312
  7 42 -0.0812947
  8 42 2.27788
  9 42 1.32624
  10 42 -1.28113
  11 42 1.0136
  12 42 -1.91585
  13 42 0.423869
  14 42 0.0235016
  15 42 -2.67192
  16 42 -1.3605
  17 42 1.99277
  18 42 1.24855
  19 42 -3.71375
  20 42 -0.109417
1800 20 840
  1 42 4.31231
  2 42 -0.755711
  3 42 0.194417
  4 42 -0.903638
  5 42 -0.293507
  6 42 1.09048
  7 42 -1.3489
  8 42 0.853041
  9 42 -0.918592
  10 42 0.258443
  11 42 1.27148
  12 42 -2.37574
  13 42 -2.88294
  14 42 -0.881522
  15 42 -1.7246
  16 42 0.707708
  17 42 0.286482
  18 42 1.35548
  19 42 -0.977418
  20 42 -0.222437
1900 20 840
  1 42 0.488344
  2 42 0.993295
  3 42 2.06276
  4 42 0.692856
  5 42 0.896637
  6 42 -0.780109
  7 42 -1.0153
  8 42 0.745987
  9 42 0.853321
  10 42 -0.201759
  11 42 0.487624
  12 42 -1.26966
  13 42 1.9532
  14 42 -0.805211
  15 42 -0.385286
  16 42 1.17774
  17 42 -0.589992
  18 42 0.750751
  19 42 1.9244
  20 42 -0.434195
2000 20 840
  1 42 -0.625608
  2 42 -0.096329
  3 42 0.855869
  4 42 2.38673
  5 42 -1.11586
  6 42 -0.13907
  7 42 -3.09728
  8 42 -2.3353
  9 42 -2.10081
  10 42 2.39997
  11 42 -2.66443
  12 42 -2.01627
  13 42 0.749519
  14 42 0.0118324
  15 42 -3.07156
  16 42 -1.74286
  17 42 -0.0815963
  18 42 1.71409
  19 42 0.864302
  20 42 -2.59837
2100 20 840
  1 42 1.55381
  2 42 -0.0204107
  3 42 1.25198
  4 42 -1.77022
  5 42 0.416772
  6 42 0.543129
  7 42 -0.0660038
  8 42 0.922653
  9 42 -0.738961
  10 42 0.483547
  11 42 0.809913
  12 42 2.24957
  13 42 -0.748748
  14 42 -0.744344
  15 42 1.20248
  16 42 0.513297
  17 42 1.59837
  18 42 0.637314
  19 42 1.89242
  20 42 -1.51581
2200 20 840
  1 42 0.760015
  2 42 0.108968
  3 42 -0.222948
  4 42 -1.96654
  5 42 -1.69502
  6 42 -0.0534135
  7 42 -2.99149
  8 42 -0.396423
  9 42 0.3714
  10 42 -1.4114
  11 42 1.83659
  12 42 1.21261
  13 42 -1.09211
  14 42 -0.108851
  15 42 -0.194586
  16 42 -0.273931
  17 42 -0.399796
  18 42 0.129517
  19 42 -2.10576
  20 42 0.326385
2300 20 840
  1 42 -1.06492
  2 42 2.57433
  3 42 1.4126
  4 42 -1.63371
  5 42 2.7003
  6 42 -0.729672
  7 42 1.36033
  8 42 -1.61977
  9 42 -1.41243
  10 42 -1.50003
  11 42 1.29103
  12 42 -1.92335
  13 42 -2.00515
  14 42 0.50017
  15 42 1.08547
  16 42 1.81528
  17 42 -3.89911
  18 42 -2.23437
  19 42 -3.19522
  20 42 6.16271
2400 20 840
  1 42 1.29441
  2 42 1.62863
  3 42 0.493355
  4 42 0.345752
  5 42 0.158898
  6 42 0.0389007
  7 42 -3.06732
  8 42 -1.88632
  9 42 -1.11506
  10 42 -2.21728
  11 42 0.370343
  12 42 0.727157
  13 42 1.48946
  14 42 0.953188
  15 42 0.925013
  16 42 -1.64591
  17 42 -0.182067
  18 42 -2.39992
  19 42 -0.985609
  20 42 0.352401
2500 20 840
  1 42 -4.44689
  2 42 0.219359
  3 42 0.684224
  4 42 -0.673292
  5 42 -2.83337
  6 42 -1.23895
  7 42 2.7728
  8 42 -0.214691
  9 42 -1.38444
  10 42 0.424072
  11 42 -1.53809
  12 42 2.16824
  13 42 1.78511
  14 42 -0.320098
  15 42 -0.141976
  16 42 -0.248059
  17 42 -1.54581
  18 42 -1.15867
  19 42 0.780601
  20 42 -1.5301
2600 20 840
  1 42 -3.02295
  2 42 -2.40917
  3 42 2.49111
  4 42 -0.47448
  5 42 -1.00401
  6 42 -2.45912
  7 42 1.67997
  8 42 1.20863
  9 42 2.51541
  10 42 1.41065
  11 42 -1.61354
  12 42 -0.607223
  13 42 -0.693233
  14 42 -1.47841
  15 42 1.00467
  16 42 0.0632207
  17 42 0.577185
  18 42 -0.682597
  19 42 0.489231
  20 42 -0.296667
2700 20 840
  1 42 1.6925
  2 42 1.57829
  3 42 0.399687
  4 42 0.462859
  5 42 -0.252004
  6 42 -0.989664
  7 42 1.72374
  8 42 -1.50865
  9 42 3.04109
  10 42 2.33118
  11 42 -1.16617
  12 42 0.0531793
  13 42 0.754647
  14 42 1.19269
  15 42 1.44989
  16 42 -1.42773
  17 42 0.242268
  18 42 1.77938
  19 42 2.38872
  20 42 -1.10324
2800 20 840
  1 42 -1.78126
  2 42 0.184917
  3 42 0.348469
  4 42 -0.560002
  5 42 2.7453
  6 42 -0.414258
  7 42 3.97331
  8 42 -0.913493
  9 42 0.00941221
  10 42 -1.40124
  11 42 -1.33229
  12 42 0.397763
  13 42 -0.082688
  14 42 0.818109
  15 42 0.0924481
  16 42 0.671993
  17 42 -0.343088
  18 42 -1.9991
  19 42 -0.230708
  20 42 2.51168
2900 20 840
  1 42 0.676142
  2 42 1.19383
  3 42 0.0229298
  4 42 0.561833
  5 42 0.372417
  6 42 3.93371
  7 42 0.496023
  8 42 2.49771
  9 42 0.116474
  10 42 -3.75588
  11 42 0.214768
  12 42 0.571346
  13 42 0.893883
  14 42 1.68074
  15 42 -0.485409
  16 42 -0.724099
  17 42 1.39878
  18 42 -1.18709
  19 42 1.57384
  20 42 -0.422843
3000 20 840
  1 42 0.950755
  2 42 -2.06635
  3 42 -3.53371
  4 42 -0.644557
  5 42 -1.92358
  6 42 0.966207
  7 42 0.825261
  8 42 2.14098
  9 42 3.94455
  10 42 -2.57677
  11 42 -0.190648
  12 42 -0.121468
  13 42 -0.0977431
  14 42 -1.62191
  15 42 -3.00387
  16 42 0.257141
  17 42 -0.0147241
  18 42 0.866818
  19 42 -1.65868
  20 42 -0.211509
3100 20 840
  1 42 -0.615619
  2 42 0.254585
  3 42 0.741689
  4 42 0.271489
  5 42 1.11373
  6 42 -0.185727
  7 42 0.954918
  8 42 0.347673
  9 42 -3.84489
  10 42 0.558669
  11 42 -2.05046
  12 42 0.465961
  13 42 -1.14793
  14 42 -1.9881
  15 42 -1.57501
  16 42 0.889836
  17 42 -0.309289
  18 42 1.09903
  19 42 -3.26395
  20 42 -0.476549
3200 20 840
  1 42 1.0257
  2 42 -0.161025
  3 42 -1.73785
  4 42 2.84363
  5 42 -0.95621
  6 42 4.23784
  7 42 -2.3679
  8 42 -0.0560187
  9 42 -1.22536
  10 42 0.892811
  11 42 -1.04007
  12 42 -0.293938
  13 42 1.98096
  14 42 0.107984
  15 42 -2.43052
  16 42 -1.03078
  17 42 0.542156
  18 42 -1.29657
  19 42 2.51594
  20 42 1.26021
3300 20 840
  1 42 -1.20208
  2 42 0.584509
  3 42 0.856747
  4 42 -2.91956
  5 42 0.0865324
  6 42 -0.970095
  7 42 2.08092
  8 42 -0.00077121
  9 42 -2.48064
  10 42 -1.97166
  11 42 -0.0566012
  12 42 -0.417002
  13 42 -0.463748
  14 42 -2.17526
  15 42 -0.126305
  16 42 -0.678424
  17 42 1.55444
  18 42 -0.00242535
  19 42 0.585155
  20 42 0.843371
3400 20 840
  1 42 2.13088
  2 42 -1.2104
  3 42 1.09058
  4 42 0.641186
  5 42 -0.182198
  6 42 -0.185746
  7 42 -1.9117
  8 42 -0.888925
  9 42 1.9513
  10 42 -1.99231
  11 42 1.48532
  12 42 1.12787
  13 42 -1.63201
  14 42 -1.40476
  15 42 1.3467
  16 42 -1.05543
  17 42 -0.0957695
  18 42 0.39193
  19 42 3.94867
  20 42 -1.46497
3500 20 840
  1 42 -1.68068
  2 42 -2.90509
  3 42 1.25207
  4 42 0.778088
  5 42 -2.48077
  6 42 -1.40358
  7 42 -1.1866
  8 42 1.6741
  9 42 0.0631717
  10 42 0.790915
  11 42 -0.0664354
  12 42 -0.567183
  13 42 0.564996
  14 42 1.35046
  15 42 -1.87204
  16 42 0.579588
  17 42 2.08887
  18 42 -1.38259
  19 42 0.469303
  20 42 1.70374
3600 20 840
  1 42 -0.410745
  2 42 -0.418429
  3 42 -1.34977
  4 42 -0.562737
  5 42 -0.131509
  6 42 1.04362
  7 42 1.65428
  8 42 -2.06046
  9 42 -1.62319
  10 42 -1.66227
  11 42 -1.71233
  12 42 0.421542
  13 42 -1.75135
  14 42 1.00247
  15 42 -2.46254
  16 42 -0.621671
  17 42 -0.768347
  18 42 0.368501
  19 42 -1.2448
  20 42 -1.50532
3700 20 840
  1 42 -1.81864
  2 42 0.130925
  3 42 2.24181
  4 42 -2.48485
  5 42 1.56698
  6 42 -1.24012
  7 42 -1.644
  8 42 0.0879607
  9 42 0.0355551
  10 42 -3.01808
  11 42 -0.0866874
  12 42 0.40569
  13 42 -0.503158
  14 42 -0.338511
  15 42 -0.480301
  16 42 0.999399
  17 42 0.0415906
  18 42 -1.39723
  19 42 -2.87651
  20 42 -1.73419
3800 20 840
  1 42 0.596141
  2 42 -1.08969
  3 42 -0.608531
  4 42 2.65966
  5 42 -1.97323
  6 42 -2.77678
  7 42 -2.47948
  8 42 1.23326
  9 42 -2.05984
  10 42 2.72574
  11 42 -1.28322
  12 42 -1.37757
  13 42 -1.65029
  14 42 -1.47234
  15 42 1.51367
  16 42 -1.2612
  17 42 -4.06013
  18 42 -1.24955
  19 42 0.135342
  20 42 -0.0256095
3900 20 840
  1 42 -1.4738
  2 42 -0.773711
  3 42 3.59876
  4 42 0.714148
  5 42 1.04987
  6 42 -0.759196
  7 42 -1.53622
  8 42 1.08492
  9 42 2.06877
  10 42 -0.213484
  11 42 -4.00825
  12 42 1.08761
  13 42 0.128151
  14 42 0.279149
  15 42 1.22548
  16 42 1.79066
  17 42 -1.50955
  18 42 -2.56777
  19 42 -1.47571
  20 42 0.799064
4000 20 840
  1 42 -0.263955
  2 42 -0.462125
  3 42 -3.78317
  4 42 -0.699497
  5 42 -1.05829
  6 42 -0.905148
  7 42 -4.0713
  8 42 -0.606742
  9 42 5.30614
  10 42 -0.244244
  11 42 0.621995
  12 42 2.01655
  13 42 -0.837032
  14 42 0.905501
  15 42 0.0908217
  16 42 -2.47374
  17 42 1.07168
  18 42 -1.09076
  19 42 4.48614
  20 42 -0.383691
4100 20 840
  1 42 -3.2571
  2 42 -1.2779
  3 42 1.98364
  4 42 -1.06359
  5 42 4.97357
  6 42 0.115764
  7 42 2.36916
  8 42 -0.879157
  9 42 0.759887
  10 42 1.86792
  11 42 -2.21173
  12 42 -1.39411
  13 42 -1.25432
  14 42 -0.00787836
  15 42 0.144367
  16 42 1.74154
  17 42 0.671046
  18 42 1.22279
  19 42 0.905517
  20 42 0.974332
4200 20 840
  1 42 0.0254651
  2 42 -1.82463
  3 42 -2.16316
  4 42 0.783442
  5 42 -2.13654
  6 42 -0.149326
  7 42 -2.97331
  8 42 1.27987
  9 42 2.01461
  10 42 1.30324
  11 42 -0.0865805
  12 42 -0.516628
  13 42 -1.69144
  14 42 0.0430381
  15 42 -0.368582
  16 42 0.52038
  17 42 2.157
  18 42 1.13512
  19 42 -0.837857
  20 42 -1.58917
4300 20 840
  1 42 2.02119
  2 42 1.441
  3 42 2.80379
  4 42 -2.70773
  5 42 1.86246
  6 42 0.523314
  7 42 -0.758863
  8 42 0.410085
  9 42 -0.085793
  10 42 0.248605
  11 42 -1.74441
  12 42 0.842151
  13 42 -1.03405
  14 42 -0.311409
  15 42 -0.548339
  16 42 -0.162104
  17 42 1.06624
  18 42 2.01988
  19 42 1.32263
  20 42 -0.00751105
4400 20 840
  1 42 -0.967358
  2 42 0.215499
  3 42 2.16191
  4 42 2.79945
  5 42 1.30463
  6 42 0.122624
  7 42 -2.91239
  8 42 -0.312858
  9 42 -1.03425
  10 42 -1.03691
  11 42 -0.929037
  12 42 -0.506836
  13 42 -0.481814
  14 42 0.661156
  15 42 -2.65344
  16 42 -0.437858
  17 42 1.6692
  18 42 0.378636
  19 42 -2.41287
  20 42 0.130137
4500 20 840
  1 42 2.32867
  2 42 1.18226
  3 42 1.82893
  4 42 1.99276
  5 42 -2.66718
  6 42 1.24444
  7 42 -4.00436
  8 42 -1.17651
  9 42 -0.189177
  10 42 1.89203
  11 42 2.59016
  12 42 -0.653632
  13 42 -2.128
  14 42 -1.34195
  15 42 -0.661438
  16 42 -1.2242
  17 42 0.425099
  18 42 1.61492
  19 42 -4.43563
  20 42 0.9179
4600 20 840
  1 42 3.42064
  2 42 -1.32451
  3 42 2.29836
  4 42 -3.04011
  5 42 1.046
  6 42 1.60085
  7 42 -0.213118
  8 42 0.492111
  9 42 2.3722
  10 42 -2.73926
  11 42 2.42976
  12 42 0.240545
  13 42 0.168654
  14 42 -1.68921
  15 42 1.72877
  16 42 1.00774
  17 42 0.167693
  18 42 0.791907
  19 42 0.925497
  20 42 0.310927
4700 20 840
  1 42 0.106994
  2 42 -0.618082
  3 42 5.02324
  4 42 -0.251307
  5 42 -0.108751
  6 42 1.32632
  7 42 -0.132621
  8 42 -1.44111
  9 42 -0.854407
  10 42 -2.92845
  11 42 1.87999
  12 42 -1.77183
  13 42 2.03204
  14 42 -0.36747
  15 42 0.00981121
  16 42 -0.903154
  17 42 0.781324
  18 42 2.1389
  19 42 1.05895
  20 42 -1.03871
4800 20 840
  1 42 0.0172138
  2 42 0.443665
  3 42 1.08148
  4 42 2.141
  5 42 1.62982
  6 42 -1.18473
  7 42 1.64269
  8 42 -2.12745
  9 42 -0.273997
  10 42 0.0242492
  11 42 2.5091
  12 42 -1.89333
  13 42 0.0331899
  14 42 -1.14342
  15 42 -0.304665
  16 42 -1.08614
  17 42 -1.1624
  18 42 -1.52145
  19 42 2.44881
  20 42 -0.688663
4900 20 840
  1 42 -0.696868
  2 42 -1.46685
  3 42 1.10568
  4 42 0.495708
  5 42 -1.7525
  6 42 -1.08318
  7 42 2.00858
  8 42 -0.20746
  9 42 -0.674662
  10 42 0.653935
  11 42 -0.713944
  12 42 0.29618
  13 42 1.01369
  14 42 -0.522215
  15 42 0.43915
  16 42 -0.226151
  17 42 -0.224006
  18 42 1.57847
  19 42 1.54997
  20 42 -3.5514
5000 20 840
  1 42 -1.51235
  2 42 -1.35747
  3 42 -1.43036
  4 42 0.368787
  5 42 -5.88844
  6 42 -0.20963
  7 42 1.45707
  8 42 0.341581
  9 42 1.06677
  10 42 -0.924484
  11 42 -1.90254
  12 42 -0.863927
  13 42 -0.191806
  14 42 -0.503522
  15 42 -1.50241
  16 42 -0.242446
  17 42 -2.19979
  18 42 -0.510618
  19 42 -4.0692
  20 42 0.75167
5100 20 840
  1 42 0.783097
  2 42 -2.75444
  3 42 -1.17937
  4 42 -1.24066
  5 42 -1.05473
  6 42 -2.48427
  7 42 2.48901
  8 42 0.51435
  9 42 -1.29356
  10 42 -1.7416
  11 42 -0.833559
  12 42 1.14239
  13 42 -0.95863
  14 42 0.0649936
  15 42 -0.146993
  16 42 -0.0515681
  17 42 0.627057
  18 42 -0.0272727
  19 42 -0.81031
  20 42 -0.681754
5200 20 840
  1 42 0.958593
  2 42 0.783288
  3 42 -1.24309
  4 42 0.899173
  5 42 0.789371
  6 42 0.211923
  7 42 -0.940815
  8 42 -1.05064
  9 42 -0.259527
  10 42 -0.750069
  11 42 -1.52379
  12 42 1.29158
  13 42 0.69696
  14 42 2.3667
  15 42 -0.131602
  16 42 -0.157575
  17 42 0.803176
  18 42 -2.93574
  19 42 -0.110758
  20 42 1.28167
5300 20 840
  1 42 -2.95523
  2 42 0.641733
  3 42 -3.40839
  4 42 2.75195
  5 42 -3.28815
  6 42 0.579816
  7 42 -2.51913
  8 42 -0.97795
  9 42 1.32726
  10 42 -0.503379
  11 42 -1.38796
  12 42 -0.175067
  13 42 0.959622
  14 42 0.726013
  15 42 -1.08752
  16 42 0.5616
  17 42 -0.851858
  18 42 -2.59632
  19 42 -2.61646
  20 42 2.25463
5400 20 840
  1 42 -1.82863
  2 42 0.829548
  3 42 -2.79099
  4 42 -1.27636
  5 42 -0.132557
  6 42 -0.381318
  7 42 1.83072
  8 42 -1.71561
  9 42 -1.73307
  10 42 -1.58407
  11 42 -1.66106
  12 42 1.55353
  13 42 -1.43401
  14 42 -0.404441
  15 42 -2.92275
  16 42 0.694865
  17 42 0.381767
  18 42 -1.15019
  19 42 2.44979
  20 42 -0.747806
5500 20 840
  1 42 -2.21438
  2 42 -0.564758
  3 42 -1.89804
  4 42 -2.6655
  5 42 -3.14304
  6 42 -2.12056
  7 42 -0.590965
  8 42 -2.0724
  9 42 -1.25188
  10 42 -1.16907
  11 42 -3.06088
  12 42 1.19077
  13 42 -1.83584
  14 42 -0.972253
  15 42 -0.317565
  16 42 0.248551
  17 42 0.713251
  18 42 -0.273583
  19 42 -0.11274
  20 42 -1.9427
5600 20 840
  1 42 -1.53539
  2 42 2.35697
  3 42 -0.390206
  4 42 0.219071
  5 42 -0.177288
  6 42 -0.535578
  7 42 0.211004
  8 42 -2.20856
  9 42 -1.68864
  10 42 3.03288
  11 42 -3.04369
  12 42 -0.341346
  13 42 -0.325439
  14 42 -0.58705
  15 42 0.325825
  16 42 -0.548641
  17 42 1.39684
  18 42 -1.99308
  19 42 0.901569
  20 42 -0.341085
5700 20 840
  1 42 -1.31752
  2 42 2.61163
  3 42 2.75797
  4 42 -1.80657
  5 42 5.16577
  6 42 -0.388403
  7 42 -2.19441
  8 42 -0.18031
  9 42 2.37304
  10 42 -1.99221
  11 42 0.116521
  12 42 -0.397107
  13 42 -0.425596
  14 42 0.223455
  15 42 0.805637
  16 42 -1.88333
  17 42 0.217833
  18 42 -1.41281
  19 42 1.7608
  20 42 1.37378
5800 20 840
  1 42 -0.400595
  2 42 0.832459
  3 42 1.23511
  4 42 -2.92371
  5 42 -1.1652
  6 42 -4.03688
  7 42 0.383067
  8 42 -0.0970247
  9 42 0.307086
  10 42 -3.79388
  11 42 1.30901
  12 42 -0.116177
  13 42 -0.786969
  14 42 -2.20636
  15 42 -0.447046
  16 42 -0.613035
  17 42 0.376915
  18 42 -2.24325
  19 42 -4.01617
  20 42 -1.10897
5900 20 840
  1 42 0.0486713
  2 42 -1.53873
  3 42 2.64111
  4 42 -0.754331
  5 42 -0.134271
  6 42 1.88577
  7 42 -1.84585
  8 42 0.100922
  9 42 0.454299
  10 42 -1.53501
  11 42 -1.26946
  12 42 -0.928759
  13 42 0.073893
  14 42 -0.0404324
  15 42 0.172286
  16 42 0.484729
  17 42 -0.973947
  18 42 -0.277514
  19 42 -0.409866
  20 42 1.48897
6000 20 840
  1 42 0.261939
  2 42 -2.25696
  3 42 0.860506
  4 42 0.125002
  5 42 -0.251426
  6 42 -0.493571
  7 42 0.421482
  8 42 0.147562
  9 42 -0.237044
  10 42 -0.766609
  11 42 1.18712
  12 42 -1.88925
  13 42 0.668692
  14 42 -0.957262
  15 42 -2.18482
  16 42 0.894297
  17 42 -1.23381
  18 42 -0.711683
  19 42 -1.77045
  20 42 1.16628
6100 20 840
  1 42 1.43293
  2 42 -0.630981
  3 42 1.09344
  4 42 -1.4546
  5 42 4.11569
  6 42 1.23055
  7 42 0.555144
  8 42 -1.84159
  9 42 0.183517
  10 42 -1.77692
  11 42 0.385448
  12 42 0.984836
  13 42 1.31719
  14 42 -0.188584
  15 42 1.57861
  16 42 -1.04145
  17 42 -0.495676
  18 42 0.251117
  19 42 2.28896
  20 42 -1.42241
6200 20 840
  1 42 0.674072
  2 42 -1.67557
  3 42 4.62063
  4 42 0.693585
  5 42 1.6246
  6 42 0.724231
  7 42 0.464581
  8 42 1.60095
  9 42 -1.25586
  10 42 -0.0764779
  11 42 -0.862435
  12 42 -1.3265
  13 42 -1.22779
  14 42 -1.79338
  15 42 0.815382
  16 42 -1.55759
  17 42 0.982457
  18 42 -0.634609
  19 42 3.52019
  20 42 -1.08133
6300 20 840
  1 42 0.957289
  2 42 -0.173617
  3 42 -0.633596
  4 42 0.867492
  5 42 -2.27868
  6 42 0.409809
  7 42 -1.24901
  8 42 1.758
  9 42 1.50048
  10 42 1.17262
  11 42 1.1009
  12 42 -0.10037
  13 42 -0.512052
  14 42 -1.58334
  15 42 0.0499743
  16 42 -0.919869
  17 42 -1.66195
  18 42 -0.836458
  19 42 -0.102231
  20 42 -1.27625
6400 20 840
  1 42 0.877624
  2 42 1.54107
  3 42 3.27896
  4 42 -0.654646
  5 42 0.794934
  6 42 0.775361
  7 42 -0.285182
  8 42 -0.189606
  9 42 4.38688
  10 42 -2.47958
  11 42 -0.0496874
  12 42 0.529213
  13 42 -2.00155
  14 42 0.254832
  15 42 -0.824623
  16 42 1.13059
  17 42 -2.5527
  18 42 0.394915
  19 42 -2.20625
  20 42 -0.827731
6500 20 840
  1 42 0.138173
  2 42 -0.355495
  3 42 -0.208678
  4 42 1.08593
  5 42 -1.69644
  6 42 1.48804
  7 42 -3.17482
  8 42 0.899599
  9 42 1.67195
  10 42 0.700041
  11 42 1.18939
  12 42 -1.56933
  13 42 -0.317159
  14 42 0.500095
  15 42 -2.57495
  16 42 -1.45849
  17 42 0.563765
  18 42 0.543189
  19 42 -0.719093
  20 42 2.05199
6600 20 840
  1 42 -0.814798
  2 42 0.372024
  3 42 1.52257
  4 42 1.59949
  5 42 -0.510532
  6 42 0.761477
  7 42 -1.89739
  8 42 1.02349
  9 42 -2.87769
  10 42 1.19935
  11 42 0.31228
  12 42 0.488593
  13 42 -0.960667
  14 42 0.811691
  15 42 0.201033
  16 42 1.00486
  17 42 -0.95011
  18 42 0.307237
  19 42 -3.22287
  20 42 -0.703034
6700 20 840
  1 42 0.316351
  2 42 -3.28631
  3 42 0.683177
  4 42 -0.397426
  5 42 -4.57039
  6 42 -2.1783
  7 42 -0.793711
  8 42 1.98037
  9 42 2.44128
  10 42 2.27255
  11 42 0.518672
  12 42 0.659202
  13 42 -1.88375
  14 42 -1.78122
  15 42 -0.269713
  16 42 -0.465457
  17 42 1.68711
  18 42 1.12887
  19 42 0.540565
  20 42 0.781847
6800 20 840
  1 42 -0.0037724
  2 42 0.105089
  3 42 0.862545
  4 42 -0.111897
  5 42 -2.54919
  6 42 -1.09066
  7 42 -1.58518
  8 42 -0.662616
  9 42 1.8365
  10 42 2.64434
  11 42 -0.565648
  12 42 -1.69305
  13 42 -0.258726
  14 42 -0.521459
  15 42 0.411771
  16 42 -0.64614
  17 42 -0.493111
  18 42 2.40599
  19 42 -0.942327
  20 42 3.37716
6900 20 840
  1 42 -4.03761
  2 42 -1.02506
  3 42 0.531301
  4 42 2.22026
  5 42 -0.670734
  6 42 -1.20386
  7 42 -0.68626
  8 42 -2.16761
  9 42 0.629101
  10 42 0.407927
  11 42 -0.351652
  12 42 -0.0606629
  13 42 -1.86162
  14 42 -0.98029
  15 42 0.611999
  16 42 0.591128
  17 42 0.804681
  18 42 -1.8184
  19 42 0.0597252
  20 42 1.22088
7000 20 840
  1 42 -1.28559
  2 42 -0.191671
  3 42 1.9747
  4 42 -3.77776
  5 42 0.107872
  6 42 0.512541
  7 42 -0.161421
  8 42 -1.65943
  9 42 1.96146
  10 42 -1.21264
  11 42 0.465532
  12 42 0.0660003
  13 42 -0.214926
  14 42 -1.7948
  15 42 0.717704
  16 42 -0.441961
  17 42 0.597208
  18 42 0.0812172
  19 42 3.08035
  20 42 -0.255769
7100 20 840
  1 42 1.19766
  2 42 -1.52006
  3 42 -1.60645
  4 42 0.192801
  5 42 0.576995
  6 42 0.029758
  7 42 1.59175
  8 42 -1.84164
  9 42 3.49708
  10 42 -2.13654
  11 42 -0.0521044
  12 42 -1.7964
  13 42 1.09707
  14 42 -0.766514
  15 42 1.66917
  16 42 -0.93169
  17 42 1.25681
  18 42 -0.347766
  19 42 1.16492
  20 42 -0.113234
7200 20 840
  1 42 -1.03918
  2 42 -0.473133
  3 42 1.34885
  4 42 -0.0450316
  5 42 3.66753
  6 42 -1.93468
  7 42 2.60458
  8 42 -0.878506
  9 42 -2.58313
  10 42 -0.925633
  11 42 -0.228493
  12 42 -1.76646
  13 42 -0.738859
  14 42 0.739652
  15 42 -0.536362
  16 42 1.05565
  17 42 -0.391158
  18 42 -0.281102
  19 42 -1.69524
  20 42 0.765116
7300 20 840
  1 42 2.96414
  2 42 0.543482
  3 42 -3.76378
  4 42 1.15466
  5 42 0.719502
  6 42 1.98323
  7 42 -0.523568
  8 42 -1.77823
  9 42 1.11733
  10 42 -0.588091
  11 42 0.604785
  12 42 1.02083
  13 42 0.114658
  14 42 -0.98483
  15 42 -1.71006
  16 42 -0.599248
  17 42 -1.52304
  18 42 -0.822012
  19 42 -2.34659
  20 42 -2.04716
7400 20 840
  1 42 0.532018
  2 42 2.61442
  3 42 1.12514
  4 42 -0.367752
  5 42 -1.38219
  6 42 1.96825
  7 42 1.12782
  8 42 0.0114898
  9 42 0.847589
  10 42 -2.38863
  11 42 -2.53291
  12 42 1.30475
  13 42 1.58009
  14 42 -0.22758
  15 42 -0.567005
  16 42 1.43757
  17 42 0.297173
  18 42 0.590135
  19 42 -2.16888
  20 42 -0.618395
7500 20 840
  1 42 0.221395
  2 42 -0.298127
  3 42 1.34457
  4 42 1.39087
  5 42 -1.22284
  6 42 0.0766103
  7 42 -0.301895
  8 42 0.693888
  9 42 -0.145267
  10 42 -2.25009
  11 42 -0.355851
  12 42 -0.836922
  13 42 0.344981
  14 42 -0.405176
  15 42 -1.61001
  16 42 -0.144422
  17 42 0.105403
  18 42 -0.375167
  19 42 1.06398
  20 42 -1.17958
7600 20 840
  1 42 2.66243
  2 42 0.28
  3 42 2.55968
  4 42 -0.587249
  5 42 2.01345
  6 42 -1.47821
  7 42 -0.618181
  8 42 -0.217659
  9 42 -1.49058
  10 42 -0.320061
  11 42 0.240841
  12 42 2.12869
  13 42 1.55539
  14 42 -0.104999
  15 42 0.523939
  16 42 -1.56304
  17 42 3.64699
  18 42 0.459251
  19 42 3.72818
  20 42 -5.78912
7700 20 840
  1 42 -1.91664
  2 42 3.1386
  3 42 3.00327
  4 42 0.90597
  5 42 -0.578305
  6 42 5.68076
  7 42 -1.10013
  8 42 -0.643592
  9 42 -0.0841685
  10 42 -1.68266
  11 42 -2.44683
  12 42 0.560298
  13 42 0.753359
  14 42 0.955389
  15 42 -0.165554
  16 42 -0.927056
  17 42 3.11953
  18 42 -1.68392
  19 42 -0.364848
  20 42 0.175787
7800 20 840
  1 42 -1.38897
  2 42 1.21995
  3 42 1.19743
  4 42 -0.31275
  5 42 -2.28844
  6 42 0.069594
  7 42 1.40369
  8 42 0.906303
  9 42 0.172032
  10 42 -0.999995
  11 42 1.52449
  12 42 -0.255516
  13 42 -1.98045
  14 42 0.411053
  15 42 -1.34224
  16 42 0.979669
  17 42 -2.83019
  18 42 -1.34342
  19 42 0.792162
  20 42 1.30922
7900 20 840
  1 42 -0.974274
  2 42 0.530751
  3 42 0.361495
  4 42 0.332692
  5 42 0.483389
  6 42 -0.938055
  7 42 -1.83408
  8 42 -0.59956
  9 42 -1.32821
  10 42 -0.915785
  11 42 -0.658835
  12 42 2.43386
  13 42 -0.541258
  14 42 -0.183343
  15 42 1.37085
  16 42 -0.158739
  17 42 0.529356
  18 42 -3.12157
  19 42 -0.238686
  20 42 -1.14682
8000 20 840
  1 42 -0.321019
  2 42 -1.42594
  3 42 1.33739
  4 42 0.411017
  5 42 -1.63174
  6 42 -0.507831
  7 42 -1.98532
  8 42 0.784823
  9 42 -5.0702
  10 42 -1.20013
  11 42 -1.88828
  12 42 0.683692
  13 42 -0.261836
  14 42 -0.208811
  15 42 2.42405
  16 42 -1.09409
  17 42 -0.990664
  18 42 -1.15528
  19 42 -0.142706
  20 42 0.382411
8100 20 840
  1 42 -3.2107
  2 42 0.363002
  3 42 1.01399
  4 42 0.586055
  5 42 1.3398
  6 42 0.48293
  7 42 -3.77914
  8 42 0.448695
  9 42 0.939666
  10 42 -0.0306246
  11 42 1.12257
  12 42 0.240306
  13 42 0.800519
  14 42 -0.691116
  15 42 -0.512357
  16 42 0.0132077
  17 42 2.05419
  18 42 -4.64223
  19 42 -0.625707
  20 42 1.32058
8200 20 840
  1 42 -1.89051
  2 42 -0.101108
  3 42 2.02846
  4 42 0.54753
  5 42 2.4603
  6 42 -2.22356
  7 42 0.70647
  8 42 -0.532328
  9 42 1.96264
  10 42 -1.39376
  11 42 0.123791
  12 42 0.514673
  13 42 -3.29369
  14 42 -1.91583
  15 42 2.19221
  16 42 -0.285369
  17 42 -3.03934
  18 42 0.721365
  19 42 -0.175594
  20 42 0.908261
8300 20 840
  1 42 -2.64661
  2 42 -3.54865
  3 42 0.817629
  4 42 -0.698573
  5 42 -3.50543
  6 42 -1.8451
  7 42 -1.121
  8 42 0.00713185
  9 42 2.3283
  10 42 1.61848
  11 42 -1.45117
  12 42 -2.81356
  13 42 0.0601655
  14 42 -1.63543
  15 42 -1.07736
  16 42 1.94972
  17 42 1.82256
  18 42 -0.849115
  19 42 -2.25544
  20 42 1.5993
8400 20 840
  1 42 0.0120813
  2 42 -0.296525
  3 42 -0.0961298
  4 42 0.533274
  5 42 0.880064
  6 42 1.51934
  7 42 -1.14585
  8 42 0.507873
  9 42 1.28882
  10 42 -1.23101
  11 42 -0.890598
  12 42 0.236258
  13 42 0.257926
  14 42 2.02017
  15 42 0.640711
  16 42 -0.927202
  17 42 -0.0345147
  18 42 1.31608
  19 42 5.10531
  20 42 -1.61832
8500 20 840
  1 42 -1.47729
  2 42 -2.84623
  3 42 1.14285
  4 42 -0.56132
  5 42 3.52481
  6 42 -2.57407
  7 42 2.90839
  8 42 0.620405
  9 42 1.56371
  10 42 0.342054
  11 42 -0.281585
  12 42 -0.545323
  13 42 -0.754378
  14 42 0.121703
  15 42 -2.75358
  16 42 -0.320328
  17 42 0.986407
  18 42 0.00415642
  19 42 -0.424793
  20 42 0.252948
8600 20 840
  1 42 2.06078
  2 42 1.0531
  3 42 -2.658
  4 42 0.0805133
  5 42 0.758102
  6 42 2.70442
  7 42 -1.71063
  8 42 1.7051
  9 42 0.887701
  10 42 1.27016
  11 42 -0.721092
  12 42 -1.04206
  13 42 -0.555407
  14 42 0.102376
  15 42 -0.845328
  16 42 -2.60507
  17 42 0.666437
  18 42 3.04802
  19 42 -2.06666
  20 42 -0.804
8700 20 840
  1 42 1.84467
  2 42 -0.596867
  3 42 0.375973
  4 42 0.451348
  5 42 -0.0213806
  6 42 -0.0578733
  7 42 -1.30739
  8 42 1.40597
  9 42 1.60335
  10 42 0.329269
  11 42 -0.636326
  12 42 -1.25536
  13 42 -3.32628
  14 42 -2.56002
  15 42 -1.82635
  16 42 0.960916
  17 42 0.413342
  18 42 0.908871
  19 42 -3.37938
  20 42 2.90095
8800 20 840
  1 42 1.70622
  2 42 -0.707834
  3 42 -1.5202
  4 42 -2.06519
  5 42 -0.391392
  6 42 0.248568
  7 42 -1.79914
  8 42 0.0929553
  9 42 2.2868
  10 42 -3.28933
  11 42 1.67228
  12 42 0.682847
  13 42 0.683856
  14 42 -0.871293
  15 42 -3.92169
  16 42 0.676131
  17 42 -1.36221
  18 42 0.991007
  19 42 -0.941093
  20 42 0.547524
8900 20 840
  1 42 3.21569
  2 42 -0.159365
  3 42 3.80065
  4 42 2.71097
  5 42 -1.52059
  6 42 1.23784
  7 42 -2.36148
  8 42 -2.40541
  9 42 0.380459
  10 42 -1.7508
  11 42 0.735572
  12 42 -0.298153
  13 42 -0.556893
  14 42 0.78358
  15 42 -1.10624
  16 42 -1.5198
  17 42 0.161128
  18 42 0.393944
  19 42 0.26577
  20 42 1.42636
9000 20 840
  1 42 -1.26417
  2 42 -0.896526
  3 42 0.121752
  4 42 -1.29003
  5 42 -0.225206
  6 42 -3.21236
  7 42 -1.17482
  8 42 0.511236
  9 42 -0.415136
  10 42 2.862
  11 42 2.42797
  12 42 -0.568631
  13 42 0.152212
  14 42 1.01654
  15 42 0.808034
  16 42 -0.693804
  17 42 1.65087
  18 42 -0.297224
  19 42 2.07552
  20 42 0.524693
9100 20 840
  1 42 -0.00480493
  2 42 -2.28096
  3 42 3.15291
  4 42 -2.11951
  5 42 0.0143224
  6 42 -1.86755
  7 42 0.137384
  8 42 -1.05657
  9 42 1.77709
  10 42 0.650877
  11 42 2.39987
  12 42 0.809101
  13 42 -0.940932
  14 42 -1.71378
  15 42 -1.72781
  16 42 -0.356404
  17 42 0.603509
  18 42 0.969371
  19 42 -0.367834
  20 42 -2.97859
9200 20 840
  1 42 0.887444
  2 42 -0.755635
  3 42 2.46792
  4 42 -3.65743
  5 42 1.41758
  6 42 -2.99451
  7 42 1.99112
  8 42 0.652437
  9 42 0.139757
  10 42 -0.355177
  11 42 3.23127
  12 42 0.918587
  13 42 -0.403355
  14 42 0.273362
  15 42 0.0560786
  16 42 0.157404
  17 42 1.29124
  18 42 0.069016
  19 42 0.190352
  20 42 0.882713
9300 20 840
  1 42 -0.356061
  2 42 1.17798
  3 42 3.05023
  4 42 -0.127111
  5 42 -0.0272458
  6 42 -0.881953
  7 42 -1.06254
  8 42 -2.09669
  9 42 -2.49368
  10 42 0.280063
  11 42 0.871111
  12 42 -0.848327
  13 42 0.0863676
  14 42 -0.14634
  15 42 -1.36703
  16 42 0.559801
  17 42 -3.22486
  18 42 0.764953
  19 42 -1.83547
  20 42 -0.290786
9400 20 840
  1 42 -1.1145
  2 42 -0.089112
  3 42 1.72041
  4 42 -0.711969
  5 42 0.567351
  6 42 -1.57092
  7 42 -1.14506
  8 42 -0.736286
  9 42 -0.715963
  10 42 -2.12266
  11 42 0.634362
  12 42 1.49646
  13 42 -0.255827
  14 42 -0.287978
  15 42 0.414556
  16 42 0.597965
  17 42 -2.10153
  18 42 -3.96465
  19 42 0.165529
  20 42 -0.287426
9500 20 840
  1 42 -0.279827
  2 42 -0.962219
  3 42 -0.799009
  4 42 -1.45308
  5 42 -1.52556
  6 42 0.71206
  7 42 0.722845
  8 42 -0.58669
  9 42 0.659216
  10 42 -1.25909
  11 42 0.523752
  12 42 0.401799
  13 42 2.07691
  14 42 0.198995
  15 42 -0.929926
  16 42 0.12878
  17 42 1.272
  18 42 -0.779234
  19 42 0.0400646
  20 42 2.27623
9600 20 840
  1 42 -0.789972
  2 42 -1.15815
  3 42 -3.98803
  4 42 -0.417359
  5 42 -0.346892
  6 42 -1.03792
  7 42 2.47673
  8 42 -1.52474
  9 42 -1.18207
  10 42 -0.145988
  11 42 -0.987618
  12 42 -1.58766
  13 42 -0.794245
  14 42 -0.326313
  15 42 -0.949613
  16 42 -0.67284
  17 42 -1.70075
  18 42 -0.531548
  19 42 -1.0565
  20 42 1.60985
9700 20 840
  1 42 -1.84107
  2 42 1.12481
  3 42 -1.42368
  4 42 1.44936
  5 42 1.32793
  6 42 -1.74828
  7 42 -0.992005
  8 42 -1.34116
  9 42 1.06191
  10 42 1.44189
  11 42 -1.03634
  12 42 0.46716
  13 42 -0.341071
  14 42 -0.683054
  15 42 0.00232164
  16 42 1.68243
  17 42 -0.896886
  18 42 -1.43272
  19 42 -0.434735
  20 42 0.842842
9800 20 840
  1 42 0.824178
  2 42 1.61288
  3 42 -3.7663
  4 42 1.04302
  5 42 -0.721798
  6 42 1.16906
  7 42 0.120074
  8 42 0.314456
  9 42 2.1262
  10 42 -1.09968
  11 42 -3.88082
  12 42 -0.53119
  13 42 2.51393
  14 42 0.29044
  15 42 -0.771144
  16 42 -0.984374
  17 42 -0.655257
  18 42 -0.0454044
  19 42 2.75028
  20 42 -1.39436
9900 20 840
  1 42 -2.63421
  2 42 0.933908
  3 42 0.388523
  4 42 -0.242897
  5 42 -0.0773607
  6 42 0.144991
  7 42 -0.378184
  8 42 1.62158
  9 42 -1.08009
  10 42 -3.80876
  11 42 -4.32558
  12 42 0.658576
  13 42 0.0506346
  14 42 0.600928
  15 42 -2.6094
  16 42 0.349809
  17 42 2.3684
  18 42 -0.135815
  19 42 0.109167
  20 42 -0.861111
10000 20 840
  1 42 1.34201
  2 42 -1.04655
  3 42 -1.28044
  4 42 1.35074
  5 42 0.60037
  6 42 -1.68402
  7 42 -0.766351
  8 42 1.43755
  9 42 -0.845538
  10 42 -0.205998
  11 42 0.793249
  12 42 0.572928
  13 42 -1.32961
  14 42 0.0751397
  15 42 -0.0169255
  16 42 -0.999441
  17 42 1.42794
  18 42 0.287208
  19 42 -1.16912
  20 42 -1.64963
