# Chunk-averaged data for fix sternForces and group all
# Timestep Number-of-chunks Total-count
# Chunk Ncount c_sternComp
0 20 840
  1 42 -0.163569
  2 42 -0.163569
  3 42 -0.163569
  4 42 -0.163569
  5 42 -0.163569
  6 42 -0.163569
  7 42 -0.163569
  8 42 -0.163569
  9 42 -0.163569
  10 42 -0.163569
  11 42 -0.163569
  12 42 -0.163569
  13 42 -0.163569
  14 42 -0.163569
  15 42 -0.163569
  16 42 -0.163569
  17 42 -0.163569
  18 42 -0.163569
  19 42 -0.163569
  20 42 -0.163569
100 20 840
  1 42 0.255329
  2 42 0.072036
  3 42 -0.580638
  4 42 -0.795813
  5 42 -0.106909
  6 42 0.339809
  7 42 -0.427065
  8 42 0.902906
  9 42 1.32255
  10 42 -0.303376
  11 42 -0.440169
  12 42 0.0293144
  13 42 1.31783
  14 42 0.471301
  15 42 -1.1488
  16 42 -0.457562
  17 42 0.190136
  18 42 0.838628
  19 42 -0.286576
  20 42 1.25981
200 20 840
  1 42 -0.200238
  2 42 0.353167
  3 42 0.0302063
  4 42 -0.668021
  5 42 -0.11009
  6 42 -0.504234
  7 42 1.34033
  8 42 0.159688
  9 42 0.372063
  10 42 0.81543
  11 42 -0.614704
  12 42 -0.647459
  13 42 -1.27122
  14 42 -0.585904
  15 42 0.948889
  16 42 -0.513259
  17 42 -0.223167
  18 42 -0.147284
  19 42 1.54518
  20 42 0.352343
300 20 840
  1 42 0.180992
  2 42 -0.861957
  3 42 -2.23868
  4 42 -0.339387
  5 42 -2.82313
  6 42 0.218714
  7 42 -1.60266
  8 42 0.845993
  9 42 -1.28347
  10 42 2.04236
  11 42 -0.101608
  12 42 -0.541687
  13 42 1.29404
  14 42 0.145722
  15 42 -1.26405
  16 42 -1.37904
  17 42 1.26733
  18 42 0.762625
  19 42 1.10538
  20 42 -0.557834
400 20 840
  1 42 -0.142761
  2 42 -0.28857
  3 42 -0.215982
  4 42 0.980501
  5 42 0.219135
  6 42 -0.548481
  7 42 -0.2983
  8 42 0.519122
  9 42 -0.314098
  10 42 -0.301385
  11 42 0.371459
  12 42 -0.992931
  13 42 -0.0420824
  14 42 -0.890627
  15 42 -0.254659
  16 42 -1.56979
  17 42 0.89381
  18 42 0.248476
  19 42 0.423196
  20 42 -0.228796
500 20 840
  1 42 -1.57215
  2 42 0.229314
  3 42 -1.50395
  4 42 0.750082
  5 42 0.367624
  6 42 -1.70049
  7 42 -1.76767
  8 42 -0.0877755
  9 42 -1.65411
  10 42 1.31206
  11 42 0.0979247
  12 42 1.38158
  13 42 -1.37558
  14 42 -0.548123
  15 42 -0.402116
  16 42 -0.0712993
  17 42 -0.36131
  18 42 -0.699838
  19 42 -1.02254
  20 42 0.64722
600 20 840
  1 42 -1.27965
  2 42 -1.3044
  3 42 0.0837393
  4 42 0.00575381
  5 42 -2.19265
  6 42 -0.683061
  7 42 -0.0790736
  8 42 1.12909
  9 42 -0.78884
  10 42 -0.724629
  11 42 -0.406277
  12 42 -0.307394
  13 42 0.457323
  14 42 -0.839724
  15 42 -0.458076
  16 42 0.432651
  17 42 -1.84923
  18 42 0.429189
  19 42 -0.108268
  20 42 0.728882
700 20 840
  1 42 -1.62396
  2 42 0.0469541
  3 42 1.29008
  4 42 -0.208689
  5 42 -0.792225
  6 42 -1.78039
  7 42 -0.558814
  8 42 -0.0932876
  9 42 0.208861
  10 42 -1.18066
  11 42 -0.280445
  12 42 -0.697915
  13 42 -0.209086
  14 42 -1.36355
  15 42 0.797438
  16 42 0.741102
  17 42 -0.139538
  18 42 -1.09205
  19 42 -1.92191
  20 42 0.0197971
800 20 840
  1 42 -0.46854
  2 42 -0.93352
  3 42 -1.49038
  4 42 -0.872414
  5 42 1.89812
  6 42 -0.0923134
  7 42 0.551807
  8 42 -1.64084
  9 42 0.421715
  10 42 0.310957
  11 42 -0.932272
  12 42 0.129929
  13 42 -0.00676352
  14 42 0.981265
  15 42 -2.12409
  16 42 0.534018
  17 42 -0.955825
  18 42 -0.0271806
  19 42 -0.564351
  20 42 -0.340872
900 20 840
  1 42 -0.451564
  2 42 -0.935334
  3 42 0.716517
  4 42 -0.369463
  5 42 1.57243
  6 42 0.353394
  7 42 0.928138
  8 42 -0.642715
  9 42 -0.475765
  10 42 -0.495928
  11 42 -0.258998
  12 42 0.158372
  13 42 0.0675996
  14 42 -0.135377
  15 42 -1.06925
  16 42 1.10563
  17 42 1.30928
  18 42 -1.11578
  19 42 1.03969
  20 42 -0.119969
1000 20 840
  1 42 0.36609
  2 42 0.613234
  3 42 -0.0115512
  4 42 0.172776
  5 42 -0.677494
  6 42 0.759323
  7 42 -0.135708
  8 42 -0.0123211
  9 42 -0.208592
  10 42 0.35344
  11 42 -0.217765
  12 42 -0.595678
  13 42 -0.0290644
  14 42 -0.336726
  15 42 -0.120341
  16 42 0.201531
  17 42 -1.5684
  18 42 -1.07094
  19 42 -0.869598
  20 42 -0.25531
1100 20 840
  1 42 0.752127
  2 42 0.397798
  3 42 -0.215964
  4 42 -1.58592
  5 42 1.04437
  6 42 -0.403834
  7 42 0.179497
  8 42 -0.586529
  9 42 0.037683
  10 42 -0.369098
  11 42 1.70336
  12 42 0.220368
  13 42 -0.377034
  14 42 0.274494
  15 42 -0.740972
  16 42 0.189466
  17 42 -0.866576
  18 42 1.05122
  19 42 0.0210368
  20 42 0.632467
1200 20 840
  1 42 0.671144
  2 42 0.106502
  3 42 0.31027
  4 42 -0.540082
  5 42 2.04708
  6 42 0.562236
  7 42 -1.00949
  8 42 -0.571277
  9 42 -1.31796
  10 42 -0.329751
  11 42 0.361223
  12 42 0.481479
  13 42 -0.305103
  14 42 0.291246
  15 42 0.262102
  16 42 0.115633
  17 42 -0.297518
  18 42 1.51978
  19 42 1.21369
  20 42 -0.491264
1300 20 840
  1 42 0.263314
  2 42 -1.42361
  3 42 -0.230667
  4 42 1.19147
  5 42 -1.30622
  6 42 0.0671049
  7 42 -1.51576
  8 42 -0.125907
  9 42 0.354643
  10 42 0.927566
  11 42 0.149091
  12 42 0.310285
  13 42 -0.470436
  14 42 -1.68823
  15 42 -1.44168
  16 42 -0.572293
  17 42 -1.73218
  18 42 0.37378
  19 42 -0.756461
  20 42 -1.05661
1400 20 840
  1 42 -0.170544
  2 42 -0.141958
  3 42 0.600334
  4 42 -1.23927
  5 42 -1.5092
  6 42 -0.683569
  7 42 -0.133822
  8 42 0.972423
  9 42 -1.51329
  10 42 -0.207221
  11 42 0.969819
  12 42 0.482858
  13 42 -1.41526
  14 42 -1.45678
  15 42 1.4374
  16 42 -0.807462
  17 42 -0.46629
  18 42 0.260815
  19 42 1.15639
  20 42 -1.94274
1500 20 840
  1 42 0.40128
  2 42 -0.318426
  3 42 -1.43463
  4 42 -1.16963
  5 42 0.204058
  6 42 -0.165832
  7 42 -0.125865
  8 42 0.939688
  9 42 -0.492012
  10 42 0.830048
  11 42 0.895899
  12 42 -0.845797
  13 42 1.22767
  14 42 0.794961
  15 42 -0.827752
  16 42 -0.982468
  17 42 -0.18092
  18 42 -0.51103
  19 42 0.527965
  20 42 -0.0282045
1600 20 840
  1 42 -1.4352
  2 42 0.316691
  3 42 -1.38654
  4 42 -0.0564346
  5 42 -1.6719
  6 42 -2.25267
  7 42 0.272096
  8 42 -0.591325
  9 42 -0.239833
  10 42 0.801196
  11 42 -0.841165
  12 42 -1.02406
  13 42 0.564162
  14 42 1.12569
  15 42 -0.546288
  16 42 -0.390081
  17 42 -1.11991
  18 42 -1.85329
  19 42 -0.762913
  20 42 1.85296
1700 20 840
  1 42 0.529975
  2 42 0.633259
  3 42 0.393402
  4 42 -1.03107
  5 42 -1.81711
  6 42 -0.235787
  7 42 0.812481
  8 42 -0.664934
  9 42 -0.78618
  10 42 0.369564
  11 42 0.933059
  12 42 0.566445
  13 42 -0.0646841
  14 42 0.884551
  15 42 1.59488
  16 42 1.4322
  17 42 0.336079
  18 42 -1.52156
  19 42 0.378591
  20 42 0.689968
1800 20 840
  1 42 -0.921016
  2 42 -1.00067
  3 42 0.239149
  4 42 0.071199
  5 42 -1.95965
  6 42 -1.53458
  7 42 -0.332978
  8 42 -0.0297633
  9 42 0.752071
  10 42 -0.299336
  11 42 -1.82525
  12 42 0.227763
  13 42 -0.133396
  14 42 0.123598
  15 42 0.750018
  16 42 -0.0675256
  17 42 0.0922913
  18 42 -0.27047
  19 42 0.27546
  20 42 -0.00127607
1900 20 840
  1 42 0.96343
  2 42 -0.154393
  3 42 0.200298
  4 42 0.714595
  5 42 0.766679
  6 42 0.903073
  7 42 1.16615
  8 42 -0.425148
  9 42 -0.26023
  10 42 -1.4719
  11 42 -1.7322
  12 42 0.247157
  13 42 -1.58887
  14 42 -0.20036
  15 42 -0.146686
  16 42 -1.50893
  17 42 -0.0775475
  18 42 -0.932039
  19 42 -0.383466
  20 42 -0.864138
2000 20 840
  1 42 -0.24065
  2 42 -0.814155
  3 42 -0.45756
  4 42 0.513185
  5 42 0.686388
  6 42 0.698515
  7 42 -0.20591
  8 42 -0.0758327
  9 42 0.609707
  10 42 -1.8135
  11 42 -2.40213
  12 42 0.689451
  13 42 0.61462
  14 42 0.6992
  15 42 -0.182322
  16 42 2.12564
  17 42 0.411546
  18 42 2.23745
  19 42 -1.45096
  20 42 0.431445
2100 20 840
  1 42 0.480028
  2 42 0.275943
  3 42 -0.562055
  4 42 0.225115
  5 42 -0.13498
  6 42 -2.08274
  7 42 -0.737318
  8 42 -0.217024
  9 42 0.54448
  10 42 -0.0628334
  11 42 0.368305
  12 42 0.196078
  13 42 -1.55201
  14 42 -0.51994
  15 42 -0.584531
  16 42 -0.851855
  17 42 -0.170447
  18 42 0.813788
  19 42 -2.04857
  20 42 -0.0574704
2200 20 840
  1 42 -0.577201
  2 42 -0.0511747
  3 42 0.781514
  4 42 0.815059
  5 42 0.332347
  6 42 -1.45202
  7 42 0.314857
  8 42 -0.315004
  9 42 0.985103
  10 42 0.255324
  11 42 -1.13307
  12 42 -1.46561
  13 42 -1.75418
  14 42 -0.20555
  15 42 0.0723548
  16 42 -1.7362
  17 42 -0.418254
  18 42 0.993127
  19 42 0.363251
  20 42 -0.352093
2300 20 840
  1 42 0.483107
  2 42 0.599144
  3 42 0.635417
  4 42 -0.307824
  5 42 0.186988
  6 42 -0.0553506
  7 42 -1.72602
  8 42 -0.0821256
  9 42 0.495205
  10 42 1.04237
  11 42 2.65386
  12 42 0.0214039
  13 42 0.292028
  14 42 1.05982
  15 42 -1.129
  16 42 -0.625356
  17 42 0.852561
  18 42 0.0944636
  19 42 -0.330296
  20 42 -0.0897328
2400 20 840
  1 42 0.371117
  2 42 0.808318
  3 42 -0.210741
  4 42 0.229296
  5 42 1.6299
  6 42 -0.41114
  7 42 0.352274
  8 42 -0.233232
  9 42 -1.42135
  10 42 -0.393681
  11 42 -0.163102
  12 42 -0.523478
  13 42 0.203388
  14 42 -0.181836
  15 42 0.730186
  16 42 0.115639
  17 42 -0.762193
  18 42 -1.10498
  19 42 0.22581
  20 42 -1.69031
2500 20 840
  1 42 0.513184
  2 42 -0.364993
  3 42 -0.256716
  4 42 -0.116703
  5 42 -0.331778
  6 42 -1.41211
  7 42 -0.747757
  8 42 -0.137182
  9 42 0.188029
  10 42 1.25055
  11 42 0.557294
  12 42 -0.752964
  13 42 0.168582
  14 42 -0.784407
  15 42 -0.191544
  16 42 0.816965
  17 42 0.0713124
  18 42 0.0376029
  19 42 0.0247386
  20 42 1.14507
2600 20 840
  1 42 1.17949
  2 42 -0.557015
  3 42 1.05186
  4 42 -1.10429
  5 42 -0.0697435
  6 42 0.321602
  7 42 0.361068
  8 42 0.34734
  9 42 -0.193024
  10 42 -2.27197
  11 42 2.22892
  12 42 -0.0243306
  13 42 -1.06721
  14 42 -0.09347
  15 42 -0.483499
  16 42 0.685079
  17 42 -2.84825
  18 42 -1.08173
  19 42 0.880959
  20 42 1.2898
2700 20 840
  1 42 -1.43511
  2 42 -0.436352
  3 42 -0.351363
  4 42 -0.476479
  5 42 -0.409739
  6 42 1.17279
  7 42 -1.11373
  8 42 -1.21846
  9 42 -0.582667
  10 42 -0.115222
  11 42 -0.609591
  12 42 0.791592
  13 42 -0.452075
  14 42 -0.262474
  15 42 -0.135723
  16 42 1.01758
  17 42 -1.05503
  18 42 -0.47322
  19 42 -0.137929
  20 42 -0.0716313
2800 20 840
  1 42 0.349112
  2 42 -0.250036
  3 42 -1.25627
  4 42 -0.338861
  5 42 -1.9748
  6 42 0.761895
  7 42 -0.0950952
  8 42 -0.501743
  9 42 0.265354
  10 42 0.670924
  11 42 -0.591588
  12 42 -0.0686945
  13 42 -0.330814
  14 42 0.232031
  15 42 0.073492
  16 42 -1.12302
  17 42 -1.09022
  18 42 0.129138
  19 42 -0.122538
  20 42 -1.11635
2900 20 840
  1 42 -0.224657
  2 42 -0.0742212
  3 42 0.0885138
  4 42 -0.62259
  5 42 0.0807499
  6 42 -1.28646
  7 42 0.193418
  8 42 1.04211
  9 42 -0.55101
  10 42 -0.0696182
  11 42 0.177694
  12 42 -0.957199
  13 42 -0.246308
  14 42 -0.187713
  15 42 -0.0610989
  16 42 0.372441
  17 42 0.0647565
  18 42 -1.20939
  19 42 0.552204
  20 42 -0.551517
3000 20 840
  1 42 -0.0757881
  2 42 1.34552
  3 42 -0.581271
  4 42 -0.392981
  5 42 0.327464
  6 42 0.65796
  7 42 -0.0297158
  8 42 -0.407236
  9 42 -0.627572
  10 42 0.960682
  11 42 -2.35817
  12 42 -0.537145
  13 42 0.0713778
  14 42 0.106325
  15 42 0.119299
  16 42 -0.624201
  17 42 -1.66846
  18 42 1.53894
  19 42 0.0708961
  20 42 -0.928752
3100 20 840
  1 42 0.273234
  2 42 -0.0886118
  3 42 -0.394228
  4 42 0.0219327
  5 42 -0.39207
  6 42 0.183812
  7 42 0.652534
  8 42 -1.44094
  9 42 -0.377204
  10 42 0.846907
  11 42 -0.118993
  12 42 0.797021
  13 42 0.254104
  14 42 0.58429
  15 42 -0.577561
  16 42 -0.260472
  17 42 -0.229032
  18 42 0.523135
  19 42 0.914517
  20 42 -0.697964
3200 20 840
  1 42 -1.87032
  2 42 -0.131436
  3 42 0.0353515
  4 42 -0.406647
  5 42 0.955626
  6 42 -1.16413
  7 42 0.940561
  8 42 0.490558
  9 42 -0.308646
  10 42 0.400994
  11 42 -0.201912
  12 42 0.27895
  13 42 0.122788
  14 42 -0.194194
  15 42 -0.444939
  16 42 1.80761
  17 42 -0.487216
  18 42 0.965026
  19 42 0.905115
  20 42 -0.948203
3300 20 840
  1 42 -0.00661748
  2 42 0.657856
  3 42 -0.0757048
  4 42 0.661984
  5 42 0.51972
  6 42 -0.689031
  7 42 -0.239198
  8 42 0.00172888
  9 42 0.170379
  10 42 0.90341
  11 42 1.98215
  12 42 0.837512
  13 42 -0.429357
  14 42 -0.28477
  15 42 -1.13855
  16 42 -1.34765
  17 42 -0.00613041
  18 42 -0.364176
  19 42 -0.974194
  20 42 -1.18781
3400 20 840
  1 42 -1.37872
  2 42 0.257035
  3 42 0.703902
  4 42 0.850446
  5 42 0.750149
  6 42 1.80744
  7 42 -0.461149
  8 42 0.410795
  9 42 -0.847865
  10 42 -1.15452
  11 42 0.286642
  12 42 -0.540316
  13 42 0.0387806
  14 42 -0.626846
  15 42 0.212347
  16 42 1.29656
  17 42 0.00403046
  18 42 -0.71803
  19 42 -0.0711073
  20 42 -0.392678
3500 20 840
  1 42 -0.942537
  2 42 -0.276101
  3 42 0.67865
  4 42 -0.465848
  5 42 0.346865
  6 42 0.214675
  7 42 -1.27485
  8 42 -0.633882
  9 42 -0.399624
  10 42 0.256
  11 42 1.48782
  12 42 0.457954
  13 42 -0.379488
  14 42 -0.276274
  15 42 -0.988605
  16 42 1.65654
  17 42 -1.82363
  18 42 -0.787657
  19 42 -0.595628
  20 42 1.486
3600 20 840
  1 42 -1.27655
  2 42 0.209079
  3 42 0.195682
  4 42 0.881991
  5 42 0.018583
  6 42 -2.64401
  7 42 -0.0166461
  8 42 -1.60746
  9 42 0.248913
  10 42 -0.192069
  11 42 0.683704
  12 42 -0.854649
  13 42 -0.473662
  14 42 0.0818898
  15 42 -0.846485
  16 42 -0.55273
  17 42 -0.0941748
  18 42 -0.836802
  19 42 -0.994923
  20 42 0.542149
3700 20 840
  1 42 -0.14207
  2 42 -0.402545
  3 42 -0.37662
  4 42 -0.0478106
  5 42 1.239
  6 42 0.643381
  7 42 -0.864092
  8 42 -0.600445
  9 42 -0.833087
  10 42 0.0408689
  11 42 -0.72987
  12 42 -0.34945
  13 42 0.415755
  14 42 0.544886
  15 42 -0.657472
  16 42 0.0223381
  17 42 -0.0627171
  18 42 0.825834
  19 42 1.20699
  20 42 0.0419504
3800 20 840
  1 42 -0.607851
  2 42 -0.0712485
  3 42 -0.199948
  4 42 -1.60425
  5 42 0.386765
  6 42 -1.27368
  7 42 -0.0004605
  8 42 0.163981
  9 42 -0.276897
  10 42 0.0699086
  11 42 -2.1881
  12 42 -0.545143
  13 42 -0.551532
  14 42 -0.84206
  15 42 -1.39352
  16 42 -0.251827
  17 42 0.212302
  18 42 -1.88217
  19 42 0.959895
  20 42 0.501933
3900 20 840
  1 42 1.18096
  2 42 0.278929
  3 42 -1.10974
  4 42 0.628762
  5 42 -0.193881
  6 42 -0.475303
  7 42 0.555961
  8 42 0.0448025
  9 42 0.0372999
  10 42 0.425136
  11 42 -0.875292
  12 42 -0.859813
  13 42 -0.147177
  14 42 -0.715818
  15 42 -0.033472
  16 42 -1.82586
  17 42 -0.0421256
  18 42 2.29176
  19 42 0.852828
  20 42 -1.62662
4000 20 840
  1 42 -0.280915
  2 42 0.767948
  3 42 -1.17151
  4 42 -0.822468
  5 42 -0.757555
  6 42 -1.04903
  7 42 -0.893023
  8 42 -0.156753
  9 42 -0.0112448
  10 42 0.775386
  11 42 -0.286955
  12 42 0.0456982
  13 42 -0.161009
  14 42 0.847303
  15 42 1.15838
  16 42 -1.12248
  17 42 0.220356
  18 42 1.33445
  19 42 -0.186595
  20 42 1.09609
4100 20 840
  1 42 0.426423
  2 42 -0.185972
  3 42 -0.99598
  4 42 -0.473342
  5 42 -1.07255
  6 42 -1.10729
  7 42 0.362727
  8 42 -0.0584998
  9 42 -0.357277
  10 42 -0.977101
  11 42 1.4899
  12 42 -1.19057
  13 42 -0.873091
  14 42 0.361743
  15 42 -0.664279
  16 42 1.38282
  17 42 -1.28423
  18 42 0.569211
  19 42 0.036554
  20 42 -0.839451
4200 20 840
  1 42 0.442322
  2 42 -0.822898
  3 42 -0.633327
  4 42 0.269088
  5 42 -1.24929
  6 42 0.769793
  7 42 -0.315307
  8 42 -0.143413
  9 42 -0.0635166
  10 42 -0.133156
  11 42 0.108352
  12 42 0.372777
  13 42 -0.518031
  14 42 0.349506
  15 42 -0.112228
  16 42 -1.14552
  17 42 -0.619993
  18 42 0.611402
  19 42 0.416574
  20 42 -0.842872
4300 20 840
  1 42 0.0943881
  2 42 -0.469383
  3 42 0.173174
  4 42 -0.2525
  5 42 0.072272
  6 42 -1.61718
  7 42 -0.159279
  8 42 0.599684
  9 42 0.467856
  10 42 -0.0600643
  11 42 0.383378
  12 42 0.671741
  13 42 -0.0392142
  14 42 -0.201919
  15 42 0.123112
  16 42 0.715737
  17 42 -1.62518
  18 42 0.159027
  19 42 -0.167673
  20 42 0.109325
4400 20 840
  1 42 0.725481
  2 42 0.0920999
  3 42 0.786512
  4 42 -0.500288
  5 42 0.453274
  6 42 -1.1633
  7 42 0.668479
  8 42 -0.0694839
  9 42 -0.265334
  10 42 -0.0505096
  11 42 0.80108
  12 42 -0.469375
  13 42 0.287376
  14 42 -0.422381
  15 42 0.100506
  16 42 1.5133
  17 42 -0.984034
  18 42 -1.47579
  19 42 -0.758451
  20 42 -1.07291
4500 20 840
  1 42 0.287043
  2 42 0.239687
  3 42 0.367429
  4 42 -2.08803
  5 42 -0.764316
  6 42 0.249745
  7 42 0.484839
  8 42 -0.28142
  9 42 -0.0167691
  10 42 1.52341
  11 42 -0.689472
  12 42 -0.605385
  13 42 0.32648
  14 42 -0.352011
  15 42 -0.737185
  16 42 1.02766
  17 42 0.10921
  18 42 -0.797653
  19 42 -0.0123817
  20 42 1.79501
4600 20 840
  1 42 0.0958531
  2 42 -1.34702
  3 42 0.122464
  4 42 -0.69349
  5 42 -0.631317
  6 42 -1.02185
  7 42 0.390668
  8 42 -0.94135
  9 42 0.151133
  10 42 -0.0724841
  11 42 0.759575
  12 42 0.0729078
  13 42 -1.37135
  14 42 0.370656
  15 42 0.334246
  16 42 -0.203303
  17 42 -0.936596
  18 42 -2.35015
  19 42 0.226243
  20 42 -0.122278
4700 20 840
  1 42 -1.08596
  2 42 0.803861
  3 42 -0.151987
  4 42 -0.0608365
  5 42 -0.730605
  6 42 -2.2872
  7 42 -0.816092
  8 42 -1.06999
  9 42 -0.190316
  10 42 1.05618
  11 42 -0.708373
  12 42 0.767164
  13 42 -1.24672
  14 42 0.0365706
  15 42 0.454761
  16 42 -0.608198
  17 42 -0.177125
  18 42 -0.739318
  19 42 -0.20329
  20 42 1.44206
4800 20 840
  1 42 0.513064
  2 42 0.152165
  3 42 -0.00421159
  4 42 1.23349
  5 42 0.500931
  6 42 -0.324011
  7 42 -0.00693928
  8 42 0.339464
  9 42 0.0380101
  10 42 -1.63676
  11 42 -0.509501
  12 42 -0.531125
  13 42 0.431524
  14 42 -0.703656
  15 42 -0.543133
  16 42 0.979425
  17 42 -0.322428
  18 42 0.149953
  19 42 -0.39985
  20 42 -1.04899
4900 20 840
  1 42 -0.0242588
  2 42 -0.384053
  3 42 0.115409
  4 42 0.796185
  5 42 1.10408
  6 42 1.02481
  7 42 -1.25178
  8 42 -0.361236
  9 42 -1.47551
  10 42 -0.835308
  11 42 -2.65176
  12 42 0.550701
  13 42 -0.544443
  14 42 0.309035
  15 42 1.0345
  16 42 0.142063
  17 42 -0.262626
  18 42 1.33415
  19 42 -0.00524525
  20 42 -2.09301
5000 20 840
  1 42 0.0235903
  2 42 1.22839
  3 42 0.330619
  4 42 -0.46983
  5 42 1.96337
  6 42 0.233705
  7 42 0.0155988
  8 42 -0.602005
  9 42 0.952717
  10 42 -0.342072
  11 42 -0.953911
  12 42 0.051483
  13 42 -1.86553
  14 42 -0.0788504
  15 42 0.0428656
  16 42 -3.05311e-05
  17 42 -0.699263
  18 42 2.1809
  19 42 0.432681
  20 42 0.387725
5100 20 840
  1 42 -0.519897
  2 42 -0.937399
  3 42 -0.258247
  4 42 0.667455
  5 42 -1.76545
  6 42 -1.32496
  7 42 -0.0617925
  8 42 0.143906
  9 42 0.868677
  10 42 -0.57107
  11 42 1.2388
  12 42 0.533221
  13 42 -0.650804
  14 42 1.04347
  15 42 -0.430128
  16 42 -1.1923
  17 42 -1.36998
  18 42 1.89596
  19 42 0.954351
  20 42 -0.351077
5200 20 840
  1 42 -0.403994
  2 42 -0.0678413
  3 42 -1.74668
  4 42 -0.544283
  5 42 -1.0184
  6 42 0.93651
  7 42 -0.198141
  8 42 0.208666
  9 42 0.0491014
  10 42 0.766303
  11 42 -0.109112
  12 42 -0.018324
  13 42 -0.584521
  14 42 0.866422
  15 42 -0.0120358
  16 42 1.28789
  17 42 0.846794
  18 42 -2.0406
  19 42 0.326752
  20 42 0.0326469
5300 20 840
  1 42 0.851545
  2 42 0.923122
  3 42 -0.41498
  4 42 -0.587732
  5 42 0.712093
  6 42 0.336428
  7 42 0.254416
  8 42 -0.0637527
  9 42 -1.40453
  10 42 0.280849
  11 42 1.22642
  12 42 -0.851438
  13 42 -0.0873859
  14 42 0.0636442
  15 42 -0.0222744
  16 42 -0.692182
  17 42 0.572816
  18 42 0.149066
  19 42 0.506162
  20 42 -0.892326
5400 20 840
  1 42 0.299209
  2 42 0.27152
  3 42 0.455563
  4 42 0.750205
  5 42 -0.899408
  6 42 -2.07223
  7 42 0.0730012
  8 42 0.334231
  9 42 -1.49847
  10 42 1.21607
  11 42 -0.485888
  12 42 -3.01494
  13 42 0.970565
  14 42 -1.83363
  15 42 0.551984
  16 42 -0.979201
  17 42 -0.093105
  18 42 -1.41893
  19 42 -1.43592
  20 42 1.44003
5500 20 840
  1 42 -1.17226
  2 42 -0.576609
  3 42 0.807061
  4 42 -0.4401
  5 42 -1.6839
  6 42 -2.45441
  7 42 -0.286265
  8 42 0.0165442
  9 42 -1.11365
  10 42 0.729317
  11 42 0.118169
  12 42 -0.41188
  13 42 -1.55529
  14 42 -1.77815
  15 42 -0.391721
  16 42 1.4112
  17 42 -2.04233
  18 42 -0.0130647
  19 42 -0.720488
  20 42 0.76357
5600 20 840
  1 42 0.0293404
  2 42 -0.0674442
  3 42 -1.62905
  4 42 -1.13769
  5 42 -1.13338
  6 42 0.0549413
  7 42 -0.289345
  8 42 0.0377206
  9 42 -1.26804
  10 42 -0.698003
  11 42 0.768456
  12 42 0.415677
  13 42 -0.584166
  14 42 -1.21962
  15 42 -0.994493
  16 42 0.125363
  17 42 -0.43027
  18 42 -0.535902
  19 42 -1.02002
  20 42 -1.56293
5700 20 840
  1 42 -0.0427017
  2 42 0.0146413
  3 42 0.123142
  4 42 -0.277417
  5 42 -1.16486
  6 42 0.113041
  7 42 -0.659822
  8 42 1.01443
  9 42 0.614715
  10 42 -0.677863
  11 42 0.518266
  12 42 -1.45549
  13 42 -0.51458
  14 42 0.21346
  15 42 -0.567626
  16 42 -0.390024
  17 42 -0.768641
  18 42 0.135343
  19 42 -0.542083
  20 42 -0.325845
5800 20 840
  1 42 -0.324882
  2 42 0.556729
  3 42 -1.43983
  4 42 0.0696489
  5 42 -0.236067
  6 42 -0.239957
  7 42 0.0119872
  8 42 0.159662
  9 42 -0.158632
  10 42 0.928334
  11 42 -0.534704
  12 42 -0.666604
  13 42 -1.35776
  14 42 0.29674
  15 42 -1.29708
  16 42 -1.5014
  17 42 0.272685
  18 42 -0.147781
  19 42 -0.815666
  20 42 -0.840549
5900 20 840
  1 42 0.0855206
  2 42 0.918138
  3 42 -0.941217
  4 42 0.0575733
  5 42 -0.0106886
  6 42 0.952313
  7 42 -0.219543
  8 42 -0.189341
  9 42 -0.744888
  10 42 -0.493726
  11 42 0.147957
  12 42 -0.0479827
  13 42 -0.125488
  14 42 0.900751
  15 42 -0.0989843
  16 42 1.26788
  17 42 -0.708386
  18 42 1.28396
  19 42 0.482853
  20 42 -0.8131
6000 20 840
  1 42 -0.890669
  2 42 0.521799
  3 42 0.487737
  4 42 -1.03903
  5 42 1.14353
  6 42 0.585823
  7 42 -0.0114709
  8 42 -1.09053
  9 42 -0.209209
  10 42 -0.296564
  11 42 0.200288
  12 42 1.08499
  13 42 -0.377403
  14 42 0.362909
  15 42 -0.836011
  16 42 1.16522
  17 42 0.511817
  18 42 -1.04732
  19 42 -0.0142944
  20 42 0.547428
6100 20 840
  1 42 -0.706542
  2 42 -0.822546
  3 42 -0.984738
  4 42 0.868749
  5 42 0.187601
  6 42 0.0339397
  7 42 1.00445
  8 42 -1.43575
  9 42 -0.675278
  10 42 -0.234713
  11 42 -1.30785
  12 42 1.2097
  13 42 -0.00800759
  14 42 1.54065
  15 42 -0.817192
  16 42 0.239328
  17 42 -1.20642
  18 42 1.68541
  19 42 1.08587
  20 42 -1.05799
6200 20 840
  1 42 -0.487925
  2 42 -0.416681
  3 42 0.321365
  4 42 0.454988
  5 42 0.443239
  6 42 -1.29228
  7 42 -0.872622
  8 42 -1.05291
  9 42 -0.136209
  10 42 0.331165
  11 42 0.19014
  12 42 1.58522
  13 42 -0.466479
  14 42 -0.519367
  15 42 0.305354
  16 42 2.14106
  17 42 -0.00851266
  18 42 -0.491348
  19 42 0.299857
  20 42 1.27851
6300 20 840
  1 42 0.104559
  2 42 -0.621686
  3 42 -0.00715478
  4 42 -0.442456
  5 42 0.429062
  6 42 0.365078
  7 42 -0.572652
  8 42 0.409781
  9 42 -0.170937
  10 42 0.274855
  11 42 0.662974
  12 42 0.794313
  13 42 -0.260782
  14 42 -1.80825
  15 42 -0.946311
  16 42 1.3445
  17 42 0.283066
  18 42 -0.74865
  19 42 0.428612
  20 42 -0.913336
6400 20 840
  1 42 0.417525
  2 42 -2.30471
  3 42 -0.653289
  4 42 0.972908
  5 42 0.218076
  6 42 -0.107419
  7 42 -0.504724
  8 42 -0.922778
  9 42 -0.226745
  10 42 1.20811
  11 42 1.04513
  12 42 -1.33835
  13 42 -1.06845
  14 42 -1.28472
  15 42 -0.580472
  16 42 -0.481016
  17 42 0.993413
  18 42 -0.681638
  19 42 0.613142
  20 42 -0.0476303
6500 20 840
  1 42 -0.153747
  2 42 1.28567
  3 42 0.252249
  4 42 -0.708561
  5 42 0.526551
  6 42 -0.25529
  7 42 -0.823771
  8 42 -0.437879
  9 42 -0.725473
  10 42 0.675752
  11 42 0.196731
  12 42 -0.932787
  13 42 -1.03433
  14 42 0.257622
  15 42 -0.518978
  16 42 -0.635314
  17 42 -0.0797911
  18 42 0.225054
  19 42 0.661861
  20 42 -0.697394
6600 20 840
  1 42 0.189681
  2 42 -0.611959
  3 42 0.640124
  4 42 -0.728218
  5 42 0.0497011
  6 42 -1.00696
  7 42 -0.0607221
  8 42 0.552248
  9 42 -0.32162
  10 42 -0.912221
  11 42 0.198679
  12 42 -1.0263
  13 42 0.232642
  14 42 0.146623
  15 42 -0.564354
  16 42 1.01801
  17 42 0.222742
  18 42 -0.563355
  19 42 -0.143014
  20 42 -0.550733
6700 20 840
  1 42 -0.0464702
  2 42 0.0901909
  3 42 -0.435482
  4 42 -0.30244
  5 42 -0.526117
  6 42 0.0749934
  7 42 0.0293397
  8 42 0.0304985
  9 42 -0.236494
  10 42 0.165131
  11 42 -1.77437
  12 42 0.535616
  13 42 -0.215471
  14 42 -0.249461
  15 42 0.710077
  16 42 -0.456211
  17 42 0.80992
  18 42 0.0601973
  19 42 1.32898
  20 42 0.562948
6800 20 840
  1 42 0.688995
  2 42 0.293595
  3 42 0.190752
  4 42 -0.450736
  5 42 1.40882
  6 42 0.977882
  7 42 0.351891
  8 42 0.456427
  9 42 0.930412
  10 42 -0.446129
  11 42 -0.462026
  12 42 -1.38599
  13 42 0.234881
  14 42 -0.0473387
  15 42 -0.265402
  16 42 -0.521901
  17 42 0.301947
  18 42 0.49243
  19 42 1.0566
  20 42 -0.149111
6900 20 840
  1 42 -0.144826
  2 42 -0.00163761
  3 42 0.209068
  4 42 -0.237816
  5 42 -0.77707
  6 42 -0.276249
  7 42 0.270617
  8 42 -1.2075
  9 42 -0.0995842
  10 42 -1.23684
  11 42 -0.559373
  12 42 -0.018456
  13 42 -0.0856374
  14 42 1.38127
  15 42 0.145902
  16 42 -1.37028
  17 42 0.214141
  18 42 1.37714
  19 42 -2.01827
  20 42 -0.942096
7000 20 840
  1 42 0.348005
  2 42 0.135946
  3 42 -0.85128
  4 42 -0.823599
  5 42 -1.2728
  6 42 0.213076
  7 42 0.816068
  8 42 -1.06687
  9 42 1.1415
  10 42 0.41873
  11 42 0.42942
  12 42 1.38758
  13 42 -0.836732
  14 42 1.54969
  15 42 -1.04452
  16 42 0.828966
  17 42 -0.824091
  18 42 -1.26617
  19 42 -1.71837
  20 42 0.543762
7100 20 840
  1 42 -1.24907
  2 42 -1.3919
  3 42 -1.23262
  4 42 -1.086
  5 42 -0.469119
  6 42 -1.33094
  7 42 -0.93688
  8 42 -0.196149
  9 42 -0.47965
  10 42 -0.6183
  11 42 -0.53974
  12 42 0.51713
  13 42 -0.07713
  14 42 0.669328
  15 42 -0.38367
  16 42 -1.1615
  17 42 -1.35498
  18 42 -1.73755
  19 42 -0.0237527
  20 42 0.638718
7200 20 840
  1 42 0.200556
  2 42 0.961305
  3 42 -0.0267962
  4 42 0.26013
  5 42 -0.433057
  6 42 -0.033588
  7 42 -1.06137
  8 42 -0.293285
  9 42 0.226627
  10 42 0.567215
  11 42 -1.06131
  12 42 -0.936653
  13 42 -0.530504
  14 42 -0.493513
  15 42 -0.135659
  16 42 -1.9546
  17 42 -0.375986
  18 42 -1.5069
  19 42 -2.14742
  20 42 0.226176
7300 20 840
  1 42 0.0566918
  2 42 -0.808771
  3 42 0.14665
  4 42 0.215413
  5 42 0.365497
  6 42 -1.87337
  7 42 -0.286097
  8 42 -0.943594
  9 42 -0.214871
  10 42 -0.762685
  11 42 0.424787
  12 42 -2.01252
  13 42 0.0720998
  14 42 -0.213542
  15 42 0.0372392
  16 42 0.838924
  17 42 -0.344462
  18 42 -0.509458
  19 42 -0.486103
  20 42 -0.954453
7400 20 840
  1 42 -0.22005
  2 42 -0.376167
  3 42 0.0289319
  4 42 -1.87665
  5 42 0.871961
  6 42 -1.72943
  7 42 0.41005
  8 42 -0.299926
  9 42 -0.549602
  10 42 0.737041
  11 42 0.0483958
  12 42 0.491574
  13 42 -0.286797
  14 42 -0.22669
  15 42 -0.260614
  16 42 0.485552
  17 42 0.563586
  18 42 -0.14175
  19 42 0.59402
  20 42 0.182033
7500 20 840
  1 42 0.243841
  2 42 -0.327859
  3 42 -0.115246
  4 42 -0.189275
  5 42 -0.527672
  6 42 -0.477422
  7 42 0.479231
  8 42 -0.140583
  9 42 0.310062
  10 42 0.718556
  11 42 0.231901
  12 42 0.595223
  13 42 -0.480417
  14 42 -0.0570492
  15 42 -0.666557
  16 42 -0.170208
  17 42 1.17543
  18 42 -0.453722
  19 42 0.428666
  20 42 0.00921713
7600 20 840
  1 42 0.532622
  2 42 -0.162006
  3 42 0.716292
  4 42 0.858707
  5 42 0.000500529
  6 42 1.10561
  7 42 -0.299773
  8 42 0.480207
  9 42 0.1129
  10 42 -0.163885
  11 42 1.26259
  12 42 -0.260512
  13 42 -0.991559
  14 42 -0.0363531
  15 42 0.612283
  16 42 0.784766
  17 42 -0.279947
  18 42 1.46842
  19 42 0.110962
  20 42 2.94178
7700 20 840
  1 42 0.673917
  2 42 0.0483265
  3 42 -0.0437363
  4 42 -0.239137
  5 42 -0.590225
  6 42 0.903497
  7 42 -0.982934
  8 42 0.775783
  9 42 0.177763
  10 42 -0.317808
  11 42 -0.48973
  12 42 -0.317548
  13 42 -0.757015
  14 42 0.525656
  15 42 -0.111131
  16 42 2.42787
  17 42 0.567805
  18 42 0.297661
  19 42 0.948229
  20 42 -0.269018
7800 20 840
  1 42 0.668953
  2 42 -0.913198
  3 42 -0.400129
  4 42 0.879619
  5 42 -0.0122179
  6 42 0.392408
  7 42 -0.00287551
  8 42 -0.298098
  9 42 -0.963201
  10 42 0.0816601
  11 42 -1.47011
  12 42 -1.64556
  13 42 -0.621049
  14 42 -0.407186
  15 42 -0.150046
  16 42 -0.472709
  17 42 0.259575
  18 42 1.47591
  19 42 -0.121289
  20 42 0.230745
7900 20 840
  1 42 -0.245101
  2 42 -0.439242
  3 42 -0.0665795
  4 42 0.606056
  5 42 -0.621997
  6 42 -0.0365914
  7 42 -0.809743
  8 42 -0.323215
  9 42 -0.575609
  10 42 -0.388274
  11 42 -0.554051
  12 42 -0.233321
  13 42 -0.300265
  14 42 -0.220727
  15 42 1.01561
  16 42 -0.516717
  17 42 -1.18211
  18 42 0.436047
  19 42 0.49612
  20 42 -0.0499112
8000 20 840
  1 42 -1.06797
  2 42 0.0114475
  3 42 -0.0768652
  4 42 -0.624342
  5 42 -0.0568435
  6 42 -0.247067
  7 42 -0.568976
  8 42 -1.20603
  9 42 -0.844659
  10 42 -0.136405
  11 42 -1.44013
  12 42 0.364031
  13 42 -0.637205
  14 42 0.0100234
  15 42 -0.576502
  16 42 1.74196
  17 42 0.165356
  18 42 -0.45858
  19 42 0.486912
  20 42 0.378993
8100 20 840
  1 42 -0.909766
  2 42 -0.312761
  3 42 -0.897415
  4 42 -0.0102254
  5 42 -0.479384
  6 42 0.665444
  7 42 0.839677
  8 42 -0.98328
  9 42 -0.373271
  10 42 0.207413
  11 42 -0.853607
  12 42 1.45388
  13 42 -0.213194
  14 42 0.399574
  15 42 0.265314
  16 42 -1.64135
  17 42 -0.252826
  18 42 -1.46586
  19 42 0.651523
  20 42 -0.70659
8200 20 840
  1 42 -1.33938
  2 42 0.21772
  3 42 0.00309926
  4 42 -0.446425
  5 42 -0.216692
  6 42 -0.259836
  7 42 -0.0995003
  8 42 -0.0189944
  9 42 -0.389973
  10 42 0.315155
  11 42 -0.216742
  12 42 -0.0603262
  13 42 -0.0833542
  14 42 -0.892738
  15 42 -0.50208
  16 42 -1.22083
  17 42 1.27655
  18 42 -2.70534
  19 42 -1.25542
  20 42 0.963818
8300 20 840
  1 42 -0.648331
  2 42 0.90115
  3 42 -0.0946843
  4 42 -1.07431
  5 42 0.791489
  6 42 1.04071
  7 42 0.696546
  8 42 -0.758252
  9 42 -1.31189
  10 42 0.586214
  11 42 -0.294114
  12 42 -0.0833851
  13 42 -0.105926
  14 42 -0.988666
  15 42 0.0543019
  16 42 -1.0855
  17 42 1.4739
  18 42 -1.38443
  19 42 -1.49977
  20 42 -1.31617
8400 20 840
  1 42 -0.071318
  2 42 0.0373232
  3 42 0.499707
  4 42 -0.370006
  5 42 -0.129257
  6 42 0.397789
  7 42 -0.551968
  8 42 -0.365742
  9 42 -0.0552327
  10 42 -0.417643
  11 42 0.763834
  12 42 0.0648245
  13 42 -0.594564
  14 42 -0.82963
  15 42 0.442073
  16 42 -0.720149
  17 42 -0.172743
  18 42 -1.01237
  19 42 -0.839282
  20 42 -0.679629
8500 20 840
  1 42 -0.838183
  2 42 -0.163957
  3 42 0.00109107
  4 42 -1.7426
  5 42 0.184619
  6 42 0.500687
  7 42 0.0424202
  8 42 0.752954
  9 42 -0.53443
  10 42 -1.80298
  11 42 -0.803557
  12 42 0.460066
  13 42 0.463424
  14 42 0.378923
  15 42 -0.765681
  16 42 1.34517
  17 42 -0.655526
  18 42 0.366048
  19 42 -0.679738
  20 42 -2.13736
8600 20 840
  1 42 -0.4636
  2 42 -0.0801379
  3 42 -0.756295
  4 42 -1.33757
  5 42 0.571785
  6 42 -0.407897
  7 42 -0.193404
  8 42 -0.3638
  9 42 -0.074873
  10 42 -0.259704
  11 42 -0.212084
  12 42 0.556291
  13 42 -0.544247
  14 42 0.450379
  15 42 -0.487494
  16 42 -0.811921
  17 42 -0.133777
  18 42 0.951365
  19 42 -0.326766
  20 42 0.0675642
8700 20 840
  1 42 -0.724662
  2 42 0.14951
  3 42 -1.23358
  4 42 0.87985
  5 42 -0.0555687
  6 42 0.225386
  7 42 -0.644805
  8 42 0.446597
  9 42 -0.512225
  10 42 1.0385
  11 42 -0.101929
  12 42 -1.77681
  13 42 -1.00523
  14 42 -0.574194
  15 42 -0.439229
  16 42 -0.0804287
  17 42 0.0848757
  18 42 0.794076
  19 42 0.636421
  20 42 -0.167322
8800 20 840
  1 42 0.477728
  2 42 -1.09348
  3 42 0.460142
  4 42 0.718896
  5 42 -0.745594
  6 42 0.412883
  7 42 -0.576339
  8 42 0.773798
  9 42 0.0994834
  10 42 -0.069127
  11 42 1.42254
  12 42 -0.659367
  13 42 -2.16981
  14 42 0.981887
  15 42 -0.623107
  16 42 1.07853
  17 42 -0.326633
  18 42 1.36827
  19 42 0.649731
  20 42 -0.0605511
8900 20 840
  1 42 -0.170264
  2 42 0.481911
  3 42 -0.848313
  4 42 -1.18423
  5 42 -0.63109
  6 42 -1.06715
  7 42 -0.606481
  8 42 -0.64299
  9 42 -1.06522
  10 42 0.167402
  11 42 0.458236
  12 42 0.298988
  13 42 -1.15179
  14 42 0.116145
  15 42 0.166652
  16 42 -0.688351
  17 42 1.16284
  18 42 -1.21392
  19 42 0.535914
  20 42 -0.0663757
9000 20 840
  1 42 0.113192
  2 42 -0.0235378
  3 42 -0.631663
  4 42 -0.197664
  5 42 0.435498
  6 42 0.0921489
  7 42 0.984552
  8 42 -0.412999
  9 42 -0.0993802
  10 42 0.177898
  11 42 -0.163896
  12 42 -1.12389
  13 42 0.0569834
  14 42 0.615454
  15 42 -0.613813
  16 42 -0.200672
  17 42 0.115203
  18 42 0.445465
  19 42 0.832282
  20 42 0.919593
9100 20 840
  1 42 -0.586087
  2 42 -1.16111
  3 42 0.14561
  4 42 1.07321
  5 42 -1.56952
  6 42 -1.79635
  7 42 -0.159066
  8 42 -0.164365
  9 42 -1.49538
  10 42 -0.891614
  11 42 -0.124626
  12 42 -0.888399
  13 42 -0.692483
  14 42 -0.608039
  15 42 -0.121424
  16 42 1.03
  17 42 1.66063
  18 42 -2.39575
  19 42 -0.113331
  20 42 -0.050689
9200 20 840
  1 42 1.08066
  2 42 -0.198305
  3 42 0.658812
  4 42 -0.380655
  5 42 0.381592
  6 42 1.34509
  7 42 0.0949593
  8 42 0.207394
  9 42 0.0733228
  10 42 -0.195678
  11 42 -0.62768
  12 42 0.217672
  13 42 -0.657755
  14 42 -0.794008
  15 42 -0.970663
  16 42 -0.204593
  17 42 -0.132643
  18 42 0.811744
  19 42 -0.0749577
  20 42 -2.21044
9300 20 840
  1 42 -0.862506
  2 42 -0.981558
  3 42 0.268147
  4 42 -0.493895
  5 42 -0.70485
  6 42 1.31406
  7 42 -0.520698
  8 42 -0.543853
  9 42 -0.216056
  10 42 0.430062
  11 42 -0.372904
  12 42 1.06827
  13 42 0.0516894
  14 42 -1.00325
  15 42 -0.294433
  16 42 -2.39384
  17 42 2.21817
  18 42 -0.0438779
  19 42 0.690654
  20 42 -1.40114
9400 20 840
  1 42 -0.436907
  2 42 -0.613304
  3 42 -0.0369094
  4 42 -0.089737
  5 42 -0.244962
  6 42 0.686308
  7 42 -0.521156
  8 42 0.13462
  9 42 0.353983
  10 42 -0.360258
  11 42 -0.645939
  12 42 -0.262693
  13 42 -0.360522
  14 42 -0.588059
  15 42 -0.45743
  16 42 0.958691
  17 42 1.29255
  18 42 -0.642345
  19 42 -0.130156
  20 42 -2.87606
9500 20 840
  1 42 -0.425488
  2 42 0.420857
  3 42 -1.05177
  4 42 -1.73474
  5 42 -0.26875
  6 42 0.725903
  7 42 -0.407584
  8 42 -0.370694
  9 42 0.639187
  10 42 0.55759
  11 42 -0.479551
  12 42 1.62658
  13 42 -0.150534
  14 42 0.46186
  15 42 -0.181098
  16 42 -0.241407
  17 42 1.10351
  18 42 -0.218714
  19 42 -0.0418077
  20 42 -0.51214
9600 20 840
  1 42 0.0470962
  2 42 -1.05342
  3 42 -0.26268
  4 42 1.25265
  5 42 -0.633228
  6 42 0.233661
  7 42 -0.631278
  8 42 0.500114
  9 42 -0.621755
  10 42 0.18649
  11 42 -3.42271
  12 42 0.270963
  13 42 -0.430749
  14 42 -0.293727
  15 42 0.899146
  16 42 1.34075
  17 42 -0.298993
  18 42 -1.69808
  19 42 -0.100055
  20 42 2.76894
9700 20 840
  1 42 -0.0847608
  2 42 -2.01561
  3 42 1.33031
  4 42 -0.0348209
  5 42 -0.0496945
  6 42 -0.493044
  7 42 -0.0217092
  8 42 0.196354
  9 42 0.579326
  10 42 -0.674942
  11 42 -2.0394
  12 42 0.275518
  13 42 -0.445941
  14 42 -1.03959
  15 42 -0.963474
  16 42 -0.118132
  17 42 0.175775
  18 42 -2.29617
  19 42 0.423698
  20 42 -0.13047
9800 20 840
  1 42 0.32849
  2 42 1.24231
  3 42 0.266006
  4 42 -1.08356
  5 42 0.415185
  6 42 -1.03369
  7 42 0.593108
  8 42 -0.856452
  9 42 -0.128754
  10 42 -0.389928
  11 42 -0.404039
  12 42 -0.327903
  13 42 -0.324965
  14 42 -0.0138678
  15 42 -0.115611
  16 42 -0.341423
  17 42 0.423425
  18 42 -0.663381
  19 42 -0.427821
  20 42 1.01979
9900 20 840
  1 42 0.441315
  2 42 -0.545057
  3 42 -0.149653
  4 42 0.00626992
  5 42 -0.615757
  6 42 -0.416239
  7 42 -0.0668161
  8 42 0.00790809
  9 42 -0.0404733
  10 42 -1.13888
  11 42 0.438944
  12 42 0.753408
  13 42 -0.21536
  14 42 1.66725
  15 42 0.501423
  16 42 -0.877158
  17 42 0.313002
  18 42 -0.860285
  19 42 0.599433
  20 42 -1.90893
10000 20 840
  1 42 0.366087
  2 42 0.0933539
  3 42 -0.297246
  4 42 -2.36631
  5 42 -1.19481
  6 42 0.885385
  7 42 0.106113
  8 42 0.57176
  9 42 0.998272
  10 42 -0.790093
  11 42 -1.22201
  12 42 0.0373242
  13 42 -1.97791
  14 42 1.04629
  15 42 -0.668108
  16 42 -1.05669
  17 42 -1.32925
  18 42 -0.302859
  19 42 0.399273
  20 42 1.00311
