# Chunk-averaged data for fix sternForces and group all
# Timestep Number-of-chunks Total-count
# Chunk Ncount c_sternComp
0 20 840
  1 42 5.28118e-05
  2 42 5.15413e-05
  3 42 4.19725e-05
  4 42 4.98463e-05
  5 42 5.19606e-05
  6 42 5.5119e-05
  7 42 4.86014e-05
  8 42 4.79254e-05
  9 42 4.65416e-05
  10 42 6.69176e-05
  11 42 5.98213e-05
  12 42 6.10093e-05
  13 42 5.20433e-05
  14 42 5.02352e-05
  15 42 4.98668e-05
  16 42 4.91408e-05
  17 42 5.19441e-05
  18 42 8.46897e-06
  19 42 4.82992e-05
  20 42 5.5119e-05
100 20 840
  1 42 0.861127
  2 42 -2.38634
  3 42 1.37581
  4 42 1.3423
  5 42 -1.31342
  6 42 -1.52219
  7 42 -0.625673
  8 42 4.23742
  9 42 1.00194
  10 42 1.03544
  11 42 1.26499
  12 42 0.451856
  13 42 1.42431
  14 42 0.540636
  15 42 -0.51716
  16 42 0.304986
  17 42 -0.299208
  18 42 0.866933
  19 42 -0.664635
  20 42 0.571228
200 20 840
  1 42 4.19591
  2 42 0.542739
  3 42 4.21503
  4 42 -2.6107
  5 42 0.30741
  6 42 -0.493043
  7 42 -0.208482
  8 42 2.61487
  9 42 1.89133
  10 42 2.40882
  11 42 0.549249
  12 42 -1.61596
  13 42 5.56908
  14 42 0.137283
  15 42 -1.69636
  16 42 -3.12246
  17 42 4.36427
  18 42 1.16651
  19 42 2.29951
  20 42 -1.71995
300 20 840
  1 42 1.112
  2 42 1.72814
  3 42 2.5735
  4 42 -0.194596
  5 42 4.74126
  6 42 -0.983229
  7 42 2.75265
  8 42 -0.70051
  9 42 2.47662
  10 42 -2.20212
  11 42 0.982384
  12 42 -2.21333
  13 42 0.45623
  14 42 -0.653061
  15 42 1.92552
  16 42 -0.353528
  17 42 -1.36598
  18 42 -1.17509
  19 42 -3.36504
  20 42 1.32231
400 20 840
  1 42 1.56287
  2 42 2.16531
  3 42 3.46903
  4 42 -2.20064
  5 42 3.99361
  6 42 1.83329
  7 42 2.09895
  8 42 -0.485662
  9 42 1.59133
  10 42 -0.148427
  11 42 1.63644
  12 42 1.0944
  13 42 1.77511
  14 42 -0.109884
  15 42 1.84953
  16 42 -1.36421
  17 42 -1.55725
  18 42 -1.48558
  19 42 -0.155184
  20 42 -0.0673355
500 20 840
  1 42 4.33658
  2 42 -1.55367
  3 42 -0.0656984
  4 42 1.34618
  5 42 0.0419046
  6 42 3.54878
  7 42 5.49191
  8 42 1.15016
  9 42 2.74129
  10 42 -0.616593
  11 42 0.456406
  12 42 -0.787762
  13 42 1.09546
  14 42 0.755619
  15 42 2.0647
  16 42 -1.98672
  17 42 1.31141
  18 42 0.635928
  19 42 5.82984
  20 42 -2.64664
600 20 840
  1 42 1.18622
  2 42 -0.493259
  3 42 2.31736
  4 42 0.689698
  5 42 2.80368
  6 42 1.95196
  7 42 -2.25251
  8 42 -0.101151
  9 42 -1.12246
  10 42 -3.96878
  11 42 -0.600558
  12 42 0.678964
  13 42 -0.547317
  14 42 -0.317075
  15 42 3.73981
  16 42 0.669202
  17 42 2.5085
  18 42 1.87164
  19 42 2.43783
  20 42 -5.79332
700 20 840
  1 42 -0.919446
  2 42 2.30869
  3 42 2.96079
  4 42 1.70754
  5 42 -0.506683
  6 42 1.11669
  7 42 0.176394
  8 42 0.927057
  9 42 1.00888
  10 42 1.27334
  11 42 0.167522
  12 42 2.97999
  13 42 0.495612
  14 42 1.29998
  15 42 -0.566761
  16 42 -2.21439
  17 42 -0.432309
  18 42 1.1647
  19 42 3.53338
  20 42 -0.122203
800 20 840
  1 42 0.44059
  2 42 2.64448
  3 42 -0.753155
  4 42 -0.947826
  5 42 1.70305
  6 42 1.9836
  7 42 -0.324179
  8 42 2.0383
  9 42 -1.17758
  10 42 4.04059
  11 42 1.21915
  12 42 -2.10359
  13 42 -1.04502
  14 42 -0.14428
  15 42 1.07996
  16 42 4.21286
  17 42 -0.110292
  18 42 -1.37417
  19 42 -5.07511
  20 42 4.87309
900 20 840
  1 42 1.15863
  2 42 2.68078
  3 42 -0.788902
  4 42 -0.047901
  5 42 -1.4321
  6 42 -0.344673
  7 42 -2.56212
  8 42 0.764797
  9 42 2.15105
  10 42 2.29151
  11 42 -0.238807
  12 42 1.59402
  13 42 -1.5643
  14 42 -0.918736
  15 42 -0.483371
  16 42 1.13056
  17 42 -1.60627
  18 42 4.39722
  19 42 -3.1618
  20 42 2.57616
1000 20 840
  1 42 -3.35012
  2 42 -1.62061
  3 42 2.44736
  4 42 3.17196
  5 42 0.82272
  6 42 -1.84775
  7 42 -2.08799
  8 42 0.76277
  9 42 -0.295404
  10 42 -1.03823
  11 42 0.966734
  12 42 2.96672
  13 42 -1.53144
  14 42 0.503593
  15 42 0.20273
  16 42 3.09232
  17 42 3.36226
  18 42 0.509782
  19 42 1.78651
  20 42 1.50833
1100 20 840
  1 42 -0.989699
  2 42 0.941072
  3 42 -0.83036
  4 42 3.71508
  5 42 -0.669175
  6 42 5.00984
  7 42 -2.61479
  8 42 0.124
  9 42 -1.3675
  10 42 0.652391
  11 42 -0.410995
  12 42 2.42908
  13 42 -1.36607
  14 42 3.30226
  15 42 0.827467
  16 42 1.04581
  17 42 1.10287
  18 42 2.01529
  19 42 0.777203
  20 42 2.09089
1200 20 840
  1 42 -2.83371
  2 42 -0.809961
  3 42 -1.41972
  4 42 3.56364
  5 42 -1.30013
  6 42 1.85748
  7 42 -0.777774
  8 42 -1.75197
  9 42 6.07026
  10 42 1.58313
  11 42 -1.34128
  12 42 1.23559
  13 42 -0.263038
  14 42 0.763937
  15 42 0.408046
  16 42 3.29306
  17 42 0.0564441
  18 42 -0.450029
  19 42 -0.856463
  20 42 -0.476836
1300 20 840
  1 42 -0.74836
  2 42 2.09248
  3 42 -0.729083
  4 42 -1.96757
  5 42 4.24565
  6 42 -1.10366
  7 42 0.251747
  8 42 0.857157
  9 42 0.679932
  10 42 0.922872
  11 42 0.671418
  12 42 0.513717
  13 42 -0.875633
  14 42 -3.41884
  15 42 2.18444
  16 42 -1.01889
  17 42 -1.27528
  18 42 0.226249
  19 42 3.32765
  20 42 1.49842
1400 20 840
  1 42 -1.07494
  2 42 0.114459
  3 42 3.27352
  4 42 3.77073
  5 42 2.1462
  6 42 0.194676
  7 42 2.99798
  8 42 2.01289
  9 42 0.843523
  10 42 1.44908
  11 42 1.41352
  12 42 -0.829244
  13 42 1.60194
  14 42 -3.47659
  15 42 2.64903
  16 42 -0.385001
  17 42 -1.33673
  18 42 -2.6252
  19 42 1.15848
  20 42 -0.372113
1500 20 840
  1 42 3.58984
  2 42 3.06481
  3 42 1.08213
  4 42 -0.237078
  5 42 1.46277
  6 42 3.68995
  7 42 -1.39791
  8 42 2.847
  9 42 0.987894
  10 42 2.35187
  11 42 0.497463
  12 42 1.37996
  13 42 4.40423
  14 42 2.46439
  15 42 0.813654
  16 42 -3.77347
  17 42 0.36478
  18 42 0.55036
  19 42 3.48942
  20 42 1.41543
1600 20 840
  1 42 2.77005
  2 42 -0.755902
  3 42 2.59207
  4 42 2.8677
  5 42 5.54841
  6 42 0.647339
  7 42 1.76987
  8 42 -0.682798
  9 42 3.87831
  10 42 -1.109
  11 42 4.29738
  12 42 -1.70537
  13 42 0.821422
  14 42 1.12215
  15 42 2.00329
  16 42 0.987082
  17 42 0.241848
  18 42 -2.31542
  19 42 -2.39701
  20 42 1.04944
1700 20 840
  1 42 1.67295
  2 42 1.41386
  3 42 1.13187
  4 42 -2.88477
  5 42 2.00257
  6 42 3.20286
  7 42 1.57845
  8 42 1.60759
  9 42 0.717137
  10 42 0.177715
  11 42 0.882614
  12 42 0.942814
  13 42 3.69503
  14 42 1.61849
  15 42 -1.41474
  16 42 0.248798
  17 42 3.3473
  18 42 2.69708
  19 42 -1.39605
  20 42 -0.159966
1800 20 840
  1 42 5.05915
  2 42 -1.25585
  3 42 -0.494897
  4 42 1.23451
  5 42 0.0270389
  6 42 1.99971
  7 42 5.99857
  8 42 0.992083
  9 42 0.828209
  10 42 -0.149174
  11 42 2.60738
  12 42 -1.7897
  13 42 -2.09948
  14 42 -1.38934
  15 42 1.24581
  16 42 0.927583
  17 42 0.909794
  18 42 0.757331
  19 42 0.235867
  20 42 0.373508
1900 20 840
  1 42 -0.0618668
  2 42 4.25843
  3 42 3.1662
  4 42 0.616611
  5 42 3.48069
  6 42 1.30274
  7 42 0.494844
  8 42 0.887243
  9 42 1.58984
  10 42 -1.09773
  11 42 0.246638
  12 42 0.793046
  13 42 2.98026
  14 42 0.907434
  15 42 2.25206
  16 42 1.24468
  17 42 -0.00692358
  18 42 1.3583
  19 42 1.7502
  20 42 0.651148
2000 20 840
  1 42 -0.881797
  2 42 2.5802
  3 42 3.54893
  4 42 4.06755
  5 42 0.584505
  6 42 1.24767
  7 42 -3.74123
  8 42 -0.578118
  9 42 -1.72762
  10 42 1.90967
  11 42 2.16707
  12 42 -2.86696
  13 42 1.21037
  14 42 0.744253
  15 42 -0.620619
  16 42 0.214239
  17 42 1.30783
  18 42 3.82206
  19 42 3.54377
  20 42 -0.389155
2100 20 840
  1 42 2.43449
  2 42 1.72347
  3 42 2.7664
  4 42 -0.786542
  5 42 -0.253421
  6 42 1.61634
  7 42 2.35487
  8 42 1.96653
  9 42 -3.23939
  10 42 0.584724
  11 42 3.00842
  12 42 2.36017
  13 42 -1.23068
  14 42 0.667396
  15 42 1.91202
  16 42 2.83542
  17 42 2.65195
  18 42 1.3814
  19 42 2.36935
  20 42 0.388035
2200 20 840
  1 42 1.04798
  2 42 0.536038
  3 42 0.422296
  4 42 -1.26775
  5 42 0.128822
  6 42 1.00575
  7 42 -1.73584
  8 42 0.173492
  9 42 0.0262846
  10 42 -0.677428
  11 42 4.68698
  12 42 4.07871
  13 42 -0.926738
  14 42 0.272219
  15 42 0.741935
  16 42 2.3181
  17 42 1.09668
  18 42 1.97167
  19 42 -1.58823
  20 42 1.88084
2300 20 840
  1 42 -1.703
  2 42 2.35451
  3 42 0.59884
  4 42 1.07822
  5 42 5.6376
  6 42 1.05093
  7 42 2.79722
  8 42 -2.5034
  9 42 -0.631906
  10 42 0.35436
  11 42 2.13885
  12 42 -1.95818
  13 42 -2.3456
  14 42 2.22895
  15 42 -0.466671
  16 42 6.58269
  17 42 -3.22818
  18 42 -0.216216
  19 42 -2.0157
  20 42 7.24363
2400 20 840
  1 42 1.93585
  2 42 2.3549
  3 42 -0.732596
  4 42 2.04873
  5 42 4.14514
  6 42 2.5399
  7 42 -3.06208
  8 42 -1.24808
  9 42 -1.50662
  10 42 -0.927962
  11 42 3.49859
  12 42 1.14219
  13 42 1.89326
  14 42 3.52927
  15 42 2.31542
  16 42 1.92433
  17 42 -0.0362574
  18 42 -2.42667
  19 42 0.39858
  20 42 2.23323
2500 20 840
  1 42 -3.50257
  2 42 0.701362
  3 42 -1.26165
  4 42 1.44389
  5 42 -2.78546
  6 42 1.02209
  7 42 0.420091
  8 42 0.99635
  9 42 3.82014
  10 42 0.0160898
  11 42 2.84043
  12 42 3.62999
  13 42 0.752486
  14 42 1.88791
  15 42 0.164866
  16 42 0.599647
  17 42 -2.62011
  18 42 0.390102
  19 42 0.242698
  20 42 0.699401
2600 20 840
  1 42 -2.82346
  2 42 -2.11663
  3 42 0.717304
  4 42 0.250904
  5 42 -0.232688
  6 42 1.02228
  7 42 1.81895
  8 42 5.37283
  9 42 2.52484
  10 42 2.59428
  11 42 -2.13666
  12 42 -0.423103
  13 42 2.04797
  14 42 -1.32082
  15 42 0.054974
  16 42 2.30261
  17 42 2.29486
  18 42 -1.52586
  19 42 2.6626
  20 42 -0.443718
2700 20 840
  1 42 1.82384
  2 42 0.907561
  3 42 -0.134366
  4 42 -0.228689
  5 42 2.63988
  6 42 -1.89075
  7 42 1.66927
  8 42 0.732744
  9 42 3.39773
  10 42 5.04335
  11 42 1.13327
  12 42 0.296432
  13 42 1.1373
  14 42 0.0848331
  15 42 1.88793
  16 42 -3.0058
  17 42 -0.626572
  18 42 0.0963202
  19 42 1.37128
  20 42 -2.47069
2800 20 840
  1 42 -1.60122
  2 42 -0.188474
  3 42 0.156218
  4 42 1.43312
  5 42 3.2385
  6 42 0.969449
  7 42 2.18953
  8 42 1.29881
  9 42 -0.224189
  10 42 1.37159
  11 42 1.50646
  12 42 0.00669981
  13 42 2.07823
  14 42 2.27289
  15 42 2.94383
  16 42 -2.17703
  17 42 -0.445928
  18 42 -3.36205
  19 42 1.09963
  20 42 3.12876
2900 20 840
  1 42 2.44784
  2 42 3.09023
  3 42 3.77957
  4 42 0.653979
  5 42 4.13441
  6 42 5.8867
  7 42 4.40798
  8 42 1.00225
  9 42 0.64012
  10 42 -1.55697
  11 42 4.36209
  12 42 1.21703
  13 42 2.61114
  14 42 1.16013
  15 42 -0.665934
  16 42 -1.68901
  17 42 0.0426609
  18 42 -1.78005
  19 42 2.37979
  20 42 0.93407
3000 20 840
  1 42 2.74127
  2 42 -1.08352
  3 42 -2.13908
  4 42 -1.15186
  5 42 0.179688
  6 42 0.98892
  7 42 2.07579
  8 42 0.349294
  9 42 3.26197
  10 42 -0.46883
  11 42 1.23515
  12 42 1.00982
  13 42 2.20393
  14 42 -0.466021
  15 42 -3.11334
  16 42 0.827106
  17 42 0.425806
  18 42 0.56712
  19 42 0.0222163
  20 42 -0.990617
3100 20 840
  1 42 1.28906
  2 42 0.778888
  3 42 0.632417
  4 42 0.429263
  5 42 1.57401
  6 42 1.9816
  7 42 1.39073
  8 42 -0.0660997
  9 42 1.01432
  10 42 0.788937
  11 42 1.91622
  12 42 0.1888
  13 42 -1.94067
  14 42 0.629112
  15 42 0.222219
  16 42 2.84269
  17 42 1.46678
  18 42 2.72781
  19 42 -4.11114
  20 42 -0.806586
3200 20 840
  1 42 1.26526
  2 42 2.44028
  3 42 3.5418
  4 42 3.33544
  5 42 -0.943911
  6 42 2.82747
  7 42 0.140758
  8 42 1.34218
  9 42 0.828465
  10 42 2.90249
  11 42 3.14847
  12 42 1.44268
  13 42 3.29686
  14 42 0.954299
  15 42 0.31093
  16 42 -1.90504
  17 42 3.4539
  18 42 1.07127
  19 42 3.2887
  20 42 2.87577
3300 20 840
  1 42 -0.474465
  2 42 2.02049
  3 42 5.83972
  4 42 0.603362
  5 42 5.49904
  6 42 2.22775
  7 42 0.100315
  8 42 0.972565
  9 42 -2.32487
  10 42 -1.28624
  11 42 2.49657
  12 42 -0.00500433
  13 42 1.11173
  14 42 -1.30778
  15 42 -0.822501
  16 42 3.6692
  17 42 1.30501
  18 42 3.85124
  19 42 1.98387
  20 42 -0.426777
3400 20 840
  1 42 2.9742
  2 42 1.52421
  3 42 3.54887
  4 42 3.79451
  5 42 -3.37105
  6 42 -0.432026
  7 42 -1.65251
  8 42 0.367931
  9 42 0.59048
  10 42 -0.859039
  11 42 5.01908
  12 42 1.14449
  13 42 -3.03167
  14 42 -0.235105
  15 42 1.54566
  16 42 -1.68104
  17 42 -0.760206
  18 42 5.49064
  19 42 5.04508
  20 42 -1.56842
3500 20 840
  1 42 -0.871527
  2 42 -0.120637
  3 42 2.33205
  4 42 -1.51898
  5 42 1.76977
  6 42 2.67972
  7 42 0.499516
  8 42 2.41216
  9 42 -2.75683
  10 42 3.88706
  11 42 3.38417
  12 42 1.91521
  13 42 2.84747
  14 42 3.05898
  15 42 0.788619
  16 42 3.40732
  17 42 4.97438
  18 42 2.83246
  19 42 1.60832
  20 42 2.90569
3600 20 840
  1 42 1.30283
  2 42 -1.7909
  3 42 -0.709311
  4 42 2.46608
  5 42 2.42784
  6 42 2.11678
  7 42 3.44302
  8 42 -1.44351
  9 42 -0.551193
  10 42 -1.15166
  11 42 1.40915
  12 42 0.137818
  13 42 -3.45399
  14 42 3.1869
  15 42 0.50458
  16 42 1.18969
  17 42 0.237358
  18 42 1.80052
  19 42 -0.787257
  20 42 2.81567
3700 20 840
  1 42 -0.90875
  2 42 1.54815
  3 42 0.868313
  4 42 -1.41083
  5 42 4.54327
  6 42 1.47526
  7 42 -1.131
  8 42 -0.553723
  9 42 2.02079
  10 42 -1.4948
  11 42 4.22351
  12 42 3.95156
  13 42 1.01157
  14 42 2.44966
  15 42 1.58259
  16 42 2.35906
  17 42 0.706164
  18 42 -2.29125
  19 42 -0.897957
  20 42 -1.08451
3800 20 840
  1 42 -0.134824
  2 42 1.21898
  3 42 -5.04112
  4 42 0.712578
  5 42 0.839364
  6 42 -0.973502
  7 42 0.290266
  8 42 1.84049
  9 42 1.09988
  10 42 5.17648
  11 42 5.63204
  12 42 -0.497622
  13 42 0.786252
  14 42 -0.776779
  15 42 0.638846
  16 42 -0.375872
  17 42 -2.59172
  18 42 -2.3765
  19 42 1.57133
  20 42 4.20123
3900 20 840
  1 42 -2.03112
  2 42 0.415202
  3 42 1.48073
  4 42 -0.30781
  5 42 3.83111
  6 42 0.266706
  7 42 0.0212092
  8 42 2.7308
  9 42 1.60988
  10 42 2.85249
  11 42 -1.09324
  12 42 1.86673
  13 42 2.95167
  14 42 -0.361765
  15 42 1.81924
  16 42 4.08503
  17 42 -4.3266
  18 42 -3.08147
  19 42 -1.02189
  20 42 -1.06114
4000 20 840
  1 42 -0.714217
  2 42 0.156676
  3 42 -4.10968
  4 42 0.6598
  5 42 -0.241828
  6 42 -1.987
  7 42 -0.333276
  8 42 -0.360457
  9 42 2.6324
  10 42 0.49843
  11 42 1.98557
  12 42 3.96133
  13 42 2.82606
  14 42 0.57485
  15 42 2.84032
  16 42 -5.08432
  17 42 1.54215
  18 42 -3.77364
  19 42 1.16978
  20 42 -3.91928
4100 20 840
  1 42 -3.69821
  2 42 0.51627
  3 42 3.08935
  4 42 1.49914
  5 42 5.51282
  6 42 -0.392684
  7 42 2.75595
  8 42 -1.42625
  9 42 2.54825
  10 42 2.48726
  11 42 -0.156931
  12 42 1.10353
  13 42 -1.58719
  14 42 1.03249
  15 42 1.63711
  16 42 1.28762
  17 42 0.170324
  18 42 -1.96184
  19 42 1.91169
  20 42 1.76712
4200 20 840
  1 42 3.08178
  2 42 -0.803227
  3 42 -2.20969
  4 42 1.38056
  5 42 1.87854
  6 42 1.64038
  7 42 1.62477
  8 42 1.51868
  9 42 0.290004
  10 42 1.83283
  11 42 1.13861
  12 42 2.42208
  13 42 0.504242
  14 42 1.79786
  15 42 -1.09716
  16 42 -0.987116
  17 42 2.5545
  18 42 -0.100713
  19 42 3.22334
  20 42 -3.01026
4300 20 840
  1 42 4.63077
  2 42 0.11703
  3 42 1.5896
  4 42 -2.08247
  5 42 3.20731
  6 42 -0.582821
  7 42 4.76958
  8 42 -0.0384133
  9 42 0.655563
  10 42 -2.25353
  11 42 1.2023
  12 42 0.819321
  13 42 -0.718849
  14 42 1.66118
  15 42 -1.67377
  16 42 -0.0516584
  17 42 0.236481
  18 42 2.22876
  19 42 1.00598
  20 42 -0.272301
4400 20 840
  1 42 -1.99807
  2 42 4.39763
  3 42 4.34545
  4 42 0.789498
  5 42 3.54172
  6 42 2.395
  7 42 -1.16808
  8 42 1.56701
  9 42 0.607468
  10 42 -1.44739
  11 42 -0.801654
  12 42 0.203463
  13 42 1.55087
  14 42 1.01418
  15 42 -1.06746
  16 42 2.01431
  17 42 1.51223
  18 42 0.526095
  19 42 0.735429
  20 42 1.67306
4500 20 840
  1 42 1.53983
  2 42 2.34629
  3 42 0.387371
  4 42 2.44206
  5 42 -0.522998
  6 42 1.94514
  7 42 -1.47759
  8 42 0.775382
  9 42 2.08473
  10 42 3.40706
  11 42 1.24792
  12 42 1.42859
  13 42 0.466723
  14 42 -0.975691
  15 42 -1.7186
  16 42 -0.095166
  17 42 -0.147703
  18 42 3.28787
  19 42 -3.67095
  20 42 1.03573
4600 20 840
  1 42 2.49794
  2 42 -1.25819
  3 42 1.96149
  4 42 0.330218
  5 42 1.72834
  6 42 1.5624
  7 42 -0.984714
  8 42 0.969595
  9 42 -1.23185
  10 42 -0.494404
  11 42 2.7903
  12 42 0.026014
  13 42 1.0705
  14 42 0.155791
  15 42 0.536142
  16 42 3.72006
  17 42 2.88326
  18 42 2.70282
  19 42 2.58299
  20 42 -1.16918
4700 20 840
  1 42 0.598527
  2 42 1.51528
  3 42 5.25769
  4 42 3.26197
  5 42 2.05713
  6 42 6.94006
  7 42 -1.93272
  8 42 -1.70561
  9 42 -3.21196
  10 42 -2.73648
  11 42 3.3934
  12 42 0.380761
  13 42 1.65815
  14 42 -0.553809
  15 42 2.1935
  16 42 1.37904
  17 42 0.965504
  18 42 5.7953
  19 42 2.71001
  20 42 0.753692
4800 20 840
  1 42 0.985752
  2 42 1.66341
  3 42 1.72375
  4 42 1.45005
  5 42 5.46935
  6 42 1.30851
  7 42 0.458637
  8 42 -1.8308
  9 42 -2.14965
  10 42 -0.982043
  11 42 3.73809
  12 42 1.85036
  13 42 -0.685207
  14 42 0.179438
  15 42 2.47428
  16 42 2.26419
  17 42 -0.655167
  18 42 0.798244
  19 42 2.26693
  20 42 2.41799
4900 20 840
  1 42 1.6861
  2 42 2.20873
  3 42 -1.84886
  4 42 2.80583
  5 42 3.94583
  6 42 2.68674
  7 42 1.71581
  8 42 0.996983
  9 42 0.997507
  10 42 0.860747
  11 42 -0.109349
  12 42 0.208515
  13 42 -1.78775
  14 42 2.49283
  15 42 -0.223576
  16 42 1.94349
  17 42 -1.75468
  18 42 0.923846
  19 42 0.335627
  20 42 -0.685532
5000 20 840
  1 42 -1.40849
  2 42 -1.52193
  3 42 -1.499
  4 42 1.52953
  5 42 -3.75244
  6 42 2.6065
  7 42 0.904158
  8 42 2.54607
  9 42 -1.96018
  10 42 2.66535
  11 42 2.42747
  12 42 0.398412
  13 42 2.56701
  14 42 1.01945
  15 42 -0.940044
  16 42 0.147215
  17 42 2.0095
  18 42 1.37197
  19 42 -1.303
  20 42 0.463032
5100 20 840
  1 42 -0.708077
  2 42 -1.00157
  3 42 -0.447281
  4 42 -0.247703
  5 42 3.30505
  6 42 -2.86916
  7 42 1.82484
  8 42 5.5044
  9 42 -1.81727
  10 42 4.00879
  11 42 1.82416
  12 42 1.66763
  13 42 2.20001
  14 42 0.47238
  15 42 -1.14481
  16 42 0.772028
  17 42 2.89419
  18 42 0.117279
  19 42 2.53223
  20 42 0.271416
5200 20 840
  1 42 1.22847
  2 42 1.39284
  3 42 0.737625
  4 42 1.65192
  5 42 4.32237
  6 42 -2.97065
  7 42 0.726463
  8 42 0.894201
  9 42 2.33588
  10 42 2.65213
  11 42 3.26918
  12 42 2.69357
  13 42 -0.487797
  14 42 1.9963
  15 42 3.13838
  16 42 0.509937
  17 42 -4.71451
  18 42 -3.72507
  19 42 0.360755
  20 42 -0.110384
5300 20 840
  1 42 -2.2579
  2 42 3.09565
  3 42 -2.50964
  4 42 -0.42143
  5 42 -1.76349
  6 42 1.7116
  7 42 -0.577487
  8 42 1.02769
  9 42 3.53981
  10 42 5.32505
  11 42 2.37864
  12 42 1.69154
  13 42 5.06431
  14 42 2.17373
  15 42 0.755348
  16 42 -0.169551
  17 42 -1.46963
  18 42 -2.76939
  19 42 -1.47381
  20 42 4.90955
5400 20 840
  1 42 -1.1909
  2 42 0.221434
  3 42 2.63977
  4 42 1.92282
  5 42 4.9311
  6 42 -1.09084
  7 42 4.77033
  8 42 -0.997202
  9 42 3.61988
  10 42 0.617791
  11 42 -1.65434
  12 42 2.21206
  13 42 -0.852684
  14 42 -0.0496251
  15 42 1.31811
  16 42 2.367
  17 42 -0.054782
  18 42 -4.08261
  19 42 4.38093
  20 42 2.27935
5500 20 840
  1 42 0.0514165
  2 42 0.562454
  3 42 -1.20327
  4 42 0.462959
  5 42 -0.322299
  6 42 -0.0954864
  7 42 1.17318
  8 42 -0.0787609
  9 42 2.23429
  10 42 0.497784
  11 42 -0.641179
  12 42 4.76655
  13 42 0.918895
  14 42 0.560709
  15 42 2.57976
  16 42 -1.54591
  17 42 0.484205
  18 42 0.0628547
  19 42 2.46305
  20 42 -4.78542
5600 20 840
  1 42 1.26962
  2 42 2.87273
  3 42 2.87161
  4 42 2.30338
  5 42 -0.908592
  6 42 2.17534
  7 42 3.72928
  8 42 -0.0629161
  9 42 1.09437
  10 42 2.2071
  11 42 0.135774
  12 42 0.504105
  13 42 -1.24726
  14 42 2.75571
  15 42 1.78074
  16 42 2.17911
  17 42 1.4008
  18 42 -0.127261
  19 42 3.68205
  20 42 -0.651936
5700 20 840
  1 42 1.45785
  2 42 5.76178
  3 42 7.38718
  4 42 -1.68291
  5 42 7.4712
  6 42 2.61638
  7 42 0.648215
  8 42 0.982456
  9 42 1.03364
  10 42 -0.0233792
  11 42 -3.04951
  12 42 1.18836
  13 42 2.6373
  14 42 1.91649
  15 42 0.776202
  16 42 1.41492
  17 42 -0.314566
  18 42 1.40445
  19 42 5.12669
  20 42 3.95135
5800 20 840
  1 42 2.1599
  2 42 0.798614
  3 42 0.191691
  4 42 -0.0631923
  5 42 2.69846
  6 42 -1.37177
  7 42 0.111899
  8 42 0.592933
  9 42 0.750807
  10 42 -0.597536
  11 42 2.907
  12 42 -0.558202
  13 42 0.0459588
  14 42 0.16835
  15 42 -0.551634
  16 42 0.675405
  17 42 1.66833
  18 42 2.0271
  19 42 -6.14182
  20 42 -0.48708
5900 20 840
  1 42 4.1597
  2 42 0.383719
  3 42 3.54638
  4 42 -0.664035
  5 42 -3.24909
  6 42 2.12518
  7 42 1.2807
  8 42 3.31295
  9 42 -0.26883
  10 42 0.733376
  11 42 -0.148092
  12 42 0.499796
  13 42 -0.668436
  14 42 1.56106
  15 42 3.10952
  16 42 1.91241
  17 42 1.73848
  18 42 3.42614
  19 42 0.343746
  20 42 4.27328
6000 20 840
  1 42 0.700007
  2 42 -0.541716
  3 42 -0.545166
  4 42 2.73178
  5 42 1.32366
  6 42 2.53528
  7 42 -0.846621
  8 42 0.895929
  9 42 0.106119
  10 42 -0.124944
  11 42 1.40969
  12 42 1.45662
  13 42 4.20244
  14 42 1.74673
  15 42 -0.089843
  16 42 4.32382
  17 42 1.50095
  18 42 2.67057
  19 42 -0.896023
  20 42 2.38095
6100 20 840
  1 42 1.5089
  2 42 -1.09823
  3 42 0.0278962
  4 42 3.02018
  5 42 3.59891
  6 42 1.70418
  7 42 -1.99484
  8 42 -1.76423
  9 42 1.05606
  10 42 -3.20514
  11 42 1.37764
  12 42 1.14689
  13 42 0.429246
  14 42 2.72269
  15 42 0.204653
  16 42 3.20976
  17 42 1.22415
  18 42 1.54666
  19 42 0.875423
  20 42 0.755814
6200 20 840
  1 42 2.63681
  2 42 2.08433
  3 42 3.7851
  4 42 0.81273
  5 42 1.91325
  6 42 4.03542
  7 42 2.43627
  8 42 1.61344
  9 42 -3.25065
  10 42 0.57498
  11 42 -0.817143
  12 42 0.135902
  13 42 2.97002
  14 42 0.216692
  15 42 1.27164
  16 42 0.680278
  17 42 2.79306
  18 42 1.51866
  19 42 4.43701
  20 42 -0.845011
6300 20 840
  1 42 -0.428998
  2 42 1.26477
  3 42 -1.81212
  4 42 -0.115146
  5 42 -2.84825
  6 42 1.33064
  7 42 3.24616
  8 42 5.10184
  9 42 -1.8841
  10 42 2.9664
  11 42 2.71631
  12 42 0.986343
  13 42 1.92705
  14 42 -2.52289
  15 42 -0.979208
  16 42 0.0615485
  17 42 -1.62858
  18 42 -1.96994
  19 42 -1.41661
  20 42 3.80346
6400 20 840
  1 42 0.734966
  2 42 0.808317
  3 42 0.746743
  4 42 2.4349
  5 42 4.78934
  6 42 0.836182
  7 42 1.76285
  8 42 4.11143
  9 42 2.25349
  10 42 0.432911
  11 42 -2.78546
  12 42 0.68241
  13 42 0.719262
  14 42 0.853154
  15 42 0.659936
  16 42 1.42938
  17 42 -1.92666
  18 42 -0.523788
  19 42 -0.118452
  20 42 -1.15241
6500 20 840
  1 42 0.885626
  2 42 1.00398
  3 42 -2.17322
  4 42 2.04139
  5 42 0.155111
  6 42 0.0487627
  7 42 0.362092
  8 42 1.18465
  9 42 -3.37136
  10 42 2.19266
  11 42 7.03842
  12 42 0.70045
  13 42 3.72898
  14 42 3.2059
  15 42 -0.268247
  16 42 -3.5919
  17 42 3.24943
  18 42 -2.68927
  19 42 1.32307
  20 42 0.902157
6600 20 840
  1 42 -1.50145
  2 42 0.891051
  3 42 1.85753
  4 42 -2.00363
  5 42 -0.665127
  6 42 1.62858
  7 42 0.264602
  8 42 -0.0555054
  9 42 -0.948801
  10 42 1.54541
  11 42 3.73526
  12 42 3.03055
  13 42 -0.524266
  14 42 3.20897
  15 42 -0.682815
  16 42 2.18965
  17 42 -1.47528
  18 42 0.0434588
  19 42 -1.87496
  20 42 3.41182
6700 20 840
  1 42 1.12933
  2 42 0.778465
  3 42 -2.02341
  4 42 -0.349656
  5 42 0.730041
  6 42 0.381286
  7 42 3.27315
  8 42 0.771789
  9 42 7.14719
  10 42 -0.525199
  11 42 -0.203395
  12 42 1.11369
  13 42 0.838239
  14 42 1.01362
  15 42 0.0378276
  16 42 0.865294
  17 42 -0.22755
  18 42 -2.00424
  19 42 2.54471
  20 42 -0.322436
6800 20 840
  1 42 0.884757
  2 42 -1.28864
  3 42 1.2712
  4 42 -0.67548
  5 42 -1.15785
  6 42 -1.40233
  7 42 1.78141
  8 42 -0.536979
  9 42 3.06552
  10 42 3.57334
  11 42 -0.267728
  12 42 -0.416458
  13 42 0.275532
  14 42 -0.607264
  15 42 0.594916
  16 42 0.441977
  17 42 -1.1653
  18 42 1.51218
  19 42 0.56149
  20 42 2.01129
6900 20 840
  1 42 -3.65885
  2 42 1.80459
  3 42 2.11519
  4 42 4.80822
  5 42 -0.709417
  6 42 0.761351
  7 42 -1.87935
  8 42 0.10039
  9 42 -2.51158
  10 42 3.24322
  11 42 -1.06809
  12 42 1.65044
  13 42 -0.957848
  14 42 0.422589
  15 42 1.76218
  16 42 -0.36531
  17 42 0.12713
  18 42 -0.0770324
  19 42 1.09412
  20 42 -0.701261
7000 20 840
  1 42 0.342996
  2 42 2.29548
  3 42 3.64184
  4 42 1.3
  5 42 1.83077
  6 42 -0.333418
  7 42 -0.975531
  8 42 0.570307
  9 42 -1.25411
  10 42 -1.46352
  11 42 -0.549884
  12 42 1.87396
  13 42 2.03433
  14 42 2.54109
  15 42 2.389
  16 42 -0.961367
  17 42 -0.114267
  18 42 0.670456
  19 42 4.66011
  20 42 -0.581459
7100 20 840
  1 42 3.34624
  2 42 1.04277
  3 42 -3.0907
  4 42 -1.3478
  5 42 2.57746
  6 42 3.20068
  7 42 -1.19648
  8 42 -1.34317
  9 42 1.105
  10 42 -0.532508
  11 42 2.47374
  12 42 -0.950669
  13 42 1.07011
  14 42 -0.149677
  15 42 1.88199
  16 42 0.932033
  17 42 0.746053
  18 42 2.30164
  19 42 -2.42769
  20 42 -1.54962
7200 20 840
  1 42 1.6905
  2 42 1.11691
  3 42 3.26234
  4 42 -0.205586
  5 42 3.16167
  6 42 -0.063495
  7 42 0.7309
  8 42 0.0653058
  9 42 -1.01965
  10 42 -0.814299
  11 42 0.0488914
  12 42 0.880623
  13 42 -2.39787
  14 42 0.41642
  15 42 2.94332
  16 42 3.9845
  17 42 0.71341
  18 42 1.31851
  19 42 -1.59383
  20 42 3.20123
7300 20 840
  1 42 2.92115
  2 42 -1.13717
  3 42 -3.2495
  4 42 1.06423
  5 42 5.70479
  6 42 -0.792381
  7 42 -0.339222
  8 42 -0.806645
  9 42 -0.924886
  10 42 -0.697609
  11 42 4.12026
  12 42 0.211315
  13 42 -0.681655
  14 42 0.479883
  15 42 0.854282
  16 42 1.01108
  17 42 1.56116
  18 42 -0.58985
  19 42 -3.85395
  20 42 3.08906
7400 20 840
  1 42 1.29079
  2 42 1.2099
  3 42 0.801114
  4 42 0.848628
  5 42 1.56921
  6 42 4.31683
  7 42 -1.10007
  8 42 0.605957
  9 42 1.85075
  10 42 -3.4461
  11 42 -0.354415
  12 42 0.858686
  13 42 2.76748
  14 42 3.49961
  15 42 -0.437113
  16 42 3.31917
  17 42 1.5
  18 42 1.65387
  19 42 -0.637241
  20 42 0.0074124
7500 20 840
  1 42 -0.0731102
  2 42 -1.00579
  3 42 4.12652
  4 42 2.62519
  5 42 0.877253
  6 42 1.65627
  7 42 -2.47224
  8 42 1.33805
  9 42 -1.38558
  10 42 0.61359
  11 42 -0.873828
  12 42 0.820741
  13 42 2.6694
  14 42 -0.339063
  15 42 -0.602696
  16 42 2.76218
  17 42 1.57142
  18 42 2.88161
  19 42 3.0973
  20 42 -1.83264
7600 20 840
  1 42 1.08978
  2 42 -0.0319739
  3 42 -1.14627
  4 42 -0.728847
  5 42 1.85672
  6 42 -3.24287
  7 42 0.565489
  8 42 4.73865
  9 42 -4.3973
  10 42 3.75063
  11 42 2.27906
  12 42 1.34587
  13 42 1.97625
  14 42 -0.892105
  15 42 -0.61457
  16 42 -0.0269604
  17 42 3.22867
  18 42 1.02354
  19 42 0.550951
  20 42 0.737508
7700 20 840
  1 42 1.25798
  2 42 0.282398
  3 42 5.40772
  4 42 1.42918
  5 42 5.16686
  6 42 3.97826
  7 42 2.30839
  8 42 1.90755
  9 42 -2.29846
  10 42 -0.587103
  11 42 0.368765
  12 42 0.444459
  13 42 0.390145
  14 42 -0.744417
  15 42 3.15523
  16 42 1.47949
  17 42 2.49502
  18 42 -2.40263
  19 42 -0.263012
  20 42 0.584401
7800 20 840
  1 42 0.361325
  2 42 2.43651
  3 42 0.224962
  4 42 -0.418007
  5 42 2.02105
  6 42 2.35006
  7 42 2.33641
  8 42 1.48221
  9 42 0.956402
  10 42 0.261965
  11 42 3.95647
  12 42 -0.24841
  13 42 1.92162
  14 42 1.25563
  15 42 -2.03235
  16 42 -5.05171
  17 42 -0.377557
  18 42 0.212121
  19 42 0.0566404
  20 42 1.58179
7900 20 840
  1 42 0.425748
  2 42 -0.459626
  3 42 0.388502
  4 42 2.57207
  5 42 4.95207
  6 42 -0.851112
  7 42 0.763427
  8 42 0.858327
  9 42 3.71871
  10 42 -2.07962
  11 42 4.5755
  12 42 2.35289
  13 42 -1.24131
  14 42 2.23874
  15 42 2.12075
  16 42 1.71486
  17 42 -2.26603
  18 42 -5.32208
  19 42 1.02355
  20 42 -0.977117
8000 20 840
  1 42 1.41855
  2 42 1.49146
  3 42 -0.895709
  4 42 -0.600649
  5 42 -1.95492
  6 42 2.00916
  7 42 0.747567
  8 42 1.25139
  9 42 1.36243
  10 42 0.931828
  11 42 1.2111
  12 42 2.71443
  13 42 0.119697
  14 42 1.1451
  15 42 2.01718
  16 42 -1.70388
  17 42 -1.14387
  18 42 2.68857
  19 42 1.76311
  20 42 -2.52082
8100 20 840
  1 42 -3.27291
  2 42 -1.08606
  3 42 3.1605
  4 42 -2.28777
  5 42 -2.24016
  6 42 -1.78001
  7 42 1.73695
  8 42 1.75183
  9 42 1.77302
  10 42 2.09352
  11 42 2.91415
  12 42 0.859433
  13 42 0.361384
  14 42 -0.37728
  15 42 -0.211867
  16 42 1.6976
  17 42 1.182
  18 42 -2.92041
  19 42 -0.0584335
  20 42 1.48763
8200 20 840
  1 42 -2.12741
  2 42 4.4044
  3 42 3.38324
  4 42 2.45683
  5 42 4.49357
  6 42 -0.101287
  7 42 -3.05741
  8 42 0.314408
  9 42 3.04288
  10 42 2.40202
  11 42 -0.732105
  12 42 0.802879
  13 42 -1.0817
  14 42 0.144851
  15 42 2.58141
  16 42 -1.98445
  17 42 -4.35301
  18 42 0.244335
  19 42 1.37751
  20 42 0.84029
8300 20 840
  1 42 -0.260703
  2 42 -3.16645
  3 42 -1.33182
  4 42 4.15638
  5 42 -1.28889
  6 42 -1.53069
  7 42 -2.77409
  8 42 1.77027
  9 42 -2.38007
  10 42 3.87097
  11 42 1.22742
  12 42 -0.279551
  13 42 -0.553607
  14 42 0.14848
  15 42 1.15012
  16 42 0.405228
  17 42 2.09807
  18 42 1.9928
  19 42 -0.224776
  20 42 1.22604
8400 20 840
  1 42 1.46024
  2 42 0.102024
  3 42 0.817782
  4 42 -1.2527
  5 42 -0.0788059
  6 42 1.57432
  7 42 -0.092758
  8 42 0.154689
  9 42 -0.552115
  10 42 1.2744
  11 42 1.49113
  12 42 3.62802
  13 42 -0.100762
  14 42 1.87006
  15 42 1.12741
  16 42 -0.395673
  17 42 1.30027
  18 42 3.84209
  19 42 2.90182
  20 42 -0.0453464
8500 20 840
  1 42 -1.15349
  2 42 -1.62448
  3 42 -1.94672
  4 42 2.06635
  5 42 5.74445
  6 42 0.615198
  7 42 -1.20536
  8 42 -1.86997
  9 42 0.0235954
  10 42 -3.19671
  11 42 1.27354
  12 42 0.229405
  13 42 -0.513461
  14 42 1.85109
  15 42 -0.575428
  16 42 2.76642
  17 42 2.56172
  18 42 -0.193422
  19 42 -1.85779
  20 42 -1.0646
8600 20 840
  1 42 1.58966
  2 42 2.22922
  3 42 -4.41901
  4 42 -0.57443
  5 42 2.5622
  6 42 1.09122
  7 42 1.66917
  8 42 -0.125037
  9 42 -1.68312
  10 42 2.43251
  11 42 1.25191
  12 42 0.376318
  13 42 -1.23743
  14 42 0.894185
  15 42 -2.02821
  16 42 1.37555
  17 42 3.21581
  18 42 1.16066
  19 42 -2.28188
  20 42 2.82581
8700 20 840
  1 42 1.75167
  2 42 1.651
  3 42 0.810255
  4 42 0.953035
  5 42 4.21501
  6 42 4.58413
  7 42 -0.127326
  8 42 0.678956
  9 42 -2.18683
  10 42 -0.517031
  11 42 1.22931
  12 42 0.301232
  13 42 -1.16698
  14 42 -1.71213
  15 42 0.252335
  16 42 2.60313
  17 42 2.58924
  18 42 -0.19807
  19 42 0.234035
  20 42 0.67905
8800 20 840
  1 42 -3.27853
  2 42 -0.412584
  3 42 2.9094
  4 42 -0.526501
  5 42 3.66393
  6 42 2.14759
  7 42 0.195141
  8 42 2.77317
  9 42 -2.75196
  10 42 -3.37402
  11 42 2.53646
  12 42 0.415892
  13 42 2.73557
  14 42 -0.856147
  15 42 -2.36815
  16 42 3.33057
  17 42 -0.347981
  18 42 -0.0506968
  19 42 2.3778
  20 42 1.05853
8900 20 840
  1 42 3.63213
  2 42 0.733413
  3 42 3.79965
  4 42 3.77075
  5 42 2.47057
  6 42 1.75202
  7 42 -0.609448
  8 42 0.274544
  9 42 -1.05349
  10 42 2.04068
  11 42 3.24327
  12 42 0.0468798
  13 42 2.17106
  14 42 -0.686732
  15 42 -0.418875
  16 42 0.229811
  17 42 1.08477
  18 42 1.86355
  19 42 1.27963
  20 42 -1.26182
9000 20 840
  1 42 -0.305583
  2 42 2.79948
  3 42 3.98459
  4 42 -0.36293
  5 42 4.00709
  6 42 1.95887
  7 42 0.401722
  8 42 1.14657
  9 42 -3.45531
  10 42 1.47962
  11 42 2.78565
  12 42 1.5491
  13 42 2.1996
  14 42 2.90997
  15 42 2.5383
  16 42 2.81007
  17 42 2.79955
  18 42 -1.56406
  19 42 0.525944
  20 42 3.27973
9100 20 840
  1 42 0.44071
  2 42 -0.986783
  3 42 1.3613
  4 42 2.71798
  5 42 0.215191
  6 42 0.704827
  7 42 2.40728
  8 42 1.20972
  9 42 -0.533693
  10 42 -0.951527
  11 42 3.5319
  12 42 -1.95594
  13 42 0.430807
  14 42 0.519836
  15 42 -1.3631
  16 42 -3.00746
  17 42 2.92004
  18 42 1.34978
  19 42 -1.54904
  20 42 1.09431
9200 20 840
  1 42 4.01771
  2 42 0.8384
  3 42 1.51961
  4 42 -0.929304
  5 42 5.23804
  6 42 1.69966
  7 42 5.39691
  8 42 3.55598
  9 42 0.595154
  10 42 -3.44667
  11 42 4.36118
  12 42 -0.118232
  13 42 2.73975
  14 42 1.29744
  15 42 0.372714
  16 42 -0.495873
  17 42 2.92654
  18 42 -1.55457
  19 42 3.7557
  20 42 -1.48453
9300 20 840
  1 42 0.923598
  2 42 -0.165205
  3 42 0.942889
  4 42 2.61064
  5 42 0.632453
  6 42 -1.58371
  7 42 2.9567
  8 42 0.904939
  9 42 3.33813
  10 42 2.40859
  11 42 3.97821
  12 42 -1.28897
  13 42 -1.22356
  14 42 1.92858
  15 42 2.65331
  16 42 -0.569294
  17 42 -4.34882
  18 42 0.832807
  19 42 0.111115
  20 42 0.235057
9400 20 840
  1 42 -2.98804
  2 42 3.10572
  3 42 0.489538
  4 42 -0.673867
  5 42 -2.28776
  6 42 -1.82276
  7 42 -0.13063
  8 42 0.921686
  9 42 2.67182
  10 42 2.1263
  11 42 3.68168
  12 42 0.687607
  13 42 0.823201
  14 42 3.93556
  15 42 0.614243
  16 42 0.868818
  17 42 -2.23054
  18 42 -2.60316
  19 42 -1.64937
  20 42 0.229698
9500 20 840
  1 42 0.310892
  2 42 1.15405
  3 42 1.06802
  4 42 3.18026
  5 42 1.74412
  6 42 0.883693
  7 42 -1.63714
  8 42 -0.0741007
  9 42 -0.419523
  10 42 0.149817
  11 42 -0.663668
  12 42 0.81616
  13 42 3.90223
  14 42 0.299113
  15 42 3.75803
  16 42 1.87049
  17 42 0.423517
  18 42 -2.45421
  19 42 2.73596
  20 42 1.33302
9600 20 840
  1 42 -1.2101
  2 42 1.16146
  3 42 0.629295
  4 42 1.61862
  5 42 -0.103177
  6 42 0.962793
  7 42 -0.717585
  8 42 -1.46369
  9 42 -2.09659
  10 42 3.61524
  11 42 5.1117
  12 42 1.03958
  13 42 -2.80854
  14 42 -1.87869
  15 42 1.02852
  16 42 1.39014
  17 42 -0.305194
  18 42 0.197035
  19 42 -4.02551
  20 42 3.25058
9700 20 840
  1 42 -0.802135
  2 42 -1.04376
  3 42 -0.0892012
  4 42 3.49719
  5 42 0.227329
  6 42 0.436696
  7 42 -3.14364
  8 42 -0.96408
  9 42 2.62451
  10 42 -0.0575335
  11 42 3.9576
  12 42 1.83329
  13 42 -2.02971
  14 42 1.9373
  15 42 2.03729
  16 42 3.70255
  17 42 0.194821
  18 42 -1.61775
  19 42 2.93871
  20 42 4.10265
9800 20 840
  1 42 1.33919
  2 42 2.85451
  3 42 -2.00103
  4 42 2.68232
  5 42 5.86722
  6 42 3.24209
  7 42 1.02689
  8 42 -3.27261
  9 42 -0.191877
  10 42 -0.737828
  11 42 0.0751542
  12 42 -0.664565
  13 42 0.27458
  14 42 2.00514
  15 42 -2.17366
  16 42 4.04297
  17 42 -0.668234
  18 42 2.02259
  19 42 0.0421576
  20 42 2.18088
9900 20 840
  1 42 -1.20672
  2 42 -0.579629
  3 42 -0.300806
  4 42 0.79402
  5 42 0.457431
  6 42 1.42963
  7 42 0.640115
  8 42 1.5936
  9 42 -2.12836
  10 42 -0.836919
  11 42 -0.433262
  12 42 1.7609
  13 42 0.27996
  14 42 2.29802
  15 42 -2.62943
  16 42 3.16725
  17 42 3.27348
  18 42 2.5539
  19 42 -0.435258
  20 42 1.04307
10000 20 840
  1 42 0.152734
  2 42 1.07641
  3 42 -0.164359
  4 42 -0.520092
  5 42 3.10171
  6 42 1.11958
  7 42 0.54445
  8 42 3.97669
  9 42 -1.17457
  10 42 2.30793
  11 42 1.20334
  12 42 0.741792
  13 42 -2.66952
  14 42 -0.222691
  15 42 1.74057
  16 42 -0.282643
  17 42 4.04693
  18 42 1.68456
  19 42 0.0450249
  20 42 -1.1348
