# Chunk-averaged data for fix sternForces and group all
# Timestep Number-of-chunks Total-count
# Chunk Ncount c_sternComp
0 20 840
  1 42 -0.202213
  2 42 -0.202213
  3 42 -0.202213
  4 42 -0.202213
  5 42 -0.202213
  6 42 -0.202213
  7 42 -0.202213
  8 42 -0.202213
  9 42 -0.202213
  10 42 -0.202213
  11 42 -0.202213
  12 42 -0.202213
  13 42 -0.202213
  14 42 -0.202213
  15 42 -0.202213
  16 42 -0.202213
  17 42 -0.202213
  18 42 -0.202213
  19 42 -0.202213
  20 42 -0.202213
100 20 840
  1 42 0.854518
  2 42 -0.587222
  3 42 -1.36165
  4 42 -1.06404
  5 42 -0.63793
  6 42 -0.156131
  7 42 -0.78659
  8 42 1.25805
  9 42 2.0992
  10 42 -0.105725
  11 42 -0.29684
  12 42 -0.651782
  13 42 1.20729
  14 42 0.703995
  15 42 -2.04885
  16 42 -1.46067
  17 42 0.229197
  18 42 1.06898
  19 42 -0.062213
  20 42 1.64591
200 20 840
  1 42 -0.149242
  2 42 0.912428
  3 42 1.30074
  4 42 -1.94893
  5 42 0.960264
  6 42 -1.73709
  7 42 0.382837
  8 42 0.364758
  9 42 0.617
  10 42 2.6358
  11 42 0.819314
  12 42 -0.626423
  13 42 -0.794198
  14 42 -1.26079
  15 42 1.46073
  16 42 0.579146
  17 42 0.335683
  18 42 -0.917668
  19 42 2.06455
  20 42 0.506696
300 20 840
  1 42 0.395432
  2 42 -1.28415
  3 42 -3.12484
  4 42 0.212271
  5 42 -3.31566
  6 42 -1.7203
  7 42 -1.60382
  8 42 1.82305
  9 42 -1.49968
  10 42 2.96794
  11 42 -0.59565
  12 42 -0.11174
  13 42 2.7741
  14 42 -0.725031
  15 42 -1.06935
  16 42 -3.27834
  17 42 1.68069
  18 42 0.434031
  19 42 1.16378
  20 42 -2.10502
400 20 840
  1 42 -0.67129
  2 42 -0.619065
  3 42 -0.0792754
  4 42 1.39617
  5 42 1.03753
  6 42 -1.10647
  7 42 -0.856068
  8 42 0.518397
  9 42 0.745225
  10 42 -0.210094
  11 42 0.148377
  12 42 -0.226323
  13 42 0.0327198
  14 42 -0.266814
  15 42 0.968124
  16 42 -1.80706
  17 42 0.308585
  18 42 -0.146862
  19 42 0.144607
  20 42 -0.824365
500 20 840
  1 42 -1.56218
  2 42 0.825368
  3 42 -0.998954
  4 42 0.617966
  5 42 0.437471
  6 42 -1.38343
  7 42 -1.20634
  8 42 -0.345147
  9 42 -3.13827
  10 42 0.486406
  11 42 -0.200589
  12 42 1.65334
  13 42 -2.43146
  14 42 -0.230893
  15 42 -0.479704
  16 42 0.211321
  17 42 -0.376641
  18 42 -1.88263
  19 42 -0.923354
  20 42 0.73662
600 20 840
  1 42 -2.14726
  2 42 -1.15759
  3 42 1.56064
  4 42 0.661306
  5 42 -3.57806
  6 42 -0.154969
  7 42 -0.544766
  8 42 1.83777
  9 42 -0.723508
  10 42 -2.26465
  11 42 -1.45293
  12 42 -0.381252
  13 42 1.38315
  14 42 -1.03546
  15 42 0.590617
  16 42 0.858422
  17 42 -0.98678
  18 42 1.56594
  19 42 -0.162029
  20 42 0.579596
700 20 840
  1 42 -1.88295
  2 42 -0.46375
  3 42 2.1418
  4 42 0.886306
  5 42 -0.938721
  6 42 0.0860673
  7 42 -0.615441
  8 42 -0.930438
  9 42 0.306395
  10 42 -1.19421
  11 42 -1.72745
  12 42 0.0586544
  13 42 0.423393
  14 42 -0.373186
  15 42 0.519346
  16 42 0.616375
  17 42 0.269777
  18 42 -0.463702
  19 42 -3.02414
  20 42 0.63372
800 20 840
  1 42 -0.0857956
  2 42 -1.9476
  3 42 -2.35318
  4 42 -1.60815
  5 42 2.23244
  6 42 -0.0076503
  7 42 2.10389
  8 42 -2.33077
  9 42 0.302243
  10 42 0.563336
  11 42 -0.409836
  12 42 -0.620672
  13 42 0.698136
  14 42 0.861641
  15 42 -1.88319
  16 42 1.66035
  17 42 -0.962926
  18 42 -1.9696
  19 42 -0.437878
  20 42 0.195154
900 20 840
  1 42 -1.32741
  2 42 -0.692408
  3 42 0.643489
  4 42 -0.635226
  5 42 1.64346
  6 42 -0.226707
  7 42 0.60357
  8 42 -2.26713
  9 42 3.31389
  10 42 0.637445
  11 42 0.387191
  12 42 0.0287341
  13 42 0.243009
  14 42 -0.66133
  15 42 -0.784459
  16 42 1.17422
  17 42 -0.315173
  18 42 -0.590301
  19 42 -0.184028
  20 42 0.936854
1000 20 840
  1 42 0.420075
  2 42 -0.714144
  3 42 -0.681485
  4 42 0.770938
  5 42 -1.00053
  6 42 -1.0257
  7 42 -0.513444
  8 42 0.221181
  9 42 -1.17059
  10 42 0.583962
  11 42 -0.139307
  12 42 -1.53074
  13 42 0.213741
  14 42 -0.864426
  15 42 -0.493605
  16 42 0.400059
  17 42 -0.645094
  18 42 -0.421188
  19 42 0.05092
  20 42 0.149304
1100 20 840
  1 42 1.92636
  2 42 0.969874
  3 42 0.167315
  4 42 -2.98005
  5 42 2.26571
  6 42 -1.39993
  7 42 -0.3293
  8 42 -0.705361
  9 42 -0.161229
  10 42 -0.65315
  11 42 2.39326
  12 42 -1.1086
  13 42 -1.86187
  14 42 -0.409125
  15 42 -1.24269
  16 42 0.248869
  17 42 -1.87405
  18 42 1.32467
  19 42 0.313712
  20 42 1.00971
1200 20 840
  1 42 1.96084
  2 42 -0.0603381
  3 42 0.0300264
  4 42 0.665854
  5 42 2.37033
  6 42 0.413919
  7 42 -1.58711
  8 42 -0.953786
  9 42 -1.39082
  10 42 -0.0915424
  11 42 1.1381
  12 42 1.17766
  13 42 -1.44121
  14 42 0.766197
  15 42 -0.178755
  16 42 -0.15553
  17 42 -1.45759
  18 42 2.17759
  19 42 0.78419
  20 42 -0.976912
1300 20 840
  1 42 0.174505
  2 42 -0.80614
  3 42 -0.486105
  4 42 2.88052
  5 42 -2.32048
  6 42 -0.571357
  7 42 -2.2801
  8 42 0.634157
  9 42 -0.806234
  10 42 0.853979
  11 42 0.113893
  12 42 -0.212462
  13 42 -1.08199
  14 42 -2.60246
  15 42 -1.0999
  16 42 -1.11041
  17 42 -3.17371
  18 42 0.261437
  19 42 -1.63001
  20 42 -1.84344
1400 20 840
  1 42 -1.3681
  2 42 0.598329
  3 42 1.97799
  4 42 -2.45208
  5 42 -1.23312
  6 42 -0.715676
  7 42 0.951777
  8 42 1.96793
  9 42 -2.50444
  10 42 -0.11012
  11 42 1.48146
  12 42 0.399192
  13 42 -1.48038
  14 42 -2.21532
  15 42 2.19309
  16 42 -0.443476
  17 42 -1.46565
  18 42 -0.991622
  19 42 1.87653
  20 42 -1.36659
1500 20 840
  1 42 0.394347
  2 42 0.9476
  3 42 -1.48314
  4 42 -1.68365
  5 42 -0.0990285
  6 42 1.84829
  7 42 -1.34945
  8 42 0.21338
  9 42 0.0355405
  10 42 0.180268
  11 42 2.22616
  12 42 -0.317784
  13 42 1.78021
  14 42 2.80347
  15 42 -0.934007
  16 42 -0.314464
  17 42 0.0454071
  18 42 0.0268536
  19 42 0.125488
  20 42 0.952204
1600 20 840
  1 42 -2.00296
  2 42 0.192665
  3 42 -1.88732
  4 42 -0.0149622
  5 42 -1.46449
  6 42 -0.713956
  7 42 0.679769
  8 42 -1.91458
  9 42 -0.542158
  10 42 -0.0493283
  11 42 -0.634581
  12 42 -0.959262
  13 42 0.49483
  14 42 2.07161
  15 42 -0.315299
  16 42 0.405793
  17 42 -2.09679
  18 42 -2.37101
  19 42 -1.7915
  20 42 2.22075
1700 20 840
  1 42 0.730854
  2 42 1.13631
  3 42 0.184778
  4 42 -1.51073
  5 42 -2.27819
  6 42 0.896675
  7 42 0.988862
  8 42 -0.9017
  9 42 -2.4443
  10 42 1.68556
  11 42 -0.905179
  12 42 1.93255
  13 42 2.16261
  14 42 0.121143
  15 42 2.48734
  16 42 1.88374
  17 42 0.94096
  18 42 -1.42305
  19 42 0.645912
  20 42 0.700041
1800 20 840
  1 42 -1.00456
  2 42 -1.92431
  3 42 0.606342
  4 42 -0.350736
  5 42 -0.916984
  6 42 -1.90728
  7 42 0.785424
  8 42 -0.62119
  9 42 1.53276
  10 42 -0.411072
  11 42 -2.72137
  12 42 -0.290228
  13 42 0.773214
  14 42 -0.502817
  15 42 1.61248
  16 42 -2.05688
  17 42 -0.442142
  18 42 0.333897
  19 42 0.420783
  20 42 0.711796
1900 20 840
  1 42 1.05155
  2 42 -0.0545754
  3 42 -0.529712
  4 42 0.173865
  5 42 3.06607
  6 42 -0.101542
  7 42 1.81058
  8 42 -1.24678
  9 42 -1.58992
  10 42 -2.43207
  11 42 -1.4473
  12 42 1.22674
  13 42 -1.51368
  14 42 1.53555
  15 42 -0.676174
  16 42 -1.47164
  17 42 -0.310922
  18 42 -1.46556
  19 42 -0.179379
  20 42 -0.385432
2000 20 840
  1 42 0.843859
  2 42 -0.505366
  3 42 -0.167998
  4 42 1.64051
  5 42 1.22826
  6 42 -0.561381
  7 42 0.0019537
  8 42 0.290474
  9 42 1.40508
  10 42 -1.83325
  11 42 -0.638492
  12 42 -0.0964604
  13 42 -0.660903
  14 42 -0.151042
  15 42 -0.29783
  16 42 1.96953
  17 42 0.672487
  18 42 2.24879
  19 42 -1.77269
  20 42 0.740078
2100 20 840
  1 42 0.385705
  2 42 0.459644
  3 42 1.21854
  4 42 1.3585
  5 42 -0.664691
  6 42 -1.53013
  7 42 -1.53914
  8 42 0.594275
  9 42 -0.30003
  10 42 0.583459
  11 42 1.2065
  12 42 -0.917976
  13 42 -1.7799
  14 42 -1.55768
  15 42 -1.05006
  16 42 -1.87779
  17 42 -0.326619
  18 42 2.20862
  19 42 -2.80987
  20 42 -0.472146
2200 20 840
  1 42 -0.65215
  2 42 -0.470648
  3 42 0.7942
  4 42 0.518746
  5 42 0.604933
  6 42 -0.688857
  7 42 0.51214
  8 42 0.391243
  9 42 -1.06365
  10 42 2.13796
  11 42 -3.95627
  12 42 -2.19676
  13 42 -2.18977
  14 42 0.284086
  15 42 -1.43212
  16 42 -1.29
  17 42 -1.04672
  18 42 -0.185032
  19 42 0.76196
  20 42 0.112341
2300 20 840
  1 42 0.212766
  2 42 0.781542
  3 42 1.34209
  4 42 -0.488934
  5 42 0.258617
  6 42 -0.150146
  7 42 -2.39234
  8 42 -0.776723
  9 42 2.47667
  10 42 1.61147
  11 42 5.12667
  12 42 -0.148383
  13 42 -0.711638
  14 42 1.54119
  15 42 -1.92976
  16 42 0.0704616
  17 42 0.0801844
  18 42 -0.990522
  19 42 -0.126511
  20 42 1.32831
2400 20 840
  1 42 -0.633271
  2 42 1.41633
  3 42 -0.0428161
  4 42 -0.272292
  5 42 1.50721
  6 42 -0.161232
  7 42 0.310496
  8 42 0.26334
  9 42 -0.819238
  10 42 -0.887745
  11 42 -0.0589816
  12 42 -0.275006
  13 42 1.38217
  14 42 -0.103907
  15 42 0.752031
  16 42 0.480665
  17 42 -0.35881
  18 42 -0.71949
  19 42 0.305983
  20 42 -0.638324
2500 20 840
  1 42 0.357678
  2 42 -0.121733
  3 42 0.309377
  4 42 -1.26913
  5 42 -0.965332
  6 42 -0.694431
  7 42 -0.796405
  8 42 -0.503843
  9 42 -0.0518231
  10 42 1.24147
  11 42 -1.65406
  12 42 -0.555273
  13 42 -0.10127
  14 42 -1.02987
  15 42 0.378754
  16 42 0.396613
  17 42 -0.554181
  18 42 -0.028289
  19 42 -1.5002
  20 42 2.14214
2600 20 840
  1 42 2.16097
  2 42 -1.01127
  3 42 0.503169
  4 42 -1.88796
  5 42 0.635001
  6 42 0.981345
  7 42 0.919812
  8 42 -0.0383067
  9 42 -1.44765
  10 42 -2.29967
  11 42 0.628412
  12 42 0.896894
  13 42 0.0637247
  14 42 -0.819485
  15 42 0.694722
  16 42 0.754557
  17 42 -2.75861
  18 42 -0.200888
  19 42 1.68752
  20 42 2.65013
2700 20 840
  1 42 -1.57353
  2 42 -0.0597603
  3 42 -1.29421
  4 42 -0.139768
  5 42 -0.0385541
  6 42 1.99648
  7 42 -0.862469
  8 42 -2.3024
  9 42 -0.177891
  10 42 -0.726379
  11 42 -2.64806
  12 42 1.19763
  13 42 -0.619661
  14 42 -0.162948
  15 42 -1.78682
  16 42 0.103021
  17 42 -2.53069
  18 42 -0.452191
  19 42 -2.06602
  20 42 0.845543
2800 20 840
  1 42 -0.596542
  2 42 -0.536333
  3 42 -1.55103
  4 42 0.549166
  5 42 -2.41762
  6 42 -0.86859
  7 42 1.30808
  8 42 -0.799727
  9 42 -0.984195
  10 42 -0.772073
  11 42 1.76941
  12 42 0.31153
  13 42 -0.932457
  14 42 -0.0282879
  15 42 1.94248
  16 42 0.647855
  17 42 -1.8252
  18 42 -0.997007
  19 42 -0.173181
  20 42 -2.73404
2900 20 840
  1 42 0.521317
  2 42 0.902766
  3 42 0.00584074
  4 42 -2.00832
  5 42 0.615609
  6 42 -0.12484
  7 42 0.468931
  8 42 0.458166
  9 42 0.960777
  10 42 0.359604
  11 42 2.22684
  12 42 -0.902625
  13 42 -0.426302
  14 42 -0.515666
  15 42 -0.428194
  16 42 -0.447252
  17 42 -1.19048
  18 42 0.686063
  19 42 -0.752929
  20 42 -0.9919
3000 20 840
  1 42 -0.195961
  2 42 1.01962
  3 42 -0.335207
  4 42 0.529356
  5 42 1.09751
  6 42 -0.509475
  7 42 -0.989686
  8 42 -1.54914
  9 42 -1.00186
  10 42 1.57319
  11 42 2.02431
  12 42 -0.661437
  13 42 -0.029878
  14 42 1.08169
  15 42 0.07134
  16 42 1.13055
  17 42 -3.17746
  18 42 2.48044
  19 42 -0.39168
  20 42 -0.259495
3100 20 840
  1 42 1.07569
  2 42 -0.548905
  3 42 -0.809556
  4 42 2.10762
  5 42 -1.50261
  6 42 -0.300995
  7 42 -0.535288
  8 42 -1.4737
  9 42 -1.96948
  10 42 2.7373
  11 42 0.715084
  12 42 0.352157
  13 42 -0.263131
  14 42 0.417293
  15 42 -1.03967
  16 42 0.0354173
  17 42 -1.15097
  18 42 0.281157
  19 42 1.05786
  20 42 -1.58063
3200 20 840
  1 42 -1.50197
  2 42 -0.483154
  3 42 0.363845
  4 42 -1.42829
  5 42 0.289238
  6 42 -0.549525
  7 42 1.09771
  8 42 2.50393
  9 42 -0.193501
  10 42 0.361147
  11 42 0.62912
  12 42 0.119366
  13 42 0.252607
  14 42 -1.76028
  15 42 0.733762
  16 42 1.86761
  17 42 -0.344358
  18 42 1.57622
  19 42 1.90041
  20 42 -0.638304
3300 20 840
  1 42 -1.30174
  2 42 0.687728
  3 42 -0.143888
  4 42 0.955577
  5 42 0.3935
  6 42 -0.640705
  7 42 -0.13403
  8 42 -0.104985
  9 42 -1.51859
  10 42 0.682734
  11 42 1.80236
  12 42 0.299726
  13 42 -0.319851
  14 42 0.978313
  15 42 -0.912811
  16 42 -1.52146
  17 42 -0.0403012
  18 42 -1.56042
  19 42 -1.24146
  20 42 1.10539
3400 20 840
  1 42 -1.42322
  2 42 -0.816383
  3 42 0.0348853
  4 42 1.68518
  5 42 0.788461
  6 42 1.18719
  7 42 -0.560507
  8 42 -0.836594
  9 42 -0.0359604
  10 42 -2.10519
  11 42 -2.8799
  12 42 -1.33174
  13 42 -0.404938
  14 42 0.0303327
  15 42 0.130548
  16 42 1.81899
  17 42 -0.857506
  18 42 -1.55415
  19 42 -0.446941
  20 42 -0.0169327
3500 20 840
  1 42 -1.25457
  2 42 0.872777
  3 42 3.84205
  4 42 -0.142185
  5 42 0.162432
  6 42 0.577745
  7 42 -1.82411
  8 42 -0.788744
  9 42 -0.556119
  10 42 -0.910306
  11 42 -0.151869
  12 42 0.758763
  13 42 -0.0228624
  14 42 -1.9068
  15 42 0.0376572
  16 42 0.878518
  17 42 -1.89913
  18 42 -1.25704
  19 42 -0.078465
  20 42 2.26784
3600 20 840
  1 42 -0.183671
  2 42 -0.354529
  3 42 0.630906
  4 42 1.27415
  5 42 -0.584115
  6 42 -1.68303
  7 42 0.969711
  8 42 -0.989971
  9 42 0.619082
  10 42 0.144344
  11 42 -3.20588
  12 42 -2.10899
  13 42 0.296549
  14 42 -1.10052
  15 42 -1.27475
  16 42 -1.98092
  17 42 -0.426904
  18 42 -1.21275
  19 42 -2.28756
  20 42 -0.207588
3700 20 840
  1 42 -0.588676
  2 42 -1.15509
  3 42 -0.156894
  4 42 -0.357612
  5 42 2.51524
  6 42 -0.425939
  7 42 0.426154
  8 42 -1.53721
  9 42 0.18708
  10 42 -0.0759037
  11 42 -0.165609
  12 42 1.07244
  13 42 1.1901
  14 42 1.31775
  15 42 -1.90665
  16 42 1.42437
  17 42 -0.896683
  18 42 -0.525292
  19 42 0.557544
  20 42 0.35557
3800 20 840
  1 42 -0.54596
  2 42 0.350633
  3 42 -1.17721
  4 42 -0.230386
  5 42 -0.0565166
  6 42 -2.05981
  7 42 1.28191
  8 42 -2.10381
  9 42 0.995003
  10 42 0.414253
  11 42 1.10209
  12 42 0.865568
  13 42 -0.0746478
  14 42 -1.80922
  15 42 -1.22479
  16 42 -0.579121
  17 42 -0.350483
  18 42 -0.981615
  19 42 0.652653
  20 42 0.00278336
3900 20 840
  1 42 0.442196
  2 42 -0.169108
  3 42 0.450136
  4 42 0.608344
  5 42 -0.0492132
  6 42 -2.36728
  7 42 0.19759
  8 42 -0.484879
  9 42 -0.519042
  10 42 0.920171
  11 42 0.740385
  12 42 -2.00886
  13 42 -0.147536
  14 42 -1.47229
  15 42 0.337124
  16 42 -1.49362
  17 42 0.118795
  18 42 1.46019
  19 42 -0.0360976
  20 42 -1.25581
4000 20 840
  1 42 -0.599583
  2 42 0.241924
  3 42 -1.8952
  4 42 -1.12118
  5 42 -0.757484
  6 42 -1.94445
  7 42 0.12806
  8 42 0.296381
  9 42 -1.66417
  10 42 1.09611
  11 42 1.38874
  12 42 -0.171806
  13 42 -0.734956
  14 42 0.296769
  15 42 2.53501
  16 42 -2.36874
  17 42 -0.455562
  18 42 1.86714
  19 42 0.413661
  20 42 1.24448
4100 20 840
  1 42 -0.113326
  2 42 0.639763
  3 42 -1.75997
  4 42 -0.430415
  5 42 0.195444
  6 42 0.309344
  7 42 -1.64023
  8 42 0.513914
  9 42 -1.85102
  10 42 -0.62596
  11 42 1.87015
  12 42 -2.74777
  13 42 -0.788381
  14 42 0.802395
  15 42 -1.8236
  16 42 1.65341
  17 42 -0.980355
  18 42 1.01507
  19 42 -0.736038
  20 42 0.700502
4200 20 840
  1 42 -1.22563
  2 42 -0.192448
  3 42 -0.200092
  4 42 0.351908
  5 42 -2.03019
  6 42 -0.287677
  7 42 -1.61735
  8 42 0.425805
  9 42 -0.921252
  10 42 -0.638927
  11 42 -2.27671
  12 42 0.626026
  13 42 -1.61977
  14 42 0.524675
  15 42 0.745501
  16 42 -0.633617
  17 42 -1.55803
  18 42 -0.219794
  19 42 0.0410458
  20 42 0.438467
4300 20 840
  1 42 -0.397763
  2 42 -1.01147
  3 42 1.16325
  4 42 -1.20622
  5 42 -2.84721
  6 42 -0.594144
  7 42 -0.908505
  8 42 1.76177
  9 42 1.20996
  10 42 -0.596533
  11 42 -0.71763
  12 42 0.0045311
  13 42 -0.156436
  14 42 -0.875355
  15 42 0.610978
  16 42 1.22936
  17 42 -2.97441
  18 42 0.000768732
  19 42 -0.184531
  20 42 0.139963
4400 20 840
  1 42 1.44196
  2 42 -0.21653
  3 42 0.806355
  4 42 -1.81231
  5 42 1.31603
  6 42 0.191977
  7 42 -0.298324
  8 42 -0.887191
  9 42 -0.1453
  10 42 -1.29477
  11 42 0.31053
  12 42 -0.573004
  13 42 0.626166
  14 42 -0.920866
  15 42 0.659024
  16 42 1.73418
  17 42 -1.10334
  18 42 -0.914985
  19 42 -0.133651
  20 42 0.973952
4500 20 840
  1 42 1.26908
  2 42 0.102762
  3 42 0.916377
  4 42 0.0788838
  5 42 0.346026
  6 42 1.44277
  7 42 0.26614
  8 42 -1.13887
  9 42 -1.05352
  10 42 1.8106
  11 42 -1.7698
  12 42 0.509933
  13 42 -0.0790262
  14 42 0.378368
  15 42 -1.36936
  16 42 0.551127
  17 42 -1.81424
  18 42 -1.13567
  19 42 -0.873678
  20 42 0.935688
4600 20 840
  1 42 2.08984
  2 42 -1.84363
  3 42 -0.460209
  4 42 0.58912
  5 42 -1.88946
  6 42 -0.870696
  7 42 1.18404
  8 42 -1.00113
  9 42 -0.392964
  10 42 -0.629013
  11 42 0.54501
  12 42 0.250468
  13 42 -0.569398
  14 42 -1.89616
  15 42 0.396501
  16 42 -0.131687
  17 42 -1.25611
  18 42 -0.184889
  19 42 -0.579626
  20 42 -2.21798
4700 20 840
  1 42 -0.466608
  2 42 3.02645
  3 42 0.856543
  4 42 -2.38629
  5 42 1.03828
  6 42 -2.37185
  7 42 1.61979
  8 42 -1.73881
  9 42 -0.187462
  10 42 0.977239
  11 42 1.26077
  12 42 1.51997
  13 42 -0.939392
  14 42 -1.1557
  15 42 0.0586094
  16 42 -0.874361
  17 42 -0.134046
  18 42 -2.00865
  19 42 -0.287056
  20 42 1.78179
4800 20 840
  1 42 0.348612
  2 42 -1.36646
  3 42 -1.36739
  4 42 1.83788
  5 42 1.89404
  6 42 -0.436664
  7 42 0.891485
  8 42 -1.96038
  9 42 -0.226407
  10 42 -1.83035
  11 42 2.25933
  12 42 0.388017
  13 42 0.319297
  14 42 1.10456
  15 42 0.331456
  16 42 1.0888
  17 42 -0.953828
  18 42 -0.011007
  19 42 -1.61565
  20 42 -1.02611
4900 20 840
  1 42 -0.195399
  2 42 -0.223778
  3 42 1.70089
  4 42 2.42456
  5 42 1.96659
  6 42 0.701352
  7 42 -0.493894
  8 42 -1.96568
  9 42 -1.80586
  10 42 -0.402248
  11 42 0.646223
  12 42 0.146762
  13 42 -1.5365
  14 42 0.379023
  15 42 0.84679
  16 42 0.215668
  17 42 -1.31144
  18 42 0.502264
  19 42 0.471207
  20 42 -0.192327
5000 20 840
  1 42 -0.79402
  2 42 2.18166
  3 42 -0.167092
  4 42 -2.18802
  5 42 -0.652532
  6 42 1.08309
  7 42 1.10974
  8 42 1.28387
  9 42 0.350363
  10 42 1.58307
  11 42 -1.82234
  12 42 -1.70254
  13 42 -0.928481
  14 42 -2.39484
  15 42 -0.919401
  16 42 -0.0226028
  17 42 -0.151775
  18 42 1.41757
  19 42 0.387348
  20 42 0.0892945
5100 20 840
  1 42 -1.24045
  2 42 -3.04575
  3 42 0.151034
  4 42 -0.962978
  5 42 -1.75192
  6 42 -1.92069
  7 42 -0.0923887
  8 42 2.47768
  9 42 1.07331
  10 42 -0.0608057
  11 42 -0.555167
  12 42 -1.01505
  13 42 -1.53094
  14 42 1.00041
  15 42 -2.60958
  16 42 -0.853611
  17 42 -1.49046
  18 42 -0.0234154
  19 42 0.327298
  20 42 1.79511
5200 20 840
  1 42 -1.77175
  2 42 -0.937525
  3 42 -1.26617
  4 42 0.181988
  5 42 -1.21916
  6 42 2.76473
  7 42 -0.436169
  8 42 -0.689131
  9 42 1.16354
  10 42 -0.224379
  11 42 0.036969
  12 42 0.765741
  13 42 -1.26366
  14 42 1.2138
  15 42 0.0509568
  16 42 1.77893
  17 42 0.668933
  18 42 -1.51878
  19 42 0.187198
  20 42 0.606461
5300 20 840
  1 42 -0.966301
  2 42 0.250674
  3 42 1.61818
  4 42 -0.587099
  5 42 1.3693
  6 42 -0.330235
  7 42 -0.30515
  8 42 -0.291999
  9 42 -1.38354
  10 42 -0.440748
  11 42 -1.77099
  12 42 -1.62213
  13 42 0.794044
  14 42 -0.327215
  15 42 0.457848
  16 42 -1.62314
  17 42 0.726618
  18 42 -0.455455
  19 42 0.514168
  20 42 -0.0714974
5400 20 840
  1 42 0.737735
  2 42 -0.3434
  3 42 0.275888
  4 42 1.58618
  5 42 -2.80435
  6 42 -4.03462
  7 42 -0.985775
  8 42 -0.198173
  9 42 -1.95943
  10 42 0.53782
  11 42 -1.01347
  12 42 -1.32096
  13 42 0.413409
  14 42 -2.37687
  15 42 3.30769
  16 42 -2.24516
  17 42 0.802848
  18 42 -0.229414
  19 42 -0.207306
  20 42 -0.440546
5500 20 840
  1 42 0.103454
  2 42 -0.0696386
  3 42 0.449509
  4 42 -1.03209
  5 42 -0.0448395
  6 42 -2.50661
  7 42 0.731825
  8 42 0.0144534
  9 42 -2.08023
  10 42 -0.248139
  11 42 -1.97927
  12 42 -0.0849488
  13 42 0.670614
  14 42 -1.34568
  15 42 -0.85984
  16 42 0.920816
  17 42 -1.10814
  18 42 0.878995
  19 42 -1.07197
  20 42 0.8658
5600 20 840
  1 42 0.615833
  2 42 1.09544
  3 42 -1.83859
  4 42 0.0385188
  5 42 0.447222
  6 42 1.16985
  7 42 -0.233534
  8 42 -1.86197
  9 42 -1.65554
  10 42 -2.16032
  11 42 0.811084
  12 42 1.9752
  13 42 0.0432929
  14 42 0.374991
  15 42 -0.730587
  16 42 -0.887348
  17 42 1.82668
  18 42 -0.285791
  19 42 -1.3652
  20 42 -2.90211
5700 20 840
  1 42 -0.125175
  2 42 0.577966
  3 42 1.74828
  4 42 1.24433
  5 42 -0.676331
  6 42 0.196094
  7 42 0.6021
  8 42 0.042125
  9 42 2.09732
  10 42 -1.50149
  11 42 1.13529
  12 42 0.539674
  13 42 -0.956115
  14 42 2.02882
  15 42 0.276393
  16 42 0.408611
  17 42 -1.38176
  18 42 -0.658741
  19 42 -0.861321
  20 42 -1.37267
5800 20 840
  1 42 -0.309479
  2 42 0.384042
  3 42 -1.50553
  4 42 -0.712286
  5 42 -2.23018
  6 42 -0.147869
  7 42 1.14278
  8 42 0.782374
  9 42 0.497784
  10 42 -0.319406
  11 42 0.492426
  12 42 -0.624863
  13 42 -0.76458
  14 42 -1.01462
  15 42 -1.28739
  16 42 -1.45041
  17 42 -0.215405
  18 42 -0.150546
  19 42 -2.07834
  20 42 -0.437991
5900 20 840
  1 42 0.456925
  2 42 2.77182
  3 42 -0.851521
  4 42 -1.5344
  5 42 0.176697
  6 42 0.856823
  7 42 -0.495895
  8 42 0.453111
  9 42 -1.73139
  10 42 1.09852
  11 42 2.38467
  12 42 -1.19598
  13 42 -0.90889
  14 42 -0.410375
  15 42 -0.00175162
  16 42 1.61115
  17 42 -0.882548
  18 42 0.893941
  19 42 0.318667
  20 42 -0.160847
6000 20 840
  1 42 -0.809374
  2 42 -2.62006
  3 42 -0.562703
  4 42 0.343424
  5 42 -1.3235
  6 42 1.52317
  7 42 -2.13691
  8 42 -0.896843
  9 42 0.493112
  10 42 1.03016
  11 42 -0.521154
  12 42 0.240401
  13 42 -1.18884
  14 42 0.444488
  15 42 -1.14493
  16 42 1.5529
  17 42 -1.34048
  18 42 0.0862379
  19 42 -0.867255
  20 42 -0.0159093
6100 20 840
  1 42 -1.80341
  2 42 -0.539822
  3 42 0.423787
  4 42 0.0878918
  5 42 0.583122
  6 42 -0.81843
  7 42 1.90811
  8 42 0.917628
  9 42 -0.24916
  10 42 0.205534
  11 42 -0.741687
  12 42 1.14606
  13 42 -0.0764014
  14 42 -1.34166
  15 42 -1.14346
  16 42 0.645222
  17 42 -0.969913
  18 42 -0.394362
  19 42 1.39566
  20 42 0.233398
6200 20 840
  1 42 -0.303064
  2 42 -0.778575
  3 42 -1.27234
  4 42 -0.136715
  5 42 1.83103
  6 42 -1.37354
  7 42 -0.77218
  8 42 -1.29317
  9 42 1.03867
  10 42 1.51818
  11 42 -0.172485
  12 42 0.397173
  13 42 -0.338814
  14 42 -1.9068
  15 42 1.45982
  16 42 2.61794
  17 42 0.579475
  18 42 -1.89292
  19 42 -0.542698
  20 42 2.72855
6300 20 840
  1 42 1.07221
  2 42 -2.11826
  3 42 1.91576
  4 42 0.707773
  5 42 2.41183
  6 42 0.319228
  7 42 -0.655459
  8 42 -0.68302
  9 42 -1.55925
  10 42 0.233113
  11 42 0.217865
  12 42 -0.733682
  13 42 -0.520166
  14 42 -0.775697
  15 42 0.0026588
  16 42 2.4787
  17 42 -1.36519
  18 42 -1.74661
  19 42 1.25687
  20 42 -1.00318
6400 20 840
  1 42 1.55526
  2 42 -0.419776
  3 42 0.353865
  4 42 0.979861
  5 42 -1.1263
  6 42 1.12927
  7 42 -0.488515
  8 42 -1.84733
  9 42 -0.307656
  10 42 0.157276
  11 42 -0.857214
  12 42 -3.01287
  13 42 -0.152308
  14 42 -2.69037
  15 42 -0.924582
  16 42 -0.623999
  17 42 0.858669
  18 42 -1.25882
  19 42 0.151525
  20 42 -1.22715
6500 20 840
  1 42 0.184968
  2 42 0.618283
  3 42 0.346365
  4 42 -1.14892
  5 42 0.946248
  6 42 0.0543463
  7 42 0.0237138
  8 42 1.15987
  9 42 -0.381166
  10 42 -1.09661
  11 42 0.168964
  12 42 0.162174
  13 42 0.288831
  14 42 1.14073
  15 42 -0.967464
  16 42 0.184291
  17 42 0.318544
  18 42 0.0583331
  19 42 0.466293
  20 42 -0.139948
6600 20 840
  1 42 -1.03323
  2 42 -0.479878
  3 42 -1.62431
  4 42 0.380179
  5 42 -2.44897
  6 42 0.239152
  7 42 0.938446
  8 42 -0.81383
  9 42 0.328097
  10 42 -3.86832
  11 42 -0.65253
  12 42 1.64361
  13 42 -0.761915
  14 42 0.975838
  15 42 -0.863313
  16 42 -1.6399
  17 42 -0.220851
  18 42 -0.872793
  19 42 -0.33481
  20 42 -1.2087
6700 20 840
  1 42 -0.46205
  2 42 0.795403
  3 42 -1.66844
  4 42 -0.607805
  5 42 0.930105
  6 42 0.655584
  7 42 -0.471999
  8 42 -1.97287
  9 42 0.597143
  10 42 -1.5901
  11 42 -1.30495
  12 42 1.50891
  13 42 0.0638938
  14 42 0.976156
  15 42 0.429442
  16 42 -0.40517
  17 42 -0.544008
  18 42 0.0613667
  19 42 1.44061
  20 42 -1.47697
6800 20 840
  1 42 -0.624543
  2 42 1.54291
  3 42 -1.28247
  4 42 -1.21152
  5 42 -3.04933
  6 42 -0.913341
  7 42 0.0596847
  8 42 -0.299522
  9 42 -0.756661
  10 42 0.683674
  11 42 0.809566
  12 42 0.412709
  13 42 1.10141
  14 42 -0.395956
  15 42 2.49466
  16 42 -3.0363
  17 42 0.968172
  18 42 -0.20148
  19 42 1.64122
  20 42 -1.65583
6900 20 840
  1 42 -1.38825
  2 42 -1.03687
  3 42 -1.42801
  4 42 -2.34427
  5 42 -1.30646
  6 42 -2.39487
  7 42 0.0253355
  8 42 1.67909
  9 42 -1.49944
  10 42 -0.0335502
  11 42 0.89135
  12 42 -0.270074
  13 42 -0.0378532
  14 42 0.712971
  15 42 0.366276
  16 42 0.261698
  17 42 -0.204319
  18 42 0.670117
  19 42 -1.365
  20 42 0.236696
7000 20 840
  1 42 -0.974318
  2 42 -0.416246
  3 42 -1.61564
  4 42 -0.697194
  5 42 -0.658845
  6 42 0.802429
  7 42 -0.283227
  8 42 -0.76985
  9 42 0.158692
  10 42 2.21302
  11 42 0.548542
  12 42 0.423021
  13 42 0.859508
  14 42 1.17436
  15 42 -1.71976
  16 42 -0.0261223
  17 42 2.75489
  18 42 -1.97675
  19 42 -2.92488
  20 42 1.67913
7100 20 840
  1 42 -1.01411
  2 42 0.015143
  3 42 0.586334
  4 42 -1.00952
  5 42 -0.373643
  6 42 -1.06268
  7 42 -1.03107
  8 42 -0.13215
  9 42 0.903092
  10 42 0.699372
  11 42 -1.00818
  12 42 -0.252337
  13 42 -0.325254
  14 42 -0.0591927
  15 42 -0.352319
  16 42 -1.3105
  17 42 -1.16173
  18 42 -2.2861
  19 42 -0.325902
  20 42 0.843566
7200 20 840
  1 42 0.668142
  2 42 -0.581528
  3 42 0.586936
  4 42 0.245568
  5 42 -2.31513
  6 42 -2.08168
  7 42 -2.48871
  8 42 0.460664
  9 42 0.684823
  10 42 0.19724
  11 42 -1.11194
  12 42 -1.63734
  13 42 -0.52973
  14 42 -0.985408
  15 42 0.19038
  16 42 0.206392
  17 42 -0.31394
  18 42 -0.335677
  19 42 -2.5703
  20 42 -1.00669
7300 20 840
  1 42 0.542137
  2 42 0.565182
  3 42 1.87459
  4 42 -0.0938882
  5 42 1.12172
  6 42 -1.98816
  7 42 -0.303097
  8 42 -0.226178
  9 42 -0.687162
  10 42 -2.50742
  11 42 -0.193692
  12 42 -2.27663
  13 42 -0.80018
  14 42 -1.7103
  15 42 -0.391502
  16 42 -1.11945
  17 42 0.88652
  18 42 0.176503
  19 42 -0.555514
  20 42 -0.433436
7400 20 840
  1 42 1.51963
  2 42 -1.77454
  3 42 -0.0701575
  4 42 -1.33213
  5 42 2.55426
  6 42 1.32285
  7 42 0.301265
  8 42 -0.668117
  9 42 -0.551276
  10 42 -1.87443
  11 42 -0.0473804
  12 42 -0.0665959
  13 42 -0.45293
  14 42 -0.535811
  15 42 -1.19842
  16 42 1.45845
  17 42 -0.108842
  18 42 0.808315
  19 42 1.93662
  20 42 -1.17757
7500 20 840
  1 42 0.954528
  2 42 -0.0112005
  3 42 0.550813
  4 42 1.7498
  5 42 -0.596032
  6 42 0.16101
  7 42 1.93505
  8 42 -1.673
  9 42 0.422256
  10 42 0.294772
  11 42 -2.439
  12 42 1.50986
  13 42 -1.8494
  14 42 0.135759
  15 42 -1.41106
  16 42 -1.84038
  17 42 -1.24865
  18 42 0.0378431
  19 42 1.47669
  20 42 0.112953
7600 20 840
  1 42 0.907277
  2 42 -1.0463
  3 42 -1.78262
  4 42 -0.710508
  5 42 -0.852105
  6 42 -0.482703
  7 42 1.72693
  8 42 -0.0258858
  9 42 0.146077
  10 42 -1.27068
  11 42 0.206967
  12 42 -0.201337
  13 42 0.032109
  14 42 -1.32055
  15 42 0.338136
  16 42 0.824532
  17 42 1.13016
  18 42 -1.06986
  19 42 1.30422
  20 42 1.60517
7700 20 840
  1 42 0.814686
  2 42 0.712977
  3 42 -0.986579
  4 42 -3.38381
  5 42 0.739758
  6 42 0.624888
  7 42 0.656904
  8 42 -0.0444843
  9 42 -0.00403869
  10 42 0.236615
  11 42 1.96059
  12 42 0.27534
  13 42 -0.0517826
  14 42 1.56926
  15 42 0.705134
  16 42 3.28853
  17 42 0.154984
  18 42 0.409256
  19 42 1.20933
  20 42 -1.4797
7800 20 840
  1 42 0.411719
  2 42 -0.283157
  3 42 0.308439
  4 42 1.16798
  5 42 -0.60729
  6 42 1.17121
  7 42 -0.767243
  8 42 -1.65997
  9 42 -0.425525
  10 42 1.60012
  11 42 -1.26874
  12 42 -2.32095
  13 42 -1.0858
  14 42 0.55698
  15 42 -0.58034
  16 42 0.36294
  17 42 0.592759
  18 42 -1.98348
  19 42 -0.484831
  20 42 -0.644486
7900 20 840
  1 42 0.339996
  2 42 -0.585372
  3 42 -0.326268
  4 42 -0.486074
  5 42 -1.02561
  6 42 -0.445973
  7 42 -1.67242
  8 42 2.21827
  9 42 -0.226337
  10 42 0.632773
  11 42 -0.731363
  12 42 -0.0997942
  13 42 1.21898
  14 42 -1.11032
  15 42 0.632041
  16 42 0.733745
  17 42 -0.784609
  18 42 0.815239
  19 42 -0.841252
  20 42 0.764272
8000 20 840
  1 42 -1.46747
  2 42 0.00556178
  3 42 -0.131966
  4 42 -1.42823
  5 42 -2.34002
  6 42 -0.495482
  7 42 -1.31465
  8 42 0.998689
  9 42 0.275503
  10 42 0.616668
  11 42 -0.589749
  12 42 1.52785
  13 42 -0.422574
  14 42 -0.322347
  15 42 -0.398404
  16 42 0.94351
  17 42 1.32325
  18 42 -1.33406
  19 42 0.779318
  20 42 2.65567
8100 20 840
  1 42 0.573336
  2 42 -0.972995
  3 42 -1.19546
  4 42 0.327518
  5 42 0.898969
  6 42 1.01654
  7 42 -0.809125
  8 42 0.334577
  9 42 -0.25449
  10 42 -1.23316
  11 42 -0.129749
  12 42 1.49877
  13 42 -1.5051
  14 42 1.06849
  15 42 0.212928
  16 42 1.40597
  17 42 -1.35979
  18 42 -1.44967
  19 42 -0.651048
  20 42 -3.91406
8200 20 840
  1 42 -1.01585
  2 42 0.625759
  3 42 0.189029
  4 42 -0.199485
  5 42 -1.13204
  6 42 1.21523
  7 42 -1.53397
  8 42 -1.08104
  9 42 -0.47975
  10 42 0.481576
  11 42 -0.759986
  12 42 0.373432
  13 42 0.511876
  14 42 0.0366669
  15 42 -0.307684
  16 42 -3.47966
  17 42 1.74677
  18 42 -1.13438
  19 42 -0.426111
  20 42 -1.69991
8300 20 840
  1 42 -0.454797
  2 42 -0.392215
  3 42 0.584699
  4 42 -1.78727
  5 42 0.556243
  6 42 -0.654139
  7 42 0.878377
  8 42 -0.235984
  9 42 -1.29345
  10 42 -0.846508
  11 42 0.517818
  12 42 0.575162
  13 42 -1.02377
  14 42 -1.12681
  15 42 1.18169
  16 42 -0.17511
  17 42 1.19935
  18 42 -0.74576
  19 42 0.219623
  20 42 -0.562638
8400 20 840
  1 42 -2.49604
  2 42 -0.587492
  3 42 -1.06889
  4 42 0.124223
  5 42 0.66565
  6 42 -0.0666303
  7 42 0.382335
  8 42 0.124545
  9 42 -0.843228
  10 42 -0.689273
  11 42 -2.3003
  12 42 -0.852757
  13 42 0.298133
  14 42 -0.756411
  15 42 -0.461
  16 42 -3.86374
  17 42 2.74966
  18 42 -1.44974
  19 42 -1.32095
  20 42 0.173149
8500 20 840
  1 42 -0.98034
  2 42 1.70786
  3 42 -0.291889
  4 42 -0.577856
  5 42 1.58491
  6 42 2.00569
  7 42 0.814974
  8 42 -1.85473
  9 42 0.762947
  10 42 -2.45462
  11 42 -0.704968
  12 42 1.66555
  13 42 1.73535
  14 42 1.15107
  15 42 0.380237
  16 42 1.15955
  17 42 0.473511
  18 42 -0.482981
  19 42 0.445376
  20 42 -1.99434
8600 20 840
  1 42 -0.431183
  2 42 -0.28999
  3 42 -0.810143
  4 42 0.0904562
  5 42 -1.16467
  6 42 -1.09768
  7 42 1.20242
  8 42 -1.29524
  9 42 -0.0200272
  10 42 -1.67683
  11 42 -0.508015
  12 42 0.531134
  13 42 -0.721555
  14 42 0.333707
  15 42 -0.661201
  16 42 1.15953
  17 42 1.28598
  18 42 -0.644719
  19 42 -0.417273
  20 42 -1.6949
8700 20 840
  1 42 -1.43061
  2 42 0.438687
  3 42 -0.916951
  4 42 0.304061
  5 42 -1.46986
  6 42 -0.542152
  7 42 -0.662483
  8 42 1.11852
  9 42 -0.765199
  10 42 -0.498485
  11 42 -1.56423
  12 42 -2.10551
  13 42 -1.86186
  14 42 -0.305386
  15 42 -0.423005
  16 42 0.0755234
  17 42 -0.45211
  18 42 2.13874
  19 42 -0.12109
  20 42 -1.61676
8800 20 840
  1 42 0.803138
  2 42 -1.9572
  3 42 0.341319
  4 42 0.777703
  5 42 0.453266
  6 42 0.838506
  7 42 -0.814836
  8 42 0.689095
  9 42 -0.884405
  10 42 -0.108256
  11 42 1.40286
  12 42 -1.98041
  13 42 -1.31682
  14 42 -1.1925
  15 42 -0.268618
  16 42 0.471875
  17 42 1.16392
  18 42 1.46215
  19 42 -0.777779
  20 42 1.21391
8900 20 840
  1 42 1.3719
  2 42 -0.51766
  3 42 -0.331705
  4 42 -0.752034
  5 42 -1.001
  6 42 0.876291
  7 42 -0.354944
  8 42 0.230635
  9 42 0.479894
  10 42 1.1752
  11 42 0.729569
  12 42 -0.778373
  13 42 -0.657373
  14 42 -0.713175
  15 42 -0.381929
  16 42 -2.95786
  17 42 -0.804028
  18 42 0.606986
  19 42 -0.756791
  20 42 0.0566273
9000 20 840
  1 42 0.0671306
  2 42 -1.03232
  3 42 -0.316819
  4 42 0.661743
  5 42 -0.500308
  6 42 -2.0329
  7 42 -0.045237
  8 42 0.798889
  9 42 1.12477
  10 42 0.676317
  11 42 0.0664291
  12 42 -1.37813
  13 42 -0.017361
  14 42 0.507107
  15 42 0.398911
  16 42 0.531396
  17 42 0.75422
  18 42 -0.0975664
  19 42 0.0308816
  20 42 0.872174
9100 20 840
  1 42 -0.228032
  2 42 -1.43481
  3 42 -0.429238
  4 42 -0.617525
  5 42 -1.73037
  6 42 -2.56701
  7 42 -1.29005
  8 42 -0.490164
  9 42 -0.713064
  10 42 1.34221
  11 42 1.43766
  12 42 -0.32853
  13 42 1.44038
  14 42 -1.46401
  15 42 0.247661
  16 42 -0.26564
  17 42 1.54584
  18 42 0.913045
  19 42 0.853353
  20 42 -1.70884
9200 20 840
  1 42 -0.697211
  2 42 2.16316
  3 42 0.426084
  4 42 -4.42842
  5 42 -0.386481
  6 42 2.14356
  7 42 0.410615
  8 42 -0.265012
  9 42 -0.646337
  10 42 1.21294
  11 42 -0.531036
  12 42 -0.394005
  13 42 0.471904
  14 42 0.199802
  15 42 -0.533686
  16 42 -0.604708
  17 42 0.463449
  18 42 -1.85558
  19 42 1.64153
  20 42 -0.342996
9300 20 840
  1 42 0.236915
  2 42 -0.367829
  3 42 -0.318493
  4 42 1.50542
  5 42 -1.1274
  6 42 1.54246
  7 42 -1.12731
  8 42 -0.0328364
  9 42 -0.74171
  10 42 0.015749
  11 42 0.370276
  12 42 1.01619
  13 42 -0.0403667
  14 42 0.23045
  15 42 -0.1591
  16 42 -1.74978
  17 42 0.452615
  18 42 -1.08672
  19 42 0.281787
  20 42 -1.32464
9400 20 840
  1 42 0.0108857
  2 42 1.39915
  3 42 -0.526236
  4 42 1.15256
  5 42 -3.40629
  6 42 2.18342
  7 42 0.101321
  8 42 1.78382
  9 42 -0.63255
  10 42 -2.15303
  11 42 -0.396672
  12 42 0.556725
  13 42 1.32581
  14 42 -0.494655
  15 42 0.348144
  16 42 -0.721238
  17 42 2.02694
  18 42 -1.83851
  19 42 0.892784
  20 42 -1.74355
9500 20 840
  1 42 -0.031966
  2 42 0.819893
  3 42 -0.0140614
  4 42 -3.00565
  5 42 1.35982
  6 42 1.34802
  7 42 -0.0720378
  8 42 0.194633
  9 42 -0.724638
  10 42 -1.40513
  11 42 -2.50023
  12 42 3.51891
  13 42 -1.43428
  14 42 0.0640966
  15 42 0.641825
  16 42 2.18927
  17 42 -1.26672
  18 42 -1.09209
  19 42 -0.416223
  20 42 -3.10443
9600 20 840
  1 42 0.0436633
  2 42 -0.512505
  3 42 -0.435124
  4 42 2.06729
  5 42 -1.99153
  6 42 1.94223
  7 42 -0.715308
  8 42 -0.611071
  9 42 -0.529859
  10 42 -0.222405
  11 42 -2.46357
  12 42 -0.155051
  13 42 -0.116535
  14 42 1.2055
  15 42 -0.150873
  16 42 -0.557968
  17 42 0.630302
  18 42 -2.07847
  19 42 -0.290607
  20 42 -2.28705
9700 20 840
  1 42 0.00126882
  2 42 -1.96275
  3 42 -0.200636
  4 42 -2.11419
  5 42 0.496644
  6 42 -1.41366
  7 42 -0.18751
  8 42 -1.91597
  9 42 0.407766
  10 42 -1.63341
  11 42 -0.669381
  12 42 0.198861
  13 42 -0.687567
  14 42 -0.924809
  15 42 0.0836828
  16 42 0.830959
  17 42 -0.589668
  18 42 0.363398
  19 42 -0.533216
  20 42 0.313479
9800 20 840
  1 42 0.230368
  2 42 -0.907956
  3 42 -0.237597
  4 42 0.337936
  5 42 0.180725
  6 42 -1.89036
  7 42 -0.129212
  8 42 0.0649963
  9 42 -0.489829
  10 42 1.43288
  11 42 -1.0874
  12 42 -0.786845
  13 42 -0.580818
  14 42 -1.54491
  15 42 -0.17844
  16 42 1.57016
  17 42 2.95163
  18 42 0.0841541
  19 42 -0.267888
  20 42 2.12116
9900 20 840
  1 42 0.221738
  2 42 -1.956
  3 42 -1.25168
  4 42 0.505823
  5 42 2.70053
  6 42 -0.427173
  7 42 -0.20397
  8 42 -0.804541
  9 42 0.928679
  10 42 1.38352
  11 42 0.364987
  12 42 -2.44659
  13 42 0.308961
  14 42 1.40105
  15 42 0.0705244
  16 42 -1.01963
  17 42 -0.14725
  18 42 0.0122168
  19 42 -0.280523
  20 42 -2.21876
10000 20 840
  1 42 -0.944386
  2 42 0.510131
  3 42 -0.0241157
  4 42 -3.65145
  5 42 0.0289377
  6 42 -0.202548
  7 42 0.757347
  8 42 -0.140425
  9 42 0.634325
  10 42 1.34655
  11 42 -0.00163805
  12 42 0.380922
  13 42 -0.908793
  14 42 -0.615035
  15 42 -0.859246
  16 42 0.446747
  17 42 0.298252
  18 42 -0.222499
  19 42 1.0069
  20 42 0.604067
