# Chunk-averaged data for fix sternForces and group all
# Timestep Number-of-chunks Total-count
# Chunk Ncount c_sternComp
0 20 840
  1 42 -0.124245
  2 42 -0.124245
  3 42 -0.124245
  4 42 -0.124245
  5 42 -0.124245
  6 42 -0.124245
  7 42 -0.124245
  8 42 -0.124245
  9 42 -0.124245
  10 42 -0.124245
  11 42 -0.124245
  12 42 -0.124245
  13 42 -0.124245
  14 42 -0.124245
  15 42 -0.124245
  16 42 -0.124245
  17 42 -0.124245
  18 42 -0.124245
  19 42 -0.124245
  20 42 -0.124245
100 20 840
  1 42 -0.619375
  2 42 -0.14662
  3 42 0.201875
  4 42 -0.705534
  5 42 -1.03459
  6 42 0.0458542
  7 42 -0.129518
  8 42 0.912245
  9 42 0.150985
  10 42 -0.325616
  11 42 0.134525
  12 42 1.11939
  13 42 -0.177957
  14 42 -0.147752
  15 42 -0.182226
  16 42 0.987067
  17 42 -0.621066
  18 42 -0.0255289
  19 42 -0.929383
  20 42 -1.03536
200 20 840
  1 42 0.248525
  2 42 -0.925141
  3 42 -0.516011
  4 42 -0.225254
  5 42 0.153337
  6 42 0.659219
  7 42 1.18612
  8 42 0.389715
  9 42 -0.352477
  10 42 -0.69039
  11 42 -0.843738
  12 42 -0.402528
  13 42 -0.125409
  14 42 -1.22054
  15 42 -0.579734
  16 42 -1.15157
  17 42 -0.296021
  18 42 0.4775
  19 42 0.574429
  20 42 -1.07305
300 20 840
  1 42 0.178988
  2 42 0.378856
  3 42 0.312222
  4 42 -1.02154
  5 42 0.863387
  6 42 0.982137
  7 42 0.32124
  8 42 0.0441099
  9 42 0.470772
  10 42 -0.288604
  11 42 -1.40935
  12 42 -0.951849
  13 42 -0.348624
  14 42 0.441456
  15 42 -1.07119
  16 42 1.32324
  17 42 0.666445
  18 42 0.100319
  19 42 -0.58305
  20 42 0.394988
400 20 840
  1 42 0.407649
  2 42 0.133853
  3 42 0.411739
  4 42 -0.642226
  5 42 0.0493847
  6 42 -0.193216
  7 42 0.839335
  8 42 0.112562
  9 42 -1.0382
  10 42 -1.15417
  11 42 0.859798
  12 42 -1.24754
  13 42 -0.528055
  14 42 -0.0133637
  15 42 -0.567675
  16 42 -0.54356
  17 42 -0.126432
  18 42 -0.617211
  19 42 -0.0510634
  20 42 0.1615
500 20 840
  1 42 -0.91879
  2 42 0.0380779
  3 42 -1.39179
  4 42 -0.344818
  5 42 -0.931818
  6 42 -1.12898
  7 42 -0.0351571
  8 42 0.653458
  9 42 0.40981
  10 42 0.164598
  11 42 1.04974
  12 42 -0.257195
  13 42 -0.409598
  14 42 -0.121018
  15 42 0.452296
  16 42 -0.227064
  17 42 0.186778
  18 42 -0.345397
  19 42 0.793794
  20 42 0.219726
600 20 840
  1 42 -0.495532
  2 42 -0.472619
  3 42 -1.24777
  4 42 -1.46874
  5 42 0.0500884
  6 42 0.534503
  7 42 0.0494558
  8 42 0.0695456
  9 42 -0.139554
  10 42 -0.286978
  11 42 -0.893622
  12 42 0.687863
  13 42 -0.726703
  14 42 -0.51816
  15 42 -0.696236
  16 42 -0.297632
  17 42 -0.628522
  18 42 -0.822278
  19 42 0.125099
  20 42 -0.454749
700 20 840
  1 42 -0.564094
  2 42 0.0985965
  3 42 0.122223
  4 42 0.148046
  5 42 0.378261
  6 42 -0.695508
  7 42 -0.232308
  8 42 0.109904
  9 42 -1.58421
  10 42 -0.70158
  11 42 0.0102749
  12 42 -0.138644
  13 42 0.0624047
  14 42 -0.454525
  15 42 -0.73004
  16 42 0.247814
  17 42 -1.16342
  18 42 -0.248356
  19 42 0.59739
  20 42 -1.41956
800 20 840
  1 42 -0.699588
  2 42 1.38992
  3 42 0.0960073
  4 42 -0.768643
  5 42 0.27865
  6 42 0.227357
  7 42 -0.654003
  8 42 -0.921647
  9 42 -0.903867
  10 42 2.12551
  11 42 -0.75772
  12 42 -0.311243
  13 42 -0.212467
  14 42 -1.37299
  15 42 -0.970149
  16 42 0.467649
  17 42 -0.883268
  18 42 0.193221
  19 42 -1.87584
  20 42 1.24001
900 20 840
  1 42 -0.138843
  2 42 -0.187461
  3 42 0.545822
  4 42 0.162062
  5 42 -1.11825
  6 42 -0.124298
  7 42 -0.712523
  8 42 0.521673
  9 42 -1.18544
  10 42 -0.875502
  11 42 -0.527827
  12 42 0.823449
  13 42 0.111704
  14 42 0.244309
  15 42 -0.135405
  16 42 -0.0475891
  17 42 0.28472
  18 42 0.316193
  19 42 0.505436
  20 42 -1.25357
1000 20 840
  1 42 -0.420167
  2 42 -0.60189
  3 42 1.50799
  4 42 -0.304421
  5 42 1.14861
  6 42 0.76258
  7 42 -0.792424
  8 42 0.0132539
  9 42 -0.0212625
  10 42 -0.752904
  11 42 1.37529
  12 42 1.38133
  13 42 -0.284809
  14 42 0.181894
  15 42 -1.31877
  16 42 -0.245164
  17 42 -0.100994
  18 42 -0.826178
  19 42 0.968538
  20 42 0.558114
1100 20 840
  1 42 -0.596432
  2 42 0.673488
  3 42 -0.314225
  4 42 -0.482033
  5 42 -0.722462
  6 42 0.666579
  7 42 -1.70324
  8 42 -0.698985
  9 42 -0.133541
  10 42 0.806189
  11 42 0.295264
  12 42 1.01857
  13 42 -0.554241
  14 42 0.987458
  15 42 0.382124
  16 42 -0.936232
  17 42 -0.202408
  18 42 0.908556
  19 42 0.00645514
  20 42 -0.601129
1200 20 840
  1 42 -0.835156
  2 42 -1.52487
  3 42 -1.11949
  4 42 0.123486
  5 42 -1.01609
  6 42 -0.704433
  7 42 -0.416075
  8 42 0.232036
  9 42 -0.13745
  10 42 0.480067
  11 42 -1.29737
  12 42 -0.70526
  13 42 0.354453
  14 42 -0.203773
  15 42 0.145171
  16 42 0.537928
  17 42 0.549506
  18 42 -0.0688514
  19 42 1.11348
  20 42 -0.643809
1300 20 840
  1 42 -0.761671
  2 42 -0.929929
  3 42 -0.0086936
  4 42 -0.708947
  5 42 -0.0277603
  6 42 -0.724175
  7 42 -0.565499
  8 42 -0.254814
  9 42 0.57098
  10 42 0.247081
  11 42 0.217397
  12 42 -0.228329
  13 42 -0.933169
  14 42 -1.81747
  15 42 0.464136
  16 42 -0.354988
  17 42 -0.802864
  18 42 0.398335
  19 42 2.56408
  20 42 -0.195909
1400 20 840
  1 42 0.53599
  2 42 -0.279133
  3 42 -0.21584
  4 42 1.11485
  5 42 -0.724009
  6 42 -0.504283
  7 42 0.000562296
  8 42 -0.670214
  9 42 -0.0677588
  10 42 -1.13623
  11 42 -0.405855
  12 42 -1.00273
  13 42 -0.212562
  14 42 -1.13385
  15 42 0.173188
  16 42 -0.367963
  17 42 0.142735
  18 42 -0.306906
  19 42 -1.74145
  20 42 -1.63808
1500 20 840
  1 42 0.0689969
  2 42 -0.283706
  3 42 -0.550607
  4 42 -0.548772
  5 42 -0.197964
  6 42 -0.214811
  7 42 -0.379216
  8 42 0.372166
  9 42 -0.0647921
  10 42 -0.736485
  11 42 -0.881627
  12 42 -0.357084
  13 42 -0.490116
  14 42 0.186918
  15 42 -0.0760848
  16 42 -0.779115
  17 42 -0.883809
  18 42 -0.656631
  19 42 0.760694
  20 42 0.482401
1600 20 840
  1 42 0.63713
  2 42 0.191888
  3 42 0.483939
  4 42 -0.801954
  5 42 -0.0424914
  6 42 -1.86405
  7 42 1.14707
  8 42 -0.0681072
  9 42 2.63391
  10 42 0.645326
  11 42 0.724356
  12 42 -0.00684878
  13 42 -1.07734
  14 42 -0.152976
  15 42 -0.817831
  16 42 0.605338
  17 42 0.169507
  18 42 -1.4751
  19 42 -0.907664
  20 42 0.902657
1700 20 840
  1 42 0.522965
  2 42 -1.19276
  3 42 -0.606124
  4 42 -0.310278
  5 42 -1.32536
  6 42 0.0396316
  7 42 0.9889
  8 42 0.581001
  9 42 0.126942
  10 42 -1.53905
  11 42 -0.00733268
  12 42 0.246931
  13 42 -0.191441
  14 42 -0.206502
  15 42 -0.521797
  16 42 -0.217078
  17 42 1.05291
  18 42 0.547885
  19 42 -2.6428
  20 42 -0.315606
1800 20 840
  1 42 1.47546
  2 42 0.64362
  3 42 0.571467
  4 42 -0.426107
  5 42 0.764709
  6 42 0.317695
  7 42 -0.647484
  8 42 0.221369
  9 42 -0.888556
  10 42 -0.0797953
  11 42 -0.676445
  12 42 -0.378956
  13 42 -0.521732
  14 42 0.462983
  15 42 -0.929679
  16 42 0.747261
  17 42 0.793279
  18 42 0.465097
  19 42 -1.27032
  20 42 -0.203497
1900 20 840
  1 42 -0.08728
  2 42 0.45964
  3 42 2.17319
  4 42 0.201817
  5 42 0.742004
  6 42 -0.727974
  7 42 1.67289
  8 42 0.0991512
  9 42 -0.0866024
  10 42 -1.27987
  11 42 -1.372
  12 42 -1.2597
  13 42 0.510602
  14 42 -0.0261602
  15 42 0.0312596
  16 42 -0.280632
  17 42 -0.260458
  18 42 1.02104
  19 42 1.08955
  20 42 -0.447848
2000 20 840
  1 42 0.0368592
  2 42 -0.203453
  3 42 -0.291632
  4 42 0.0799764
  5 42 -0.643533
  6 42 -0.0678968
  7 42 -0.646406
  8 42 -0.286174
  9 42 0.181609
  10 42 -0.0106751
  11 42 -1.22297
  12 42 0.360741
  13 42 -0.206676
  14 42 0.438199
  15 42 -0.684738
  16 42 -0.146524
  17 42 0.147578
  18 42 0.683137
  19 42 -0.394764
  20 42 -1.30023
2100 20 840
  1 42 -1.08459
  2 42 -0.307972
  3 42 0.882256
  4 42 -0.937527
  5 42 -0.146696
  6 42 -0.0334441
  7 42 0.719053
  8 42 -0.0903759
  9 42 -0.108343
  10 42 -0.564366
  11 42 0.353693
  12 42 1.4911
  13 42 -0.0039442
  14 42 -0.499371
  15 42 1.23141
  16 42 -0.0480468
  17 42 0.0642039
  18 42 -0.119394
  19 42 1.90003
  20 42 -0.714491
2200 20 840
  1 42 -0.156607
  2 42 -0.200228
  3 42 0.122409
  4 42 0.293349
  5 42 -1.157
  6 42 -0.564516
  7 42 -1.72765
  8 42 -0.824709
  9 42 -0.80455
  10 42 -0.201276
  11 42 1.06276
  12 42 -0.256739
  13 42 -0.77172
  14 42 -0.145104
  15 42 0.28807
  16 42 -0.782417
  17 42 -1.30534
  18 42 -0.608181
  19 42 -1.03767
  20 42 0.173856
2300 20 840
  1 42 -0.548519
  2 42 2.12813
  3 42 1.31036
  4 42 -0.639191
  5 42 0.187369
  6 42 -0.124319
  7 42 -0.103138
  8 42 0.271071
  9 42 -1.37285
  10 42 0.164554
  11 42 -0.0518466
  12 42 -0.989537
  13 42 -0.415815
  14 42 -0.15439
  15 42 0.537098
  16 42 0.058238
  17 42 -1.34446
  18 42 -1.19124
  19 42 -2.2156
  20 42 0.859751
2400 20 840
  1 42 -0.444844
  2 42 -0.459419
  3 42 0.232767
  4 42 0.216706
  5 42 -0.686168
  6 42 -0.458753
  7 42 -2.45565
  8 42 -0.375739
  9 42 -1.44874
  10 42 -0.9058
  11 42 0.2739
  12 42 0.0137748
  13 42 0.390892
  14 42 -0.574302
  15 42 0.69678
  16 42 -0.405937
  17 42 -0.858663
  18 42 -1.62438
  19 42 -0.76478
  20 42 -1.03168
2500 20 840
  1 42 -1.55953
  2 42 -0.938955
  3 42 0.47615
  4 42 -0.050042
  5 42 -2.05004
  6 42 -0.407997
  7 42 0.209243
  8 42 -0.514653
  9 42 -1.85769
  10 42 0.457067
  11 42 -1.08325
  12 42 0.521337
  13 42 0.108889
  14 42 0.010812
  15 42 -0.473669
  16 42 -0.0586932
  17 42 -0.408419
  18 42 -0.589658
  19 42 1.05319
  20 42 -0.385485
2600 20 840
  1 42 -0.301454
  2 42 -1.98876
  3 42 1.44551
  4 42 0.27413
  5 42 -0.42239
  6 42 -0.0267006
  7 42 0.206409
  8 42 -0.157702
  9 42 2.16227
  10 42 -0.580527
  11 42 -0.265586
  12 42 -1.12124
  13 42 -0.745341
  14 42 -0.586831
  15 42 -0.435135
  16 42 -0.444156
  17 42 -0.652623
  18 42 -0.26323
  19 42 0.113614
  20 42 -0.0405227
2700 20 840
  1 42 1.12501
  2 42 -0.0935635
  3 42 0.393183
  4 42 0.366948
  5 42 -0.672449
  6 42 0.189297
  7 42 -0.711371
  8 42 -0.369106
  9 42 0.915609
  10 42 1.14684
  11 42 -0.0133479
  12 42 0.454221
  13 42 -0.00834438
  14 42 0.950616
  15 42 1.97368
  16 42 0.275948
  17 42 0.865154
  18 42 1.0738
  19 42 2.37081
  20 42 -0.557356
2800 20 840
  1 42 0.0998896
  2 42 -0.0199451
  3 42 -0.753527
  4 42 -0.743052
  5 42 1.42662
  6 42 -0.0127962
  7 42 1.68381
  8 42 0.258767
  9 42 0.507872
  10 42 0.371494
  11 42 -1.15722
  12 42 0.187068
  13 42 -0.427291
  14 42 -0.443507
  15 42 -0.913427
  16 42 -0.741731
  17 42 1.12223
  18 42 0.780663
  19 42 -0.0686771
  20 42 1.21484
2900 20 840
  1 42 0.0880749
  2 42 0.450133
  3 42 -1.07101
  4 42 0.0739836
  5 42 -0.289619
  6 42 -0.0781497
  7 42 -1.30555
  8 42 1.57179
  9 42 -0.764376
  10 42 -1.47118
  11 42 -0.140066
  12 42 -0.123048
  13 42 0.822271
  14 42 -0.164285
  15 42 -0.447357
  16 42 0.116529
  17 42 1.50304
  18 42 -0.800939
  19 42 -0.461189
  20 42 -0.298684
3000 20 840
  1 42 -0.210428
  2 42 -0.251568
  3 42 -1.25738
  4 42 -0.621649
  5 42 0.799112
  6 42 1.12527
  7 42 -0.484668
  8 42 -0.205212
  9 42 1.70685
  10 42 -0.253176
  11 42 -0.521867
  12 42 0.681753
  13 42 -0.520205
  14 42 -0.808387
  15 42 -1.16949
  16 42 -0.48338
  17 42 0.126433
  18 42 0.184262
  19 42 -0.542702
  20 42 0.852045
3100 20 840
  1 42 -1.03842
  2 42 0.532674
  3 42 1.14955
  4 42 -0.607039
  5 42 1.62049
  6 42 0.198581
  7 42 1.14327
  8 42 -0.400336
  9 42 -0.575585
  10 42 -0.459914
  11 42 -1.28897
  12 42 0.624276
  13 42 -1.05305
  14 42 -0.603742
  15 42 -0.208153
  16 42 -0.429086
  17 42 -0.166456
  18 42 0.302295
  19 42 -0.876219
  20 42 -0.659251
3200 20 840
  1 42 0.116562
  2 42 -0.371336
  3 42 0.258271
  4 42 -0.736681
  5 42 -0.641103
  6 42 0.162301
  7 42 0.479206
  8 42 0.380989
  9 42 0.887287
  10 42 -0.491308
  11 42 -0.622097
  12 42 -1.16801
  13 42 0.167631
  14 42 -0.791421
  15 42 -1.31918
  16 42 0.941436
  17 42 -0.492154
  18 42 -1.2116
  19 42 -0.641848
  20 42 0.952592
3300 20 840
  1 42 -0.711581
  2 42 1.27498
  3 42 0.460574
  4 42 -1.38762
  5 42 0.0291202
  6 42 -0.149428
  7 42 1.61158
  8 42 0.610392
  9 42 -0.039219
  10 42 -1.21867
  11 42 0.0403596
  12 42 0.0335202
  13 42 -0.276241
  14 42 -1.04591
  15 42 -0.202112
  16 42 -1.07111
  17 42 0.639792
  18 42 0.0712145
  19 42 0.344281
  20 42 -0.669275
3400 20 840
  1 42 0.0486396
  2 42 0.0416834
  3 42 0.894249
  4 42 0.380514
  5 42 1.06269
  6 42 0.789498
  7 42 -0.692293
  8 42 -0.481835
  9 42 0.0997414
  10 42 -0.418496
  11 42 0.59339
  12 42 0.688026
  13 42 -0.577402
  14 42 0.425034
  15 42 0.0119492
  16 42 0.247371
  17 42 -0.750255
  18 42 -0.151059
  19 42 1.01264
  20 42 -1.09317
3500 20 840
  1 42 -1.09894
  2 42 -2.27976
  3 42 1.20078
  4 42 0.295611
  5 42 -0.490576
  6 42 -0.0626325
  7 42 -1.07258
  8 42 0.512332
  9 42 -0.758514
  10 42 0.0457988
  11 42 1.24939
  12 42 0.241724
  13 42 0.565198
  14 42 0.210368
  15 42 -1.14915
  16 42 0.521776
  17 42 -0.39448
  18 42 -1.1655
  19 42 0.219855
  20 42 0.948287
3600 20 840
  1 42 -0.626506
  2 42 0.159193
  3 42 -0.27562
  4 42 -0.796451
  5 42 -0.854571
  6 42 -0.204325
  7 42 -0.0172526
  8 42 -1.50887
  9 42 -2.17905
  10 42 -0.0197799
  11 42 -0.89096
  12 42 0.421653
  13 42 -1.19456
  14 42 0.445169
  15 42 -1.25345
  16 42 0.549056
  17 42 -0.476413
  18 42 1.00084
  19 42 -0.94206
  20 42 -0.917298
3700 20 840
  1 42 -1.19629
  2 42 -0.769459
  3 42 0.882691
  4 42 -0.240262
  5 42 -0.0101599
  6 42 0.133054
  7 42 -0.88157
  8 42 -0.130106
  9 42 -0.946732
  10 42 -1.84124
  11 42 -0.0579411
  12 42 -0.0111836
  13 42 -1.13801
  14 42 -0.352295
  15 42 0.187335
  16 42 -0.425732
  17 42 -0.24644
  18 42 -0.159832
  19 42 -1.16908
  20 42 -0.690241
3800 20 840
  1 42 1.46677
  2 42 0.560865
  3 42 1.18035
  4 42 0.137597
  5 42 -0.358686
  6 42 0.30753
  7 42 -2.81914
  8 42 1.72424
  9 42 -0.416405
  10 42 0.165792
  11 42 -0.773249
  12 42 -0.776091
  13 42 -0.899641
  14 42 -0.168576
  15 42 -0.637766
  16 42 -0.107274
  17 42 -1.08059
  18 42 -0.257105
  19 42 1.22844
  20 42 -0.805929
3900 20 840
  1 42 -0.881372
  2 42 0.0764152
  3 42 1.21208
  4 42 -1.10778
  5 42 0.477017
  6 42 0.265391
  7 42 -1.14431
  8 42 1.04433
  9 42 -0.26159
  10 42 1.20103
  11 42 -1.41264
  12 42 1.20277
  13 42 0.407469
  14 42 0.0474966
  15 42 0.154224
  16 42 -1.31603
  17 42 0.315103
  18 42 0.509974
  19 42 0.725319
  20 42 -0.0339848
4000 20 840
  1 42 -1.14111
  2 42 0.739217
  3 42 -1.52615
  4 42 -0.212628
  5 42 -0.902383
  6 42 -0.914095
  7 42 -1.38938
  8 42 0.510893
  9 42 0.713099
  10 42 1.12386
  11 42 0.365603
  12 42 0.598947
  13 42 -1.32011
  14 42 0.490306
  15 42 -0.0493309
  16 42 0.0471909
  17 42 0.357404
  18 42 -0.23333
  19 42 1.96721
  20 42 -0.306135
4100 20 840
  1 42 -0.60958
  2 42 -0.602027
  3 42 1.24699
  4 42 -1.04055
  5 42 0.143876
  6 42 -0.661488
  7 42 1.16181
  8 42 0.0276118
  9 42 -0.297783
  10 42 1.36604
  11 42 -0.598574
  12 42 -1.25272
  13 42 -0.5465
  14 42 -0.698463
  15 42 0.301124
  16 42 0.269096
  17 42 1.16129
  18 42 0.385385
  19 42 1.13756
  20 42 0.0273946
4200 20 840
  1 42 0.192649
  2 42 -1.40561
  3 42 0.458682
  4 42 0.951849
  5 42 -2.68259
  6 42 -0.332393
  7 42 -1.2687
  8 42 -0.367166
  9 42 1.27446
  10 42 -0.116084
  11 42 -0.562001
  12 42 -1.08464
  13 42 -1.13609
  14 42 0.160768
  15 42 0.380084
  16 42 0.146358
  17 42 0.723724
  18 42 0.959173
  19 42 -0.689527
  20 42 0.0292418
4300 20 840
  1 42 0.927015
  2 42 0.713745
  3 42 2.22851
  4 42 -1.11229
  5 42 0.525927
  6 42 0.109424
  7 42 0.276258
  8 42 0.153857
  9 42 0.424299
  10 42 -0.716306
  11 42 -0.172505
  12 42 0.957438
  13 42 -0.434676
  14 42 0.271876
  15 42 -0.187849
  16 42 0.139345
  17 42 0.736236
  18 42 -0.0528486
  19 42 0.273218
  20 42 -0.198963
4400 20 840
  1 42 0.0789607
  2 42 -1.14195
  3 42 0.807365
  4 42 0.398019
  5 42 0.996094
  6 42 -0.637744
  7 42 0.379717
  8 42 -0.214662
  9 42 1.71734
  10 42 -1.90844
  11 42 -0.510697
  12 42 0.615394
  13 42 -0.759548
  14 42 -0.0547199
  15 42 -0.815329
  16 42 0.414011
  17 42 0.287116
  18 42 -0.186723
  19 42 -1.30369
  20 42 -0.777291
4500 20 840
  1 42 1.06546
  2 42 -0.00561893
  3 42 0.532639
  4 42 -0.713332
  5 42 -1.23143
  6 42 -0.306816
  7 42 -0.0189762
  8 42 -0.986755
  9 42 -0.124556
  10 42 -0.185958
  11 42 0.0518765
  12 42 0.61705
  13 42 -1.20289
  14 42 -1.24625
  15 42 -0.559572
  16 42 0.176083
  17 42 0.723956
  18 42 -0.639083
  19 42 -2.56907
  20 42 -0.1677
4600 20 840
  1 42 -0.0383071
  2 42 -1.48119
  3 42 -0.0789776
  4 42 -0.514708
  5 42 2.52423
  6 42 1.42743
  7 42 0.242133
  8 42 -0.916425
  9 42 0.135415
  10 42 -2.31877
  11 42 0.820374
  12 42 -0.167212
  13 42 -0.0790246
  14 42 -0.118587
  15 42 -0.664166
  16 42 0.112991
  17 42 -1.29465
  18 42 -0.638624
  19 42 0.663091
  20 42 -1.34349
4700 20 840
  1 42 0.135926
  2 42 0.139333
  3 42 0.233602
  4 42 0.450049
  5 42 -0.767024
  6 42 0.389225
  7 42 0.146905
  8 42 -1.52433
  9 42 -1.34873
  10 42 -1.16722
  11 42 -0.125673
  12 42 -0.882623
  13 42 0.314586
  14 42 0.402836
  15 42 -0.397918
  16 42 -0.636207
  17 42 0.469488
  18 42 0.142743
  19 42 -2.16474
  20 42 -0.855831
4800 20 840
  1 42 -1.04001
  2 42 0.345833
  3 42 -1.71142
  4 42 0.318746
  5 42 0.580399
  6 42 -0.982554
  7 42 0.952851
  8 42 -0.744131
  9 42 0.936642
  10 42 -1.47145
  11 42 -1.19703
  12 42 -1.02886
  13 42 -0.756455
  14 42 -0.266491
  15 42 -1.08132
  16 42 -0.0217397
  17 42 -0.752737
  18 42 -0.796821
  19 42 0.856963
  20 42 0.294844
4900 20 840
  1 42 -1.44671
  2 42 -1.51123
  3 42 0.683745
  4 42 0.0313438
  5 42 -0.408873
  6 42 -0.494019
  7 42 -0.490876
  8 42 0.234753
  9 42 -2.03111
  10 42 -1.19926
  11 42 -0.804826
  12 42 -0.106297
  13 42 -0.0417791
  14 42 -0.173136
  15 42 0.75754
  16 42 -0.199925
  17 42 0.29245
  18 42 0.264693
  19 42 2.21666
  20 42 -1.30867
5000 20 840
  1 42 0.339042
  2 42 -0.454342
  3 42 -0.276719
  4 42 0.430144
  5 42 -2.37306
  6 42 0.566666
  7 42 -1.16085
  8 42 -0.306685
  9 42 0.776274
  10 42 -0.423504
  11 42 -0.917007
  12 42 0.411276
  13 42 -1.28606
  14 42 -0.624615
  15 42 -0.450834
  16 42 -0.293545
  17 42 -1.35486
  18 42 0.680139
  19 42 -2.62584
  20 42 -0.469802
5100 20 840
  1 42 -0.0764252
  2 42 -1.46074
  3 42 0.170414
  4 42 -0.470917
  5 42 -0.604879
  6 42 0.084886
  7 42 0.14287
  8 42 0.289144
  9 42 -0.213844
  10 42 0.108732
  11 42 0.468921
  12 42 0.549184
  13 42 -0.700782
  14 42 -0.778403
  15 42 0.160616
  16 42 -0.666422
  17 42 0.0713401
  18 42 0.544305
  19 42 -1.67198
  20 42 -0.549025
5200 20 840
  1 42 -0.514529
  2 42 -0.226551
  3 42 -0.451009
  4 42 -0.905857
  5 42 0.345624
  6 42 0.571209
  7 42 -1.80695
  8 42 0.424174
  9 42 -2.26056
  10 42 1.7163
  11 42 0.776381
  12 42 0.22434
  13 42 -0.538636
  14 42 -0.175309
  15 42 0.485522
  16 42 0.904945
  17 42 0.752388
  18 42 -0.955197
  19 42 1.3614
  20 42 0.522454
5300 20 840
  1 42 -0.877227
  2 42 0.282138
  3 42 -0.101524
  4 42 0.726762
  5 42 -2.5308
  6 42 0.333612
  7 42 -2.08983
  8 42 0.247803
  9 42 -0.764433
  10 42 0.440551
  11 42 0.499724
  12 42 -0.651788
  13 42 0.403263
  14 42 -0.36268
  15 42 -0.218816
  16 42 -0.647965
  17 42 0.473373
  18 42 -0.689994
  19 42 -1.40356
  20 42 -0.319343
5400 20 840
  1 42 0.0420456
  2 42 0.661851
  3 42 0.194037
  4 42 -0.997567
  5 42 -0.566149
  6 42 1.20646
  7 42 -0.648448
  8 42 0.0153455
  9 42 -1.31485
  10 42 -0.0252325
  11 42 -0.188163
  12 42 -0.483478
  13 42 -0.32049
  14 42 0.208273
  15 42 -0.819885
  16 42 0.922419
  17 42 -0.0953245
  18 42 -1.07702
  19 42 0.836652
  20 42 1.31694
5500 20 840
  1 42 -1.29475
  2 42 -0.956811
  3 42 -0.721526
  4 42 -0.154609
  5 42 -1.03729
  6 42 -0.399739
  7 42 -1.60046
  8 42 -0.238352
  9 42 0.911811
  10 42 0.0804704
  11 42 0.0295822
  12 42 0.403836
  13 42 -0.863227
  14 42 -0.276608
  15 42 0.210318
  16 42 0.0956412
  17 42 0.426883
  18 42 -0.57137
  19 42 0.280655
  20 42 -0.0465272
5600 20 840
  1 42 -0.995905
  2 42 -0.0934623
  3 42 -1.424
  4 42 -0.320734
  5 42 -0.0964802
  6 42 0.88057
  7 42 0.875133
  8 42 -0.654232
  9 42 0.52837
  10 42 1.84695
  11 42 -0.939348
  12 42 -0.742561
  13 42 -1.00946
  14 42 -1.48038
  15 42 0.385184
  16 42 0.429006
  17 42 -0.350277
  18 42 0.833824
  19 42 -1.03443
  20 42 -0.923761
5700 20 840
  1 42 -1.15645
  2 42 0.748034
  3 42 0.671342
  4 42 -1.59298
  5 42 1.71212
  6 42 -0.541652
  7 42 -0.991262
  8 42 0.292405
  9 42 0.134385
  10 42 -0.96889
  11 42 0.442479
  12 42 0.000234993
  13 42 -0.484433
  14 42 -1.3801
  15 42 0.562324
  16 42 -0.267572
  17 42 0.24588
  18 42 0.0867582
  19 42 0.459994
  20 42 -0.56441
5800 20 840
  1 42 -0.919546
  2 42 0.0752474
  3 42 -0.526706
  4 42 -0.126717
  5 42 1.86345
  6 42 -0.0651467
  7 42 0.16947
  8 42 0.300527
  9 42 -0.0276409
  10 42 -1.76778
  11 42 -1.58066
  12 42 0.341257
  13 42 -0.434261
  14 42 0.0432209
  15 42 -1.80459
  16 42 -0.836601
  17 42 -0.081486
  18 42 0.262232
  19 42 0.664984
  20 42 -1.12826
5900 20 840
  1 42 -0.83229
  2 42 -0.451391
  3 42 1.41346
  4 42 0.887894
  5 42 0.733596
  6 42 1.34368
  7 42 -1.4882
  8 42 -1.09651
  9 42 -0.658798
  10 42 -0.232811
  11 42 -0.999617
  12 42 0.821127
  13 42 -1.11315
  14 42 -0.136141
  15 42 -0.0833218
  16 42 0.436703
  17 42 0.296513
  18 42 -0.0274947
  19 42 -1.29451
  20 42 0.198106
6000 20 840
  1 42 2.5329
  2 42 0.0750346
  3 42 -0.293077
  4 42 -0.352676
  5 42 -1.23056
  6 42 0.200229
  7 42 2.42425
  8 42 -0.595159
  9 42 0.16596
  10 42 -1.67188
  11 42 -0.257812
  12 42 0.0238569
  13 42 -0.675595
  14 42 0.035359
  15 42 -0.858689
  16 42 0.806125
  17 42 0.0632049
  18 42 -0.674924
  19 42 -0.664145
  20 42 -0.476515
6100 20 840
  1 42 1.55116
  2 42 0.579872
  3 42 1.42143
  4 42 -2.41505
  5 42 1.29302
  6 42 0.713819
  7 42 1.31921
  8 42 -0.797332
  9 42 -0.0460062
  10 42 -1.19145
  11 42 -2.13632
  12 42 1.53162
  13 42 -0.244014
  14 42 1.23739
  15 42 0.299238
  16 42 0.0534857
  17 42 0.767777
  18 42 0.582685
  19 42 0.459571
  20 42 -0.15226
6200 20 840
  1 42 1.70652
  2 42 -0.396604
  3 42 0.904531
  4 42 0.297001
  5 42 1.32456
  6 42 -0.647186
  7 42 2.37876
  8 42 0.433382
  9 42 -0.149241
  10 42 -0.563516
  11 42 -0.932724
  12 42 0.0133144
  13 42 -0.84389
  14 42 -0.198438
  15 42 -0.989423
  16 42 -1.03477
  17 42 -0.749342
  18 42 -0.70603
  19 42 1.56861
  20 42 -0.133969
6300 20 840
  1 42 0.610445
  2 42 0.228371
  3 42 0.933057
  4 42 -0.90178
  5 42 -1.58473
  6 42 0.570848
  7 42 -0.632127
  8 42 0.969004
  9 42 0.649573
  10 42 0.252838
  11 42 2.19088
  12 42 1.13972
  13 42 1.57788
  14 42 -0.224892
  15 42 -0.326151
  16 42 0.442038
  17 42 0.240308
  18 42 0.0959525
  19 42 1.86978
  20 42 -0.793913
6400 20 840
  1 42 -2.09173
  2 42 -0.401693
  3 42 0.226304
  4 42 -0.0434326
  5 42 -0.944486
  6 42 -0.662765
  7 42 0.460449
  8 42 -0.494975
  9 42 0.365749
  10 42 0.0810856
  11 42 0.601138
  12 42 0.291406
  13 42 -1.37365
  14 42 -0.415746
  15 42 0.298424
  16 42 -0.318607
  17 42 -0.979536
  18 42 -0.21266
  19 42 0.0211693
  20 42 -0.395533
6500 20 840
  1 42 -0.309701
  2 42 -0.63593
  3 42 -0.484475
  4 42 -0.0595529
  5 42 -2.23337
  6 42 -0.799604
  7 42 0.0926437
  8 42 -0.00964747
  9 42 -0.851717
  10 42 -0.153137
  11 42 -0.0410779
  12 42 -1.20284
  13 42 -0.595106
  14 42 -1.04488
  15 42 -1.23325
  16 42 -0.206243
  17 42 -0.500749
  18 42 -0.348991
  19 42 -1.97444
  20 42 0.462506
6600 20 840
  1 42 0.87699
  2 42 -0.265121
  3 42 -0.985474
  4 42 -0.485975
  5 42 -1.40748
  6 42 1.18121
  7 42 -3.42178
  8 42 0.395037
  9 42 -1.638
  10 42 -0.136396
  11 42 -0.496892
  12 42 -0.463674
  13 42 0.767232
  14 42 0.411393
  15 42 0.344604
  16 42 1.32891
  17 42 -0.151025
  18 42 -0.130371
  19 42 -2.42175
  20 42 -0.69854
6700 20 840
  1 42 -1.74329
  2 42 -0.563376
  3 42 0.261353
  4 42 -0.124195
  5 42 -1.2907
  6 42 0.0958445
  7 42 -0.395029
  8 42 0.338295
  9 42 -0.485253
  10 42 0.344194
  11 42 -0.441824
  12 42 0.00814615
  13 42 -1.05773
  14 42 -0.609514
  15 42 1.0773
  16 42 -0.441059
  17 42 1.10209
  18 42 0.527312
  19 42 0.11666
  20 42 -0.488992
6800 20 840
  1 42 -0.29888
  2 42 -0.65397
  3 42 -0.112368
  4 42 0.39965
  5 42 0.776716
  6 42 0.99946
  7 42 -0.644501
  8 42 0.921815
  9 42 1.16347
  10 42 0.0338002
  11 42 0.070355
  12 42 -1.342
  13 42 -0.522935
  14 42 -0.525229
  15 42 -1.54175
  16 42 0.608117
  17 42 -0.361139
  18 42 0.118603
  19 42 0.92065
  20 42 -0.459499
6900 20 840
  1 42 -2.01514
  2 42 -1.03731
  3 42 2.0057
  4 42 0.364871
  5 42 -0.287
  6 42 -0.0484664
  7 42 0.349661
  8 42 -0.361478
  9 42 0.0302719
  10 42 -0.354428
  11 42 -0.945575
  12 42 -0.793829
  13 42 -1.47494
  14 42 -0.5972
  15 42 -0.731639
  16 42 -0.550159
  17 42 0.787227
  18 42 0.621847
  19 42 0.573408
  20 42 -1.13442
7000 20 840
  1 42 -2.03862
  2 42 -0.165441
  3 42 -0.355539
  4 42 -0.920562
  5 42 -0.305241
  6 42 -0.0715469
  7 42 -0.307861
  8 42 -1.23813
  9 42 -0.435068
  10 42 0.172795
  11 42 -0.809891
  12 42 -0.231658
  13 42 -0.738786
  14 42 -0.999967
  15 42 -0.82759
  16 42 -0.0880614
  17 42 0.290024
  18 42 0.545965
  19 42 0.810788
  20 42 -0.623913
7100 20 840
  1 42 -0.833731
  2 42 -1.17948
  3 42 -1.08269
  4 42 1.09006
  5 42 0.399606
  6 42 0.400587
  7 42 -1.82752
  8 42 -0.830994
  9 42 2.562
  10 42 -0.0460352
  11 42 0.445088
  12 42 -0.70311
  13 42 -0.403664
  14 42 0.344414
  15 42 1.57871
  16 42 0.308466
  17 42 0.850028
  18 42 -0.122625
  19 42 0.921346
  20 42 0.490173
7200 20 840
  1 42 0.10398
  2 42 1.15903
  3 42 0.31564
  4 42 -0.702926
  5 42 2.87158
  6 42 -1.46527
  7 42 0.335695
  8 42 0.120452
  9 42 -0.490756
  10 42 -1.82019
  11 42 -0.797118
  12 42 -1.49972
  13 42 -1.22525
  14 42 -0.682061
  15 42 -0.149698
  16 42 -0.107501
  17 42 1.02443
  18 42 -1.46559
  19 42 -0.840628
  20 42 1.08919
7300 20 840
  1 42 0.549057
  2 42 0.619613
  3 42 -1.19541
  4 42 0.223472
  5 42 0.300867
  6 42 0.112058
  7 42 -3.57751
  8 42 -0.694293
  9 42 0.927186
  10 42 -1.08645
  11 42 0.0546592
  12 42 0.67082
  13 42 -0.205418
  14 42 -0.214961
  15 42 -0.922511
  16 42 -1.04654
  17 42 -0.105918
  18 42 -0.32109
  19 42 -1.2302
  20 42 -0.836443
7400 20 840
  1 42 0.880638
  2 42 -0.180355
  3 42 1.48837
  4 42 -0.676658
  5 42 0.00140058
  6 42 0.327096
  7 42 0.681197
  8 42 0.111926
  9 42 -0.200486
  10 42 -0.0471085
  11 42 -1.17575
  12 42 0.340453
  13 42 0.204675
  14 42 -0.336141
  15 42 0.426087
  16 42 -1.56743
  17 42 -0.476603
  18 42 -0.50451
  19 42 -2.5085
  20 42 -0.403672
7500 20 840
  1 42 0.450579
  2 42 0.308926
  3 42 -0.406836
  4 42 -0.503654
  5 42 -1.64599
  6 42 -0.448152
  7 42 0.480949
  8 42 -0.140765
  9 42 1.12695
  10 42 -0.510427
  11 42 1.75296
  12 42 0.391058
  13 42 0.493124
  14 42 0.1131
  15 42 -0.528545
  16 42 0.742506
  17 42 -0.541312
  18 42 0.217096
  19 42 -0.231917
  20 42 -1.24165
7600 20 840
  1 42 1.11825
  2 42 -0.303478
  3 42 1.4715
  4 42 -0.744138
  5 42 0.890372
  6 42 1.43161
  7 42 1.45597
  8 42 -0.458247
  9 42 0.166052
  10 42 -1.32268
  11 42 0.0834382
  12 42 0.186404
  13 42 0.784469
  14 42 0.197143
  15 42 1.06768
  16 42 0.270724
  17 42 0.0693171
  18 42 0.304951
  19 42 1.4321
  20 42 -0.606264
7700 20 840
  1 42 0.694413
  2 42 0.829659
  3 42 0.393543
  4 42 0.655357
  5 42 -1.46831
  6 42 1.5793
  7 42 -0.799325
  8 42 0.76947
  9 42 -1.19086
  10 42 -0.795816
  11 42 -1.13918
  12 42 0.102724
  13 42 -0.200661
  14 42 0.547547
  15 42 1.60213
  16 42 0.0962414
  17 42 0.531193
  18 42 -0.587814
  19 42 1.77162
  20 42 -0.885224
7800 20 840
  1 42 0.542527
  2 42 -0.14448
  3 42 -0.323919
  4 42 -0.123959
  5 42 -2.04076
  6 42 0.630576
  7 42 1.51205
  8 42 0.360912
  9 42 0.136181
  10 42 0.137986
  11 42 -0.0615274
  12 42 -0.54335
  13 42 -0.282308
  14 42 0.324893
  15 42 -1.26932
  16 42 -0.491543
  17 42 -1.4208
  18 42 -0.588159
  19 42 -2.14828
  20 42 0.364169
7900 20 840
  1 42 -1.2347
  2 42 0.565572
  3 42 1.67491
  4 42 -0.115688
  5 42 0.318909
  6 42 -0.147959
  7 42 -1.25859
  8 42 -1.0491
  9 42 -1.33684
  10 42 -0.241985
  11 42 0.603958
  12 42 1.30971
  13 42 -1.22045
  14 42 -0.156519
  15 42 1.84135
  16 42 -0.0655211
  17 42 0.184104
  18 42 -0.0605321
  19 42 0.135461
  20 42 0.632382
8000 20 840
  1 42 0.226181
  2 42 -1.57729
  3 42 0.465561
  4 42 0.373757
  5 42 0.90319
  6 42 0.774343
  7 42 -0.255226
  8 42 -0.326196
  9 42 -4.14771
  10 42 -0.179676
  11 42 -0.236492
  12 42 -0.278922
  13 42 -1.36063
  14 42 -1.23771
  15 42 -0.372794
  16 42 -0.314787
  17 42 -1.65364
  18 42 -0.10902
  19 42 -0.995984
  20 42 -0.991074
8100 20 840
  1 42 -1.85426
  2 42 -0.409452
  3 42 0.84124
  4 42 -1.06197
  5 42 -0.265974
  6 42 -0.164413
  7 42 -0.393964
  8 42 0.666244
  9 42 0.0688176
  10 42 0.0848688
  11 42 -1.0896
  12 42 -0.731438
  13 42 -1.21253
  14 42 -1.96459
  15 42 -0.99546
  16 42 -0.00642372
  17 42 0.132712
  18 42 -0.804944
  19 42 -0.123442
  20 42 0.470765
8200 20 840
  1 42 -0.724593
  2 42 0.967307
  3 42 1.55668
  4 42 -0.758565
  5 42 0.248931
  6 42 -1.01407
  7 42 0.775031
  8 42 0.483518
  9 42 0.490108
  10 42 -0.00912992
  11 42 0.48651
  12 42 -0.346115
  13 42 -1.8782
  14 42 -1.31845
  15 42 -0.0237063
  16 42 -0.566532
  17 42 -0.469965
  18 42 -0.508406
  19 42 0.954298
  20 42 -0.667957
8300 20 840
  1 42 -2.39338
  2 42 -0.663396
  3 42 -0.883532
  4 42 -0.561045
  5 42 -0.267177
  6 42 0.747561
  7 42 -0.496065
  8 42 -0.275523
  9 42 -0.536044
  10 42 0.6622
  11 42 -0.500857
  12 42 -0.356477
  13 42 0.262829
  14 42 0.226907
  15 42 -1.18344
  16 42 0.652597
  17 42 1.59018
  18 42 0.198791
  19 42 -0.293078
  20 42 -0.402468
8400 20 840
  1 42 -0.699413
  2 42 0.407774
  3 42 0.987359
  4 42 0.604125
  5 42 -1.00369
  6 42 0.28434
  7 42 -0.955944
  8 42 -1.38628
  9 42 -0.887291
  10 42 0.071064
  11 42 -0.0476452
  12 42 -1.00809
  13 42 -1.39583
  14 42 -0.0419716
  15 42 0.138424
  16 42 0.611377
  17 42 0.231055
  18 42 -0.202263
  19 42 0.165575
  20 42 -0.541841
8500 20 840
  1 42 -1.4366
  2 42 -0.394128
  3 42 -0.0111092
  4 42 -1.26236
  5 42 0.109963
  6 42 0.263263
  7 42 0.129601
  8 42 -0.395116
  9 42 1.60934
  10 42 -0.789586
  11 42 -0.513321
  12 42 0.440048
  13 42 0.16569
  14 42 0.422959
  15 42 -0.964303
  16 42 0.183212
  17 42 0.718402
  18 42 0.416109
  19 42 3.34384
  20 42 0.092235
8600 20 840
  1 42 -0.20826
  2 42 0.371152
  3 42 -0.209486
  4 42 -0.0730094
  5 42 0.272932
  6 42 0.089221
  7 42 -2.72967
  8 42 0.438326
  9 42 1.0391
  10 42 0.00174947
  11 42 -1.08037
  12 42 1.10963
  13 42 -0.734659
  14 42 0.631235
  15 42 0.152059
  16 42 0.243925
  17 42 -0.974669
  18 42 0.77525
  19 42 -1.37839
  20 42 -0.897749
8700 20 840
  1 42 1.22974
  2 42 0.0171395
  3 42 0.422772
  4 42 0.268763
  5 42 1.15023
  6 42 -0.493014
  7 42 -0.154953
  8 42 0.0397132
  9 42 0.699549
  10 42 -0.895348
  11 42 0.718987
  12 42 0.602796
  13 42 -1.36448
  14 42 -1.45599
  15 42 -0.983653
  16 42 -1.21067
  17 42 -0.592012
  18 42 -0.60889
  19 42 0.162849
  20 42 -0.447198
8800 20 840
  1 42 1.06525
  2 42 -0.78095
  3 42 -0.631735
  4 42 -0.823417
  5 42 -0.0725244
  6 42 0.249169
  7 42 -1.11326
  8 42 0.745043
  9 42 0.013261
  10 42 -2.20034
  11 42 -0.151259
  12 42 0.912663
  13 42 -0.2596
  14 42 0.0413969
  15 42 -2.11554
  16 42 0.343094
  17 42 -0.585137
  18 42 0.403596
  19 42 -0.115778
  20 42 -0.164157
8900 20 840
  1 42 0.394791
  2 42 0.626512
  3 42 -1.56309
  4 42 -0.477599
  5 42 -0.44459
  6 42 -0.437537
  7 42 -0.29499
  8 42 -0.514072
  9 42 -0.0536623
  10 42 0.367852
  11 42 -0.482108
  12 42 -0.249654
  13 42 -1.04427
  14 42 0.432261
  15 42 -0.0046737
  16 42 -0.75623
  17 42 -0.46453
  18 42 -0.518634
  19 42 -1.15072
  20 42 -0.126287
9000 20 840
  1 42 0.515316
  2 42 0.200863
  3 42 -1.89864
  4 42 -0.569971
  5 42 0.359582
  6 42 -0.975836
  7 42 0.514156
  8 42 0.154961
  9 42 -0.976552
  10 42 1.03753
  11 42 -1.10754
  12 42 -0.519417
  13 42 1.71233
  14 42 0.656622
  15 42 -0.645636
  16 42 0.392319
  17 42 -0.775491
  18 42 -0.255155
  19 42 0.494645
  20 42 0.169141
9100 20 840
  1 42 0.763702
  2 42 -1.01076
  3 42 -0.317266
  4 42 -0.501714
  5 42 0.30595
  6 42 -0.464886
  7 42 -0.693987
  8 42 0.801067
  9 42 -1.53611
  10 42 0.047707
  11 42 -1.07894
  12 42 0.479943
  13 42 0.303631
  14 42 0.499437
  15 42 -0.723114
  16 42 0.476749
  17 42 0.213809
  18 42 -0.0628486
  19 42 2.51636
  20 42 0.576036
9200 20 840
  1 42 0.262285
  2 42 -1.6002
  3 42 0.0901859
  4 42 -0.31684
  5 42 1.46864
  6 42 -0.185043
  7 42 1.8423
  8 42 1.39064
  9 42 0.405619
  10 42 -1.55603
  11 42 0.28713
  12 42 0.431897
  13 42 -1.34697
  14 42 -1.16335
  15 42 0.284298
  16 42 0.063843
  17 42 -0.107012
  18 42 0.477533
  19 42 -0.17274
  20 42 -0.8813
9300 20 840
  1 42 -0.19326
  2 42 -0.874025
  3 42 -0.799147
  4 42 -0.711651
  5 42 -1.16888
  6 42 -0.198598
  7 42 -0.230397
  8 42 0.665924
  9 42 -0.417205
  10 42 0.821648
  11 42 0.524181
  12 42 0.399268
  13 42 0.0165954
  14 42 -0.715883
  15 42 -1.39357
  16 42 0.146143
  17 42 -0.044477
  18 42 1.85269
  19 42 -0.144388
  20 42 -1.01889
9400 20 840
  1 42 -0.900951
  2 42 -0.693589
  3 42 -0.416173
  4 42 -0.787687
  5 42 -0.308501
  6 42 -0.586277
  7 42 -0.0808127
  8 42 0.58346
  9 42 -1.85945
  10 42 -0.240627
  11 42 -1.43323
  12 42 0.533544
  13 42 -0.789883
  14 42 -0.716705
  15 42 0.153202
  16 42 0.567968
  17 42 0.123302
  18 42 -0.179382
  19 42 -1.508
  20 42 -0.500205
9500 20 840
  1 42 -1.54523
  2 42 -1.08461
  3 42 -2.65059
  4 42 -0.366785
  5 42 -0.08208
  6 42 0.362955
  7 42 -0.353485
  8 42 -0.142344
  9 42 -0.237983
  10 42 0.25285
  11 42 -0.229055
  12 42 -0.103619
  13 42 -0.0742532
  14 42 -0.391983
  15 42 -1.38184
  16 42 -0.162704
  17 42 1.37884
  18 42 -0.869703
  19 42 -1.70774
  20 42 -1.00042
9600 20 840
  1 42 -0.793651
  2 42 0.342596
  3 42 0.993381
  4 42 -0.214153
  5 42 1.06016
  6 42 0.88865
  7 42 -0.242823
  8 42 -0.0652861
  9 42 0.171221
  10 42 -0.837648
  11 42 -0.54935
  12 42 -1.16757
  13 42 -0.968843
  14 42 -0.120351
  15 42 -0.0204555
  16 42 -0.550682
  17 42 -0.220264
  18 42 -0.633917
  19 42 1.24447
  20 42 -0.221334
9700 20 840
  1 42 -1.43605
  2 42 0.0312679
  3 42 2.69171
  4 42 0.512626
  5 42 0.756263
  6 42 -0.998112
  7 42 -0.40384
  8 42 0.911808
  9 42 0.666307
  10 42 0.478451
  11 42 -0.197014
  12 42 -1.17004
  13 42 -0.120997
  14 42 -0.881583
  15 42 -0.193694
  16 42 -0.978744
  17 42 0.307397
  18 42 -1.27848
  19 42 2.27594
  20 42 -0.371686
9800 20 840
  1 42 -0.449223
  2 42 -1.12822
  3 42 0.883667
  4 42 -0.263961
  5 42 -0.768947
  6 42 -0.70306
  7 42 -0.370891
  8 42 -0.00509575
  9 42 -0.350106
  10 42 2.33304
  11 42 -0.0243911
  12 42 0.247086
  13 42 0.302282
  14 42 0.502596
  15 42 -1.22513
  16 42 0.00177362
  17 42 -1.24743
  18 42 -0.12221
  19 42 1.91409
  20 42 0.681268
9900 20 840
  1 42 -0.280793
  2 42 -0.741532
  3 42 1.00999
  4 42 -0.132297
  5 42 0.879614
  6 42 -0.621754
  7 42 0.307606
  8 42 -0.0961094
  9 42 0.506765
  10 42 -0.188561
  11 42 -0.0892076
  12 42 0.44503
  13 42 0.397512
  14 42 -0.0260662
  15 42 -0.0843384
  16 42 0.0405213
  17 42 0.57874
  18 42 0.217586
  19 42 0.176059
  20 42 -0.087044
10000 20 840
  1 42 -0.128399
  2 42 -0.288303
  3 42 0.659838
  4 42 0.198422
  5 42 0.830035
  6 42 -0.137966
  7 42 -1.29524
  8 42 -0.846641
  9 42 1.18898
  10 42 -0.429902
  11 42 0.889157
  12 42 -0.338168
  13 42 -0.313425
  14 42 0.163926
  15 42 -0.743547
  16 42 -0.181587
  17 42 -1.18371
  18 42 0.319631
  19 42 -1.20586
  20 42 -1.18625
