# Molecule File for Single Filament of Beta Spectrin Before Minimization of Prototype Model
# This is a molecule template file; coeffs are not defined here
32 atoms
31 bonds # For any chain that has 0 closed loops, the # of bonds is always equal to # of atoms - 1
30 angles # For any open linear chain, the # of angles is always equal to max(0, # of atoms - 2)
0 dihedrals # CGTools cannot parameterize dihedrals - and as long as we have both bond and angles, dihedrals are unimportant 
0 impropers # Because this is a linear chain, there cannot be any improper dihedral angles


# The line immediately succeeding the keyword of any section is always skipped

Coords
# Define the coordinates of each atom in a molecule
1	0	0	0
2	7.593294799	27.75501834	16.2038058
3	23.61192903	5.956459987	16.11416646
4	25.87034377	28.33501272	14.51498915
5	7.725109888	7.461989652	12.2110556
6	5.724592221	5.904340972	11.48432582
7	10.07916162	22.56539007	16.36295998
8	22.1667115	1.104688445	18.66498895
9	0.455478163	8.686962191	1.568895999
10	5.145743774	4.808827051	17.57993591
11	13.86660615	21.49592225	4.355978748
12	9.223750437	22.66373656	19.2720745
13	3.339112043	10.80143442	11.30500882
14	20.42055482	2.688754012	17.67530855
15	4.689162097	21.31417092	22.29758429
16	23.5351676	21.76342135	17.34087289
17	27.2325668	24.83779427	13.52319844
18	20.1418461	17.21943979	22.43595886
19	13.8890054	14.79140523	3.207536213
20	23.87333511	23.93529386	23.43950238
21	17.07454464	27.94893333	16.70638127
22	23.83399582	13.92720406	14.8427128
23	19.88719184	25.56649095	11.14735593
24	7.737382112	24.68704378	11.40982151
25	24.13244905	9.839718264	20.39356267
26	13.877029	9.058932108	17.24614089
27	4.839330748	16.68512612	22.70746767
28	13.85261207	13.69133358	8.727323834
29	3.01983514	13.33274281	1.906413728
30	12.19058684	19.00615844	13.37292233
31	19.94133504	18.7639963	12.19015648
32	0	0	0


Types
# Define the atom type of each atom in molecule
1	1
2	2
3	3
4	4
5	5
6	6
7	7
8	8
9	9
10	10
11	11
12	12
13	13
14	14
15	15
16	16
17	17
18	18
19	19
20	20
21	21
22	22
23	23
24	24
25	25
26	26
27	27
28	28
29	29
30	30
31	31
32	32


Molecules
# What molecule ID should each atom defined in this template belong to
1   1
2   1
3   1
4   1
5   1
6   1
7   1
8   1
9   1
10  1
11  1
12  1
13  1
14  1
15  1
16  1
17  1
18  1
19  1
20  1
21  1
22  1
23  1
24  1
25  1
26  1
27  1
28  1
29  1
30  1
31  1
32  1


Bonds
# Define Bonds
1	1	1	2
2	2	2	3
3	3	3	4
4	4	4	5
5	5	5	6
6	6	6	7
7	7	7	8
8	8	8	9
9	9	9	10
10	10	10	11
11	11	11	12
12	12	12	13
13	13	13	14
14	14	14	15
15	15	15	16
16	16	16	17
17	17	17	18
18	18	18	19
19	19	19	20
20	20	20	21
21	21	21	22
22	22	22	23
23	23	23	24
24	24	24	25
25	25	25	26
26	26	26	27
27	27	27	28
28	28	28	29
29	29	29	30
30	30	30	31
31	31	31	32


Angles
# Define Angles
1	1	1	2	3
2	2	2	3	4
3	3	3	4	5
4	4	4	5	6
5	5	5	6	7
6	6	6	7	8
7	7	7	8	9
8	8	8	9	10
9	9	9	10	11
10	10	10	11	12
11	11	11	12	13
12	12	12	13	14
13	13	13	14	15
14	14	14	15	16
15	15	15	16	17
16	16	16	17	18
17	17	17	18	19
18	18	18	19	20
19	19	19	20	21
20	20	20	21	22
21	21	21	22	23
22	22	22	23	24
23	23	23	24	25
24	24	24	25	26
25	25	25	26	27
26	26	26	27	28
27	27	27	28	29
28	28	28	29	30
29	29	29	30	31
30	30	30	31	32
