# Molecule File for Single Filament of Alpha Spectrin Before Minimization of Prototype Model
# This is a molecule template file; coeffs are not defined here
42 atoms
41 bonds # For any chain that has 0 closed loops, the # of bonds is always equal to # of atoms - 1
40 angles # For any open linear chain, the # of angles is always equal to max(0, # of atoms - 2)
0 dihedrals # CGTools cannot parameterize dihedrals - and as long as we have both bond and angles, dihedrals are unimportant 
0 impropers # Because this is a linear chain, there cannot be any improper dihedral angles


# The line immediately succeeding the keyword of any section is always skipped

Coords
# Define the coordinates of each atom in a molecule
1	0	0	0
2	19.87878858	22.98225226	4.879234913
3	10.52161927	14.11152965	20.37187658
4	4.589077198	18.2764411	20.72645091
5	7.065953015	8.577491554	8.886286471
6	4.548581432	17.17284722	7.330291965
7	23.42408564	24.72307396	19.73747837
8	2.547196118	0.484711256	12.99280642
9	0.387505205	7.832249096	26.73945188
10	20.94522115	1.735351879	19.3091456
11	24.97414379	11.46409205	17.72248665
12	20.18214401	2.27252921	4.224931337
13	9.365490245	13.64317313	13.45795835
14	10.894458	20.91985619	21.72058792
15	14.39980425	7.749445594	24.67375002
16	10.78299317	5.699669098	24.23111847
17	21.41580375	13.45130737	12.7475865
18	21.80477473	21.17174789	13.68924476
19	15.10424736	24.79967211	4.54582803
20	5.71384099	1.491998234	19.17976349
21	12.91370772	22.44964258	13.19086018
22	23.48442184	11.30054252	15.12168432
23	16.33008612	14.54055772	0.988298928
24	19.07265878	26.12530733	13.07182813
25	17.09784218	7.502065499	15.00247822
26	2.784172926	23.99068892	19.21016158
27	26.14976462	16.12616213	15.086863
28	7.119978028	25.44152627	12.89328042
29	27.06968172	1.92203808	8.011853951
30	14.35386947	15.53629013	25.40886213
31	23.93937837	10.40301395	5.081935561
32	6.899707555	4.683892177	15.82743791
33	23.27873085	18.53142685	11.52436293
34	9.546467899	3.375321838	11.25942734
35	11.72296977	24.83408198	3.35951194
36	9.698814482	7.960393436	18.05717764
37	8.046889026	24.59503532	13.869313
38	9.98130994	21.59390334	10.53512333
39	11.16856184	4.622766624	4.06664137
40	12.71138014	22.57895244	12.64572371
41	19.88863264	26.88618821	10.13964332
42	0	0	0

Types
# Define the atom type of each atom in molecule
1	1
2	2
3	3
4	4
5	5
6	6
7	7
8	8
9	9
10	10
11	11
12	12
13	13
14	14
15	15
16	16
17	17
18	18
19	19
20	20
21	21
22	22
23	23
24	24
25	25
26	26
27	27
28	28
29	29
30	30
31	31
32	32
33	33
34	34
35	35
36	36
37	37
38	38
39	39
40	40
41	41
42	42

Molecules
# What molecule ID should each atom defined in this template belong to
1   1
2   1
3   1
4   1
5   1
6   1
7   1
8   1
9   1
10  1
11  1
12  1
13  1
14  1
15  1
16  1
17  1
18  1
19  1
20  1
21  1
22  1
23  1
24  1
25  1
26  1
27  1
28  1
29  1
30  1
31  1
32  1
33  1
34  1
35  1
36  1
37  1
38  1
39  1
40  1
41  1
42  1

Bonds
# Define Bonds
1	1	1	2
2	2	2	3
3	3	3	4
4	4	4	5
5	5	5	6
6	6	6	7
7	7	7	8
8	8	8	9
9	9	9	10
10	10	10	11
11	11	11	12
12	12	12	13
13	13	13	14
14	14	14	15
15	15	15	16
16	16	16	17
17	17	17	18
18	18	18	19
19	19	19	20
20	20	20	21
21	21	21	22
22	22	22	23
23	23	23	24
24	24	24	25
25	25	25	26
26	26	26	27
27	27	27	28
28	28	28	29
29	29	29	30
30	30	30	31
31	31	31	32
32	32	32	33
33	33	33	34
34	34	34	35
35	35	35	36
36	36	36	37
37	37	37	38
38	38	38	39
39	39	39	40
40	40	40	41
41	41	41	42

Angles
# Define Angles
1	1	1	2	3
2	2	2	3	4
3	3	3	4	5
4	4	4	5	6
5	5	5	6	7
6	6	6	7	8
7	7	7	8	9
8	8	8	9	10
9	9	9	10	11
10	10	10	11	12
11	11	11	12	13
12	12	12	13	14
13	13	13	14	15
14	14	14	15	16
15	15	15	16	17
16	16	16	17	18
17	17	17	18	19
18	18	18	19	20
19	19	19	20	21
20	20	20	21	22
21	21	21	22	23
22	22	22	23	24
23	23	23	24	25
24	24	24	25	26
25	25	25	26	27
26	26	26	27	28
27	27	27	28	29
28	28	28	29	30
29	29	29	30	31
30	30	30	31	32
31	31	31	32	33
32	32	32	33	34
33	33	33	34	35
34	34	34	35	36
35	35	35	36	37
36	36	36	37	38
37	37	37	38	39
38	38	38	39	40
39	39	39	40	41
40	40	40	41	42

